0 0.42788461538461536 0.8473557692307693 0.057692307692307696 0.04326923076923077
3 0.28966346153846156 0.46875 0.05048076923076923 0.040865384615384616
3 0.3581730769230769 0.8509615384615384 0.04567307692307692 0.036057692307692304
2 0.23918269230769232 0.18389423076923078 0.1346153846153846 0.08173076923076923
2 0.23677884615384615 0.4699519230769231 0.04326923076923077 0.03365384615384615
3 0.4026442307692308 0.1814903846153846 0.17307692307692307 0.09134615384615384
4 0.30649038461538464 0.8581730769230769 0.04567307692307692 0.03125
0 0.31971153846153844 0.6334134615384616 0.019230769230769232 0.016826923076923076
0 0.3173076923076923 0.3125 0.028846153846153848 0.02403846153846154
6 0.15384615384615385 0.7091346153846154 0.052884615384615384 0.03365384615384615
0 0.35216346153846156 0.7884615384615384 0.019230769230769232 0.019230769230769232