3 0.6370192307692307 0.24519230769230768 0.03125 0.028846153846153848
0 0.5925480769230769 0.23076923076923078 0.03125 0.028846153846153848
0 0.6526442307692307 0.44591346153846156 0.016826923076923076 0.014423076923076924
2 0.7151442307692307 0.59375 0.10096153846153846 0.019230769230769232
0 0.6358173076923077 0.30288461538461536 0.016826923076923076 0.01201923076923077
0 0.6526442307692307 0.3473557692307692 0.016826923076923076 0.009615384615384616
0 0.6923076923076923 0.11057692307692307 0.019230769230769232 0.01201923076923077
3 0.5973557692307693 0.5949519230769231 0.10096153846153846 0.016826923076923076
4 0.6778846153846154 0.24158653846153846 0.03365384615384615 0.026442307692307692
1 0.4483173076923077 0.04567307692307692 0.3317307692307692 0.09134615384615384
0 0.6442307692307693 0.2956730769230769 0.019230769230769232 0.01201923076923077
0 0.6454326923076923 0.31971153846153844 0.016826923076923076 0.007211538461538462
3 0.6670673076923077 0.37740384615384615 0.019230769230769232 0.014423076923076924
1 0.6682692307692307 0.484375 0.05048076923076923 0.04807692307692308