0 0.6262019230769231 0.43028846153846156 0.10576923076923077 0.1346153846153846
0 0.34375 0.6081730769230769 0.028846153846153848 0.03365384615384615
0 0.6646634615384616 0.6057692307692307 0.026442307692307692 0.03365384615384615
3 0.38461538461538464 0.5901442307692307 0.057692307692307696 0.016826923076923076
0 0.44591346153846156 0.6322115384615384 0.019230769230769232 0.02403846153846154
0 0.5745192307692307 0.6442307692307693 0.014423076923076924 0.019230769230769232
0 0.6658653846153846 0.6370192307692307 0.016826923076923076 0.019230769230769232
0 0.71875 0.7091346153846154 0.01201923076923077 0.019230769230769232
0 0.7932692307692307 0.734375 0.02403846153846154 0.028846153846153848
0 0.8870192307692307 0.5637019230769231 0.028846153846153848 0.038461538461538464
0 0.7199519230769231 0.6310096153846154 0.01201923076923077 0.019230769230769232
0 0.8329326923076923 0.5901442307692307 0.02403846153846154 0.03365384615384615
3 0.9603365384615384 0.49399038461538464 0.07451923076923077 0.036057692307692304