0 0.5336538461538461 0.5180288461538461 0.07211538461538461 0.09134615384615384
0 0.8653846153846154 0.5492788461538461 0.0673076923076923 0.09375
3 0.27524038461538464 0.3762019230769231 0.05048076923076923 0.0673076923076923
0 0.9194711538461539 0.47836538461538464 0.028846153846153848 0.04807692307692308
6 0.6694711538461539 0.12860576923076922 0.052884615384615384 0.07451923076923077
3 0.7932692307692307 0.39903846153846156 0.040865384615384616 0.06490384615384616
4 0.7956730769230769 0.3317307692307692 0.038461538461538464 0.057692307692307696
2 0.27403846153846156 0.2932692307692308 0.052884615384615384 0.07211538461538461
0 0.5240384615384616 0.4026442307692308 0.02403846153846154 0.03125
0 0.4567307692307692 0.39903846153846156 0.02403846153846154 0.03125
3 0.765625 0.4074519230769231 0.02403846153846154 0.06490384615384616
1 0.9783653846153846 0.453125 0.038461538461538464 0.09375