0 0.5096153846153846 0.3485576923076923 0.08173076923076923 0.0673076923076923
2 0.2932692307692308 0.4411057692307692 0.09134615384615384 0.040865384615384616
2 0.33774038461538464 0.2956730769230769 0.03365384615384615 0.028846153846153848
3 0.39903846153846156 0.4338942307692308 0.09615384615384616 0.04326923076923077
3 0.3870192307692308 0.2956730769230769 0.038461538461538464 0.03125
0 0.41586538461538464 0.203125 0.019230769230769232 0.014423076923076924
0 0.4206730769230769 0.5300480769230769 0.038461538461538464 0.019230769230769232
0 0.41947115384615385 0.71875 0.028846153846153848 0.03125
0 0.41947115384615385 0.7512019230769231 0.019230769230769232 0.016826923076923076
3 0.4411057692307692 0.019230769230769232 0.04567307692307692 0.028846153846153848
1 0.44591346153846156 0.10336538461538461 0.10576923076923077 0.1201923076923077
0 0.4050480769230769 0.5805288461538461 0.028846153846153848 0.02403846153846154
6 0.2956730769230769 0.13221153846153846 0.04326923076923077 0.02403846153846154
4 0.3942307692307692 0.016826923076923076 0.04326923076923077 0.028846153846153848
0 0.40384615384615385 0.8269230769230769 0.019230769230769232 0.02403846153846154