0 0.5841346153846154 0.5901442307692307 0.03125 0.038461538461538464
0 0.4375 0.6213942307692307 0.021634615384615384 0.03365384615384615
3 0.28846153846153844 0.6346153846153846 0.026442307692307692 0.03365384615384615
3 0.640625 0.6298076923076923 0.021634615384615384 0.0673076923076923
3 0.7896634615384616 0.5108173076923077 0.09134615384615384 0.03365384615384615
6 0.4254807692307692 0.7247596153846154 0.014423076923076924 0.019230769230769232
0 0.06009615384615385 0.5324519230769231 0.03365384615384615 0.038461538461538464
0 0.2247596153846154 0.6021634615384616 0.019230769230769232 0.021634615384615384
4 0.640625 0.7019230769230769 0.019230769230769232 0.0625
0 0.6069711538461539 0.6237980769230769 0.019230769230769232 0.019230769230769232
2 0.28966346153846156 0.6730769230769231 0.02403846153846154 0.03365384615384615