0 0.9447115384615384 0.3762019230769231 0.0985576923076923 0.1778846153846154
0 0.3954326923076923 0.3473557692307692 0.16346153846153846 0.2644230769230769
0 0.2247596153846154 0.5456730769230769 0.0673076923076923 0.10576923076923077
0 0.10576923076923077 0.5901442307692307 0.038461538461538464 0.0625
3 0.078125 0.6490384615384616 0.04326923076923077 0.08413461538461539
2 0.07451923076923077 0.7487980769230769 0.038461538461538464 0.07692307692307693
3 0.7776442307692307 0.6742788461538461 0.04326923076923077 0.11057692307692307
4 0.7836538461538461 0.796875 0.038461538461538464 0.09615384615384616
4 0.03245192307692308 0.7379807692307693 0.026442307692307692 0.07211538461538461
0 0.6117788461538461 0.6526442307692307 0.04567307692307692 0.052884615384615384
0 0.21634615384615385 0.6526442307692307 0.03125 0.038461538461538464
3 0.8365384615384616 0.6730769230769231 0.0625 0.11778846153846154
3 0.038461538461538464 0.6466346153846154 0.03125 0.0889423076923077
3 0.30288461538461536 0.5745192307692307 0.10096153846153846 0.038461538461538464
2 0.8413461538461539 0.7824519230769231 0.057692307692307696 0.10096153846153846
0 0.7908653846153846 0.8834134615384616 0.052884615384615384 0.05048076923076923
0 0.15504807692307693 0.6478365384615384 0.026442307692307692 0.028846153846153848