0 0.49399038461538464 0.8425480769230769 0.07451923076923077 0.057692307692307696
0 0.5180288461538461 0.8004807692307693 0.06009615384615385 0.04567307692307692
0 0.5432692307692307 0.4495192307692308 0.0625 0.055288461538461536
0 0.5925480769230769 0.5925480769230769 0.03365384615384615 0.028846153846153848
0 0.5961538461538461 0.7704326923076923 0.019230769230769232 0.014423076923076924
0 0.6069711538461539 0.6213942307692307 0.03365384615384615 0.02403846153846154
0 0.6129807692307693 0.5576923076923077 0.019230769230769232 0.021634615384615384
0 0.6189903846153846 0.53125 0.016826923076923076 0.014423076923076924
2 0.6790865384615384 0.53125 0.028846153846153848 0.021634615384615384
3 0.6442307692307693 0.5300480769230769 0.028846153846153848 0.019230769230769232
3 0.6262019230769231 0.765625 0.03125 0.021634615384615384
3 0.6358173076923077 0.4519230769230769 0.0625 0.021634615384615384
0 0.5276442307692307 0.9903846153846154 0.038461538461538464 0.016826923076923076
0 0.5661057692307693 0.9447115384615384 0.019230769230769232 0.014423076923076924
0 0.6057692307692307 0.3786057692307692 0.02403846153846154 0.026442307692307692
4 0.6598557692307693 0.765625 0.03125 0.021634615384615384
2 0.7007211538461539 0.44591346153846156 0.052884615384615384 0.016826923076923076
3 0.5144230769230769 0.9182692307692307 0.019230769230769232 0.0625