0 0.14423076923076922 0.609375 0.026442307692307692 0.03125
0 0.08413461538461539 0.5649038461538461 0.028846153846153848 0.04567307692307692
2 0.7259615384615384 0.734375 0.02403846153846154 0.03365384615384615
3 0.7259615384615384 0.6887019230769231 0.026442307692307692 0.03125
0 0.484375 0.6394230769230769 0.03125 0.04567307692307692
0 0.04447115384615385 0.5829326923076923 0.016826923076923076 0.02403846153846154
3 0.2764423076923077 0.6550480769230769 0.036057692307692304 0.07211538461538461
0 0.17908653846153846 0.5901442307692307 0.036057692307692304 0.05048076923076923
1 0.09615384615384616 0.6454326923076923 0.0673076923076923 0.038461538461538464
4 0.27163461538461536 0.7295673076923077 0.03365384615384615 0.0673076923076923
2 0.7980769230769231 0.7608173076923077 0.02403846153846154 0.07451923076923077
2 0.43149038461538464 0.7427884615384616 0.014423076923076924 0.03125
3 0.43028846153846156 0.6971153846153846 0.014423076923076924 0.03365384615384615
0 0.5480769230769231 0.6622596153846154 0.02403846153846154 0.03365384615384615
0 0.5168269230769231 0.6862980769230769 0.014423076923076924 0.014423076923076924
0 0.4855769230769231 0.6838942307692307 0.01201923076923077 0.019230769230769232
0 0.7740384615384616 0.6742788461538461 0.014423076923076924 0.02403846153846154
6 0.546875 0.7932692307692307 0.019230769230769232 0.028846153846153848