3 0.9579326923076923 0.5216346153846154 0.07692307692307693 0.18509615384615385
0 0.8725961538461539 0.25841346153846156 0.12980769230769232 0.19230769230769232
0 0.16105769230769232 0.4098557692307692 0.08653846153846154 0.09615384615384616
0 0.11778846153846154 0.53125 0.026442307692307692 0.03365384615384615
0 0.2512019230769231 0.5841346153846154 0.014423076923076924 0.019230769230769232
2 0.9699519230769231 0.7007211538461539 0.052884615384615384 0.14423076923076922
2 0.7067307692307693 0.6706730769230769 0.028846153846153848 0.04567307692307692
3 0.7091346153846154 0.609375 0.040865384615384616 0.052884615384615384
3 0.7620192307692307 0.5300480769230769 0.0625 0.019230769230769232
1 0.4495192307692308 0.5889423076923077 0.16346153846153846 0.1346153846153846
0 0.5877403846153846 0.5973557692307693 0.016826923076923076 0.02403846153846154
3 0.35336538461538464 0.6105769230769231 0.03125 0.05048076923076923
4 0.3545673076923077 0.6646634615384616 0.03365384615384615 0.038461538461538464
0 0.10576923076923077 0.5516826923076923 0.014423076923076924 0.019230769230769232
3 0.6274038461538461 0.6346153846153846 0.014423076923076924 0.019230769230769232
0 0.75 0.6694711538461539 0.01201923076923077 0.019230769230769232