0 0.20192307692307693 0.5552884615384616 0.052884615384615384 0.08653846153846154
0 0.32091346153846156 0.6057692307692307 0.055288461538461536 0.0673076923076923
0 0.35336538461538464 0.859375 0.04326923076923077 0.04326923076923077
0 0.6947115384615384 0.6694711538461539 0.02403846153846154 0.03125
0 0.8942307692307693 0.6310096153846154 0.02403846153846154 0.03365384615384615
0 0.9615384615384616 0.6105769230769231 0.02403846153846154 0.038461538461538464
0 0.9447115384615384 0.6286057692307693 0.016826923076923076 0.02403846153846154
0 0.984375 0.5721153846153846 0.028846153846153848 0.052884615384615384
3 0.8365384615384616 0.6694711538461539 0.021634615384615384 0.04326923076923077
3 0.05889423076923077 0.27163461538461536 0.11298076923076923 0.17307692307692307
4 0.8413461538461539 0.7271634615384616 0.016826923076923076 0.04567307692307692
0 0.6213942307692307 0.6995192307692307 0.014423076923076924 0.019230769230769232
0 0.6706730769230769 0.6947115384615384 0.014423076923076924 0.019230769230769232
6 0.6490384615384616 0.7848557692307693 0.014423076923076924 0.02403846153846154