0 0.8677884615384616 0.5420673076923077 0.03365384615384615 0.038461538461538464
3 0.4206730769230769 0.5048076923076923 0.09615384615384616 0.028846153846153848
0 0.6286057692307693 0.5120192307692307 0.055288461538461536 0.0673076923076923
0 0.4206730769230769 0.5504807692307693 0.03365384615384615 0.04807692307692308
3 0.9615384615384616 0.5637019230769231 0.009615384615384616 0.03365384615384615
3 0.9074519230769231 0.5925480769230769 0.021634615384615384 0.03125
2 0.9074519230769231 0.6262019230769231 0.019230769230769232 0.028846153846153848
3 0.7067307692307693 0.6225961538461539 0.019230769230769232 0.028846153846153848
0 0.34134615384615385 0.5673076923076923 0.026442307692307692 0.03125
0 0.01201923076923077 0.5036057692307693 0.021634615384615384 0.03365384615384615
0 0.9903846153846154 0.5192307692307693 0.014423076923076924 0.03365384615384615
2 0.9651442307692307 0.6237980769230769 0.014423076923076924 0.04807692307692308
5 0.7079326923076923 0.6550480769230769 0.021634615384615384 0.028846153846153848
0 0.6081730769230769 0.5769230769230769 0.026442307692307692 0.028846153846153848
0 0.46634615384615385 0.5829326923076923 0.019230769230769232 0.028846153846153848
0 0.6141826923076923 0.7163461538461539 0.019230769230769232 0.019230769230769232
0 0.390625 0.5829326923076923 0.014423076923076924 0.019230769230769232
0 0.37259615384615385 0.5853365384615384 0.009615384615384616 0.019230769230769232