0 0.6394230769230769 0.4050480769230769 0.05048076923076923 0.038461538461538464
0 0.6394230769230769 0.7115384615384616 0.05048076923076923 0.04567307692307692
3 0.6081730769230769 0.6598557692307693 0.028846153846153848 0.0985576923076923
0 0.48197115384615385 0.96875 0.11057692307692307 0.052884615384615384
0 0.6838942307692307 0.6454326923076923 0.028846153846153848 0.014423076923076924
0 0.6923076923076923 0.6658653846153846 0.02403846153846154 0.019230769230769232
0 0.6887019230769231 0.7524038461538461 0.019230769230769232 0.016826923076923076
5 0.7355769230769231 0.22235576923076922 0.04326923076923077 0.014423076923076924
5 0.7367788461538461 0.2848557692307692 0.028846153846153848 0.019230769230769232
3 0.6862980769230769 0.2247596153846154 0.04326923076923077 0.014423076923076924
3 0.7043269230769231 0.28725961538461536 0.028846153846153848 0.021634615384615384
2 0.7536057692307693 0.5108173076923077 0.028846153846153848 0.021634615384615384
3 0.7223557692307693 0.5120192307692307 0.02403846153846154 0.02403846153846154
1 0.46634615384615385 0.11778846153846154 0.41346153846153844 0.22355769230769232
0 0.703125 0.6959134615384616 0.019230769230769232 0.014423076923076924
0 0.6923076923076923 0.8149038461538461 0.019230769230769232 0.014423076923076924
0 0.6875 0.8629807692307693 0.016826923076923076 0.014423076923076924
0 0.6826923076923077 0.24158653846153846 0.019230769230769232 0.014423076923076924