3 0.3641826923076923 0.28966346153846156 0.028846153846153848 0.02403846153846154
3 0.3713942307692308 0.6418269230769231 0.07211538461538461 0.019230769230769232
2 0.3269230769230769 0.28846153846153844 0.03365384615384615 0.02403846153846154
0 0.38100961538461536 0.43990384615384615 0.02403846153846154 0.02403846153846154
4 0.2956730769230769 0.6394230769230769 0.0625 0.014423076923076924
0 0.4723557692307692 0.05889423076923077 0.03365384615384615 0.02403846153846154
0 0.4098557692307692 0.5865384615384616 0.04326923076923077 0.028846153846153848
3 0.49158653846153844 0.7836538461538461 0.04326923076923077 0.10096153846153846
6 0.27283653846153844 0.4230769230769231 0.019230769230769232 0.014423076923076924
0 0.4026442307692308 0.2247596153846154 0.02403846153846154 0.019230769230769232
0 0.3762019230769231 0.6045673076923077 0.019230769230769232 0.019230769230769232
0 0.4230769230769231 0.06971153846153846 0.016826923076923076 0.01201923076923077