0 0.5697115384615384 0.3737980769230769 0.1346153846153846 0.10576923076923077
0 0.3918269230769231 0.65625 0.03365384615384615 0.028846153846153848
0 0.3942307692307692 0.33533653846153844 0.03365384615384615 0.026442307692307692
3 0.4098557692307692 0.6153846153846154 0.016826923076923076 0.057692307692307696
0 0.36778846153846156 0.5540865384615384 0.02403846153846154 0.019230769230769232
0 0.3557692307692308 0.4254807692307692 0.019230769230769232 0.014423076923076924
0 0.3629807692307692 0.33413461538461536 0.019230769230769232 0.016826923076923076
0 0.29086538461538464 0.28125 0.019230769230769232 0.01201923076923077
0 0.265625 0.20673076923076922 0.028846153846153848 0.02403846153846154
0 0.4362980769230769 0.11298076923076923 0.038461538461538464 0.028846153846153848
0 0.36899038461538464 0.2800480769230769 0.019230769230769232 0.01201923076923077
0 0.4098557692307692 0.16706730769230768 0.03365384615384615 0.02403846153846154
3 0.5072115384615384 0.039663461538461536 0.038461538461538464 0.07451923076923077