1 0.5108173076923077 0.12259615384615384 0.28846153846153844 0.24278846153846154
3 0.3641826923076923 0.6646634615384616 0.07932692307692307 0.057692307692307696
3 0.3786057692307692 0.6177884615384616 0.07692307692307693 0.019230769230769232
2 0.2776442307692308 0.6646634615384616 0.07451923076923077 0.052884615384615384
0 0.4254807692307692 0.8689903846153846 0.028846153846153848 0.028846153846153848
0 0.3870192307692308 0.25961538461538464 0.019230769230769232 0.014423076923076924
0 0.3762019230769231 0.3076923076923077 0.014423076923076924 0.014423076923076924
4 0.2932692307692308 0.6177884615384616 0.07211538461538461 0.019230769230769232
0 0.4519230769230769 0.9651442307692307 0.03365384615384615 0.021634615384615384
0 0.3762019230769231 0.4411057692307692 0.02403846153846154 0.014423076923076924
0 0.3786057692307692 0.5925480769230769 0.028846153846153848 0.014423076923076924
0 0.28725961538461536 0.15264423076923078 0.1201923076923077 0.07932692307692307
0 0.38221153846153844 0.24158653846153846 0.019230769230769232 0.014423076923076924
0 0.41225961538461536 0.8978365384615384 0.019230769230769232 0.014423076923076924
6 0.08413461538461539 0.1622596153846154 0.10576923076923077 0.0673076923076923