0 0.4495192307692308 0.5649038461538461 0.06490384615384616 0.04807692307692308
0 0.5649038461538461 0.056490384615384616 0.08653846153846154 0.04807692307692308
0 0.59375 0.030048076923076924 0.09615384615384616 0.057692307692307696
1 0.3737980769230769 0.375 0.052884615384615384 0.0673076923076923
0 0.40865384615384615 0.20432692307692307 0.02403846153846154 0.016826923076923076
0 0.34375 0.375 0.016826923076923076 0.02403846153846154
0 0.38100961538461536 0.2800480769230769 0.019230769230769232 0.014423076923076924
0 0.39783653846153844 0.6129807692307693 0.028846153846153848 0.028846153846153848
0 0.6610576923076923 0.01201923076923077 0.10576923076923077 0.019230769230769232
0 0.3870192307692308 0.5396634615384616 0.019230769230769232 0.019230769230769232
3 0.4411057692307692 0.6802884615384616 0.019230769230769232 0.07211538461538461
6 0.30649038461538464 0.29086538461538464 0.01201923076923077 0.01201923076923077
0 0.3713942307692308 0.4338942307692308 0.016826923076923076 0.009615384615384616
0 0.3894230769230769 0.7752403846153846 0.016826923076923076 0.009615384615384616