3 0.3245192307692308 0.19951923076923078 0.06490384615384616 0.04807692307692308
0 0.41225961538461536 0.052884615384615384 0.0625 0.04567307692307692
0 0.39663461538461536 0.5264423076923077 0.0673076923076923 0.057692307692307696
0 0.38822115384615385 0.8028846153846154 0.04807692307692308 0.03125
0 0.38100961538461536 0.7644230769230769 0.04326923076923077 0.02403846153846154
3 0.33653846153846156 0.7271634615384616 0.07211538461538461 0.028846153846153848
2 0.25841346153846156 0.7295673076923077 0.0673076923076923 0.03125
0 0.3173076923076923 0.6165865384615384 0.019230769230769232 0.014423076923076924
0 0.3125 0.5841346153846154 0.019230769230769232 0.014423076923076924
2 0.24519230769230768 0.203125 0.06490384615384616 0.04807692307692308
0 0.43028846153846156 0.9507211538461539 0.052884615384615384 0.03365384615384615
0 0.30528846153846156 0.5625 0.019230769230769232 0.01201923076923077
0 0.30288461538461536 0.5348557692307693 0.019230769230769232 0.009615384615384616
0 0.359375 0.14423076923076922 0.03365384615384615 0.03125
0 0.3473557692307692 0.4831730769230769 0.038461538461538464 0.038461538461538464
0 0.3449519230769231 0.6959134615384616 0.028846153846153848 0.019230769230769232
6 0.08653846153846154 0.5120192307692307 0.09615384615384616 0.04807692307692308