0 0.5432692307692307 0.6610576923076923 0.09615384615384616 0.07211538461538461
0 0.6526442307692307 0.5300480769230769 0.038461538461538464 0.03365384615384615
0 0.6622596153846154 0.5985576923076923 0.028846153846153848 0.02403846153846154
1 0.5949519230769231 0.9314903846153846 0.15865384615384615 0.13221153846153846
0 0.6838942307692307 0.3112980769230769 0.019230769230769232 0.014423076923076924
3 0.6850961538461539 0.734375 0.028846153846153848 0.021634615384615384
0 0.7800480769230769 0.4495192307692308 0.019230769230769232 0.016826923076923076
0 0.6923076923076923 0.5769230769230769 0.019230769230769232 0.01201923076923077
0 0.6730769230769231 0.7848557692307693 0.016826923076923076 0.01201923076923077
0 0.6670673076923077 0.8064903846153846 0.016826923076923076 0.014423076923076924
0 0.6802884615384616 0.7644230769230769 0.019230769230769232 0.01201923076923077
0 0.6838942307692307 0.26802884615384615 0.019230769230769232 0.014423076923076924