0 0.3762019230769231 0.055288461538461536 0.1778846153846154 0.0985576923076923
0 0.3473557692307692 0.6045673076923077 0.2644230769230769 0.16346153846153846
0 0.5456730769230769 0.7752403846153846 0.10576923076923077 0.0673076923076923
0 0.5901442307692307 0.8942307692307693 0.0625 0.038461538461538464
3 0.6490384615384616 0.921875 0.08653846153846154 0.04326923076923077
2 0.7487980769230769 0.9254807692307693 0.07692307692307693 0.038461538461538464
3 0.6742788461538461 0.22235576923076922 0.11057692307692307 0.04326923076923077
4 0.796875 0.21634615384615385 0.09615384615384616 0.038461538461538464
4 0.7379807692307693 0.9675480769230769 0.07211538461538461 0.026442307692307692
0 0.6526442307692307 0.38822115384615385 0.052884615384615384 0.04567307692307692
0 0.6526442307692307 0.7836538461538461 0.038461538461538464 0.028846153846153848
3 0.6730769230769231 0.16346153846153846 0.11538461538461539 0.0625
3 0.6466346153846154 0.9615384615384616 0.09134615384615384 0.03125
3 0.5745192307692307 0.6971153846153846 0.038461538461538464 0.10096153846153846
2 0.7824519230769231 0.15865384615384615 0.10096153846153846 0.057692307692307696
0 0.8834134615384616 0.2091346153846154 0.05048076923076923 0.052884615384615384
0 0.6478365384615384 0.8449519230769231 0.028846153846153848 0.02403846153846154