0 0.4254807692307692 0.2091346153846154 0.038461538461538464 0.028846153846153848
0 0.390625 0.484375 0.03125 0.02403846153846154
3 0.40384615384615385 0.8293269230769231 0.12980769230769232 0.0673076923076923
3 0.421875 0.7632211538461539 0.12980769230769232 0.04567307692307692
0 0.3954326923076923 0.2668269230769231 0.02403846153846154 0.019230769230769232
0 0.38221153846153844 0.296875 0.019230769230769232 0.014423076923076924
0 0.38341346153846156 0.3269230769230769 0.019230769230769232 0.014423076923076924
0 0.40024038461538464 0.6634615384615384 0.02403846153846154 0.02403846153846154
5 0.32572115384615385 0.38341346153846156 0.02403846153846154 0.016826923076923076
3 0.35096153846153844 0.38341346153846156 0.02403846153846154 0.014423076923076924
2 0.27163461538461536 0.8269230769230769 0.1201923076923077 0.0673076923076923
0 0.3870192307692308 0.2512019230769231 0.019230769230769232 0.014423076923076924
0 0.4387019230769231 0.7259615384615384 0.04807692307692308 0.026442307692307692
0 0.38100961538461536 0.6502403846153846 0.019230769230769232 0.014423076923076924
0 0.3798076923076923 0.6983173076923077 0.019230769230769232 0.014423076923076924
1 0.5492788461538461 0.052884615384615384 0.25961538461538464 0.10576923076923077
2 0.3473557692307692 0.05889423076923077 0.07932692307692307 0.04326923076923077
4 0.28125 0.7596153846153846 0.1201923076923077 0.052884615384615384