0 0.23557692307692307 0.3942307692307692 0.04326923076923077 0.06009615384615385
0 0.3161057692307692 0.3713942307692308 0.038461538461538464 0.04567307692307692
0 0.3401442307692308 0.17908653846153846 0.036057692307692304 0.03365384615384615
3 0.13942307692307693 0.5192307692307693 0.15865384615384615 0.0673076923076923
0 0.9675480769230769 0.4423076923076923 0.036057692307692304 0.052884615384615384
0 0.7824519230769231 0.3641826923076923 0.026442307692307692 0.03365384615384615
3 0.9230769230769231 0.46153846153846156 0.08413461538461539 0.03125
6 0.5841346153846154 0.24278846153846154 0.014423076923076924 0.019230769230769232
0 0.6129807692307693 0.33533653846153844 0.02403846153846154 0.028846153846153848
1 0.875 0.34975961538461536 0.057692307692307696 0.04567307692307692
0 0.8449519230769231 0.4026442307692308 0.038461538461538464 0.04567307692307692
3 0.4579326923076923 0.2956730769230769 0.021634615384615384 0.02403846153846154
0 0.5793269230769231 0.3245192307692308 0.014423076923076924 0.019230769230769232
0 0.9278846153846154 0.3942307692307692 0.016826923076923076 0.02403846153846154