0 0.6274038461538461 0.5637019230769231 0.09615384615384616 0.11057692307692307
0 0.054086538461538464 0.47115384615384615 0.016826923076923076 0.02403846153846154
0 0.2692307692307692 0.4338942307692308 0.02403846153846154 0.03125
0 0.42788461538461536 0.4110576923076923 0.019230769230769232 0.028846153846153848
0 0.5252403846153846 0.40384615384615385 0.016826923076923076 0.019230769230769232
3 0.6105769230769231 0.38341346153846156 0.019230769230769232 0.052884615384615384
3 0.5336538461538461 0.3786057692307692 0.026442307692307692 0.03125
2 0.5336538461538461 0.3401442307692308 0.02403846153846154 0.028846153846153848
3 0.15745192307692307 0.43509615384615385 0.026442307692307692 0.057692307692307696
0 0.23918269230769232 0.5276442307692307 0.07211538461538461 0.07932692307692307
0 0.019230769230769232 0.4891826923076923 0.014423076923076924 0.03365384615384615
0 0.3954326923076923 0.3942307692307692 0.014423076923076924 0.016826923076923076
0 0.49399038461538464 0.4375 0.036057692307692304 0.04326923076923077
0 0.6947115384615384 0.41466346153846156 0.019230769230769232 0.02403846153846154
0 0.9230769230769231 0.4423076923076923 0.016826923076923076 0.028846153846153848
2 0.6153846153846154 0.31971153846153844 0.021634615384615384 0.052884615384615384
6 0.38100961538461536 0.29927884615384615 0.014423076923076924 0.019230769230769232
0 0.9807692307692307 0.5420673076923077 0.03125 0.0673076923076923
4 0.15144230769230768 0.3605769230769231 0.021634615384615384 0.057692307692307696