0 0.47475961538461536 0.05889423076923077 0.07932692307692307 0.0625
0 0.390625 0.11899038461538461 0.04326923076923077 0.03125
0 0.35336538461538464 0.4254807692307692 0.038461538461538464 0.036057692307692304
0 0.36177884615384615 0.5444711538461539 0.052884615384615384 0.038461538461538464
0 0.4326923076923077 0.8293269230769231 0.07692307692307693 0.057692307692307696
0 0.33052884615384615 0.3918269230769231 0.03125 0.02403846153846154
0 0.3954326923076923 0.8725961538461539 0.05048076923076923 0.036057692307692304
0 0.3317307692307692 0.7908653846153846 0.019230769230769232 0.014423076923076924
0 0.6983173076923077 0.9603365384615384 0.21153846153846154 0.07451923076923077
1 0.29927884615384615 0.6682692307692307 0.04326923076923077 0.04807692307692308
3 0.3076923076923077 0.8125 0.03125 0.021634615384615384
3 0.32572115384615385 0.8810096153846154 0.057692307692307696 0.016826923076923076
3 0.28846153846153844 0.5997596153846154 0.028846153846153848 0.019230769230769232
0 0.3088942307692308 0.4543269230769231 0.016826923076923076 0.014423076923076924
0 0.33052884615384615 0.5697115384615384 0.03365384615384615 0.026442307692307692
0 0.3161057692307692 0.5949519230769231 0.019230769230769232 0.014423076923076924
0 0.3401442307692308 0.7355769230769231 0.028846153846153848 0.02403846153846154
0 0.3317307692307692 0.8125 0.019230769230769232 0.014423076923076924
2 0.27524038461538464 0.8125 0.02403846153846154 0.019230769230769232