3 0.3629807692307692 0.7548076923076923 0.03125 0.028846153846153848
0 0.4074519230769231 0.7692307692307693 0.03125 0.028846153846153848
0 0.3473557692307692 0.5540865384615384 0.016826923076923076 0.014423076923076924
2 0.2848557692307692 0.40625 0.10096153846153846 0.019230769230769232
0 0.3641826923076923 0.6971153846153846 0.016826923076923076 0.01201923076923077
0 0.3473557692307692 0.6526442307692307 0.016826923076923076 0.009615384615384616
0 0.3076923076923077 0.8894230769230769 0.019230769230769232 0.01201923076923077
3 0.4026442307692308 0.4050480769230769 0.10096153846153846 0.016826923076923076
4 0.32211538461538464 0.7584134615384616 0.03365384615384615 0.026442307692307692
1 0.5516826923076923 0.953125 0.33413461538461536 0.0889423076923077
0 0.3557692307692308 0.7043269230769231 0.019230769230769232 0.01201923076923077
0 0.3545673076923077 0.6802884615384616 0.016826923076923076 0.007211538461538462
3 0.3329326923076923 0.6225961538461539 0.019230769230769232 0.014423076923076924
1 0.3317307692307692 0.515625 0.05048076923076923 0.04807692307692308