3 0.4963942307692308 0.37740384615384615 0.08173076923076923 0.1346153846153846
3 0.5721153846153846 0.41225961538461536 0.055288461538461536 0.14423076923076922
2 0.4951923076923077 0.23076923076923078 0.07932692307692307 0.13701923076923078
4 0.5769230769230769 0.25721153846153844 0.052884615384615384 0.14423076923076922
3 0.2283653846153846 0.4519230769230769 0.07211538461538461 0.021634615384615384
0 0.2824519230769231 0.4182692307692308 0.03365384615384615 0.038461538461538464
0 0.16947115384615385 0.43028846153846156 0.026442307692307692 0.03365384615384615
0 0.609375 0.4326923076923077 0.019230769230769232 0.04326923076923077
0 0.8557692307692307 0.4254807692307692 0.02403846153846154 0.03365384615384615
0 0.6694711538461539 0.40024038461538464 0.026442307692307692 0.03365384615384615
0 0.19951923076923078 0.4074519230769231 0.019230769230769232 0.03125
0 0.14182692307692307 0.4170673076923077 0.021634615384615384 0.028846153846153848