0 0.6322115384615384 0.6706730769230769 0.052884615384615384 0.04326923076923077
3 0.6694711538461539 0.5901442307692307 0.09375 0.0625
0 0.5444711538461539 0.859375 0.08653846153846154 0.0673076923076923
2 0.7728365384615384 0.5877403846153846 0.09615384615384616 0.0673076923076923
0 0.6514423076923077 0.8377403846153846 0.028846153846153848 0.019230769230769232
0 0.6875 0.3798076923076923 0.016826923076923076 0.01201923076923077
0 0.6754807692307693 0.33653846153846156 0.019230769230769232 0.014423076923076924
0 0.65625 0.20673076923076922 0.019230769230769232 0.01201923076923077
1 0.5733173076923077 0.08774038461538461 0.18269230769230768 0.16826923076923078
0 0.5625 0.17067307692307693 0.0625 0.052884615384615384
0 0.4098557692307692 0.030048076923076924 0.12980769230769232 0.057692307692307696
0 0.6971153846153846 0.4074519230769231 0.019230769230769232 0.014423076923076924
0 0.6754807692307693 0.2764423076923077 0.019230769230769232 0.01201923076923077
0 0.6574519230769231 0.18028846153846154 0.019230769230769232 0.014423076923076924
0 0.8605769230769231 0.5324519230769231 0.05048076923076923 0.052884615384615384