1 0.7007211538461539 0.6550480769230769 0.06490384615384616 0.07211538461538461
3 0.7223557692307693 0.3942307692307692 0.04326923076923077 0.028846153846153848
4 0.7475961538461539 0.7620192307692307 0.04326923076923077 0.03125
3 0.6899038461538461 0.7572115384615384 0.05048076923076923 0.03125
3 0.6141826923076923 0.18269230769230768 0.15384615384615385 0.0673076923076923
2 0.7668269230769231 0.17427884615384615 0.1201923076923077 0.0673076923076923
2 0.7716346153846154 0.3894230769230769 0.04326923076923077 0.03365384615384615
0 0.7067307692307693 0.5432692307692307 0.016826923076923076 0.014423076923076924
3 0.6153846153846154 0.9807692307692307 0.09134615384615384 0.03365384615384615
6 0.8629807692307693 0.625 0.052884615384615384 0.028846153846153848
4 0.7319711538461539 0.9855769230769231 0.10336538461538461 0.02403846153846154