0 0.3401442307692308 0.3701923076923077 0.1201923076923077 0.15625
0 0.6370192307692307 0.5625 0.038461538461538464 0.052884615384615384
3 0.7355769230769231 0.6045673076923077 0.04807692307692308 0.07211538461538461
2 0.7403846153846154 0.6838942307692307 0.04807692307692308 0.06490384615384616
4 0.19110576923076922 0.6814903846153846 0.04326923076923077 0.057692307692307696
1 0.3762019230769231 0.6009615384615384 0.125 0.10096153846153846
6 0.49278846153846156 0.6923076923076923 0.01201923076923077 0.014423076923076924
3 0.6935096153846154 0.6057692307692307 0.014423076923076924 0.07692307692307693
4 0.6935096153846154 0.6887019230769231 0.019230769230769232 0.07211538461538461
3 0.19471153846153846 0.6105769230769231 0.04567307692307692 0.057692307692307696
0 0.2692307692307692 0.6057692307692307 0.021634615384615384 0.03125
6 0.3317307692307692 0.8882211538461539 0.057692307692307696 0.09615384615384616