0 0.5733173076923077 0.4074519230769231 0.052884615384615384 0.06490384615384616
0 0.7223557692307693 0.3786057692307692 0.028846153846153848 0.03365384615384615
0 0.40625 0.3389423076923077 0.028846153846153848 0.028846153846153848
3 0.5576923076923077 0.31850961538461536 0.028846153846153848 0.057692307692307696
3 0.6706730769230769 0.40625 0.07692307692307693 0.028846153846153848
0 0.23076923076923078 0.3088942307692308 0.01201923076923077 0.019230769230769232
6 0.3161057692307692 0.19591346153846154 0.02403846153846154 0.03365384615384615
3 0.4074519230769231 0.30288461538461536 0.026442307692307692 0.03365384615384615
1 0.8040865384615384 0.35336538461538464 0.07932692307692307 0.052884615384615384
4 0.4110576923076923 0.2692307692307692 0.02403846153846154 0.028846153846153848
4 0.5612980769230769 0.2548076923076923 0.02403846153846154 0.052884615384615384