0 0.8557692307692307 0.390625 0.026442307692307692 0.03125
0 0.9158653846153846 0.43509615384615385 0.028846153846153848 0.04567307692307692
2 0.27403846153846156 0.265625 0.02403846153846154 0.03365384615384615
3 0.27403846153846156 0.3112980769230769 0.026442307692307692 0.03125
0 0.515625 0.3605769230769231 0.03125 0.04567307692307692
0 0.9555288461538461 0.4170673076923077 0.016826923076923076 0.02403846153846154
3 0.7235576923076923 0.3449519230769231 0.03365384615384615 0.07211538461538461
0 0.8209134615384616 0.4098557692307692 0.036057692307692304 0.052884615384615384
1 0.9038461538461539 0.3545673076923077 0.0673076923076923 0.038461538461538464
4 0.7283653846153846 0.2704326923076923 0.03365384615384615 0.0673076923076923
2 0.20192307692307693 0.23918269230769232 0.02403846153846154 0.07451923076923077
2 0.5685096153846154 0.25721153846153844 0.014423076923076924 0.03125
3 0.5697115384615384 0.30288461538461536 0.014423076923076924 0.03365384615384615
0 0.4519230769230769 0.33774038461538464 0.02403846153846154 0.03365384615384615
0 0.4831730769230769 0.3137019230769231 0.014423076923076924 0.014423076923076924
0 0.5144230769230769 0.3161057692307692 0.01201923076923077 0.019230769230769232
0 0.22596153846153846 0.32572115384615385 0.014423076923076924 0.02403846153846154
6 0.453125 0.20673076923076922 0.019230769230769232 0.028846153846153848