0 0.7932692307692307 0.5913461538461539 0.11778846153846154 0.17548076923076922
0 0.32211538461538464 0.3317307692307692 0.014423076923076924 0.019230769230769232
0 0.3942307692307692 0.3245192307692308 0.014423076923076924 0.016826923076923076
0 0.5204326923076923 0.32572115384615385 0.01201923076923077 0.019230769230769232
0 0.08653846153846154 0.39302884615384615 0.02403846153846154 0.038461538461538464
0 0.8497596153846154 0.38100961538461536 0.026442307692307692 0.02403846153846154
0 0.8798076923076923 0.37740384615384615 0.021634615384615384 0.03365384615384615
2 0.05048076923076923 0.30288461538461536 0.026442307692307692 0.0673076923076923
4 0.016826923076923076 0.3088942307692308 0.03125 0.07211538461538461
3 0.016826923076923076 0.3894230769230769 0.03125 0.07451923076923077
3 0.5805288461538461 0.328125 0.057692307692307696 0.09375
0 0.9182692307692307 0.3629807692307692 0.016826923076923076 0.019230769230769232
2 0.5865384615384616 0.23197115384615385 0.057692307692307696 0.09134615384615384
3 0.055288461538461536 0.38221153846153844 0.028846153846153848 0.07692307692307693
0 0.36778846153846156 0.3137019230769231 0.014423076923076924 0.019230769230769232
0 0.109375 0.3870192307692308 0.019230769230769232 0.028846153846153848
1 0.18629807692307693 0.33533653846153844 0.16105769230769232 0.1875