0 0.6057692307692307 0.7644230769230769 0.057692307692307696 0.04326923076923077
0 0.6286057692307693 0.6838942307692307 0.04567307692307692 0.038461538461538464
0 0.8209134615384616 0.6598557692307693 0.03365384615384615 0.036057692307692304
3 0.4807692307692308 0.8605769230769231 0.0673076923076923 0.15865384615384615
0 0.5576923076923077 0.03245192307692308 0.052884615384615384 0.036057692307692304
0 0.6358173076923077 0.21754807692307693 0.03365384615384615 0.026442307692307692
3 0.5384615384615384 0.07692307692307693 0.03125 0.08413461538461539
6 0.7572115384615384 0.41586538461538464 0.019230769230769232 0.014423076923076924
0 0.6646634615384616 0.3870192307692308 0.028846153846153848 0.02403846153846154
1 0.6502403846153846 0.125 0.04567307692307692 0.057692307692307696
0 0.5973557692307693 0.15504807692307693 0.04567307692307692 0.038461538461538464
3 0.7043269230769231 0.5420673076923077 0.02403846153846154 0.021634615384615384
0 0.6754807692307693 0.4206730769230769 0.019230769230769232 0.014423076923076924
0 0.6057692307692307 0.07211538461538461 0.02403846153846154 0.016826923076923076