0 0.25600961538461536 0.546875 0.0673076923076923 0.09134615384615384
0 0.3786057692307692 0.625 0.04326923076923077 0.057692307692307696
0 0.6959134615384616 0.7163461538461539 0.02403846153846154 0.019230769230769232
0 0.8713942307692307 0.5769230769230769 0.038461538461538464 0.057692307692307696
0 0.9591346153846154 0.6129807692307693 0.019230769230769232 0.028846153846153848
1 0.6947115384615384 0.6790865384615384 0.06971153846153846 0.0625
0 0.5817307692307693 0.6634615384615384 0.028846153846153848 0.03365384615384615
3 0.10096153846153846 0.5925480769230769 0.12980769230769232 0.23557692307692307
5 0.09615384615384616 0.8088942307692307 0.12980769230769232 0.18269230769230768
3 0.6346153846153846 0.7127403846153846 0.019230769230769232 0.019230769230769232
3 0.8329326923076923 0.6850961538461539 0.021634615384615384 0.028846153846153848
4 0.8353365384615384 0.7151442307692307 0.019230769230769232 0.02403846153846154
0 0.41225961538461536 0.7848557692307693 0.016826923076923076 0.019230769230769232
2 0.6346153846153846 0.7451923076923077 0.019230769230769232 0.02403846153846154