0 0.8605769230769231 0.5504807692307693 0.04326923076923077 0.052884615384615384
0 0.2824519230769231 0.5588942307692307 0.057692307692307696 0.07692307692307693
0 0.42788461538461536 0.6213942307692307 0.038461538461538464 0.038461538461538464
0 0.9158653846153846 0.6057692307692307 0.009615384615384616 0.009615384615384616
0 0.8329326923076923 0.6286057692307693 0.01201923076923077 0.016826923076923076
3 0.5060096153846154 0.6502403846153846 0.057692307692307696 0.08653846153846154
0 0.9495192307692307 0.5949519230769231 0.009615384615384616 0.019230769230769232
0 0.9651442307692307 0.43509615384615385 0.057692307692307696 0.10576923076923077
0 0.07692307692307693 0.6033653846153846 0.028846153846153848 0.038461538461538464
0 0.8846153846153846 0.6237980769230769 0.01201923076923077 0.019230769230769232
0 0.8569711538461539 0.6286057692307693 0.014423076923076924 0.016826923076923076
0 0.7668269230769231 0.6442307692307693 0.01201923076923077 0.019230769230769232
0 0.7091346153846154 0.6454326923076923 0.014423076923076924 0.016826923076923076
2 0.5108173076923077 0.7403846153846154 0.06971153846153846 0.08653846153846154
0 0.2439903846153846 0.6466346153846154 0.026442307692307692 0.028846153846153848