0 0.7716346153846154 0.4483173076923077 0.125 0.16826923076923078
0 0.6598557692307693 0.6153846153846154 0.052884615384615384 0.0673076923076923
0 0.7115384615384616 0.6466346153846154 0.03365384615384615 0.04326923076923077
0 0.40384615384615385 0.6526442307692307 0.038461538461538464 0.05048076923076923
0 0.2980769230769231 0.6502403846153846 0.03125 0.038461538461538464
1 0.5252403846153846 0.7175480769230769 0.04807692307692308 0.038461538461538464
3 0.6658653846153846 0.7163461538461539 0.019230769230769232 0.028846153846153848
3 0.45913461538461536 0.7223557692307693 0.019230769230769232 0.028846153846153848
0 0.5889423076923077 0.6850961538461539 0.021634615384615384 0.02403846153846154
0 0.2644230769230769 0.6706730769230769 0.019230769230769232 0.02403846153846154
3 0.7259615384615384 0.7079326923076923 0.014423076923076924 0.05048076923076923
2 0.6682692307692307 0.75 0.021634615384615384 0.028846153846153848
4 0.4579326923076923 0.7536057692307693 0.021634615384615384 0.028846153846153848
0 0.31971153846153844 0.6899038461538461 0.014423076923076924 0.019230769230769232
0 0.640625 0.6959134615384616 0.01201923076923077 0.019230769230769232
0 0.6658653846153846 0.6995192307692307 0.014423076923076924 0.01201923076923077
0 0.42908653846153844 0.6814903846153846 0.026442307692307692 0.028846153846153848