0 0.5901442307692307 0.41586538461538464 0.038461538461538464 0.03125
0 0.6213942307692307 0.5625 0.03365384615384615 0.021634615384615384
3 0.6346153846153846 0.7115384615384616 0.03365384615384615 0.02403846153846154
3 0.6298076923076923 0.359375 0.0673076923076923 0.021634615384615384
3 0.5108173076923077 0.21033653846153846 0.03365384615384615 0.09134615384615384
6 0.7247596153846154 0.5745192307692307 0.019230769230769232 0.014423076923076924
0 0.5324519230769231 0.9399038461538461 0.038461538461538464 0.03365384615384615
0 0.6021634615384616 0.7752403846153846 0.019230769230769232 0.019230769230769232
4 0.7019230769230769 0.359375 0.0625 0.019230769230769232
0 0.6237980769230769 0.39302884615384615 0.019230769230769232 0.019230769230769232
2 0.6730769230769231 0.7103365384615384 0.03365384615384615 0.02403846153846154