0 0.2283653846153846 0.5516826923076923 0.125 0.16826923076923078
0 0.3401442307692308 0.38461538461538464 0.052884615384615384 0.0673076923076923
0 0.28846153846153844 0.35336538461538464 0.03365384615384615 0.04326923076923077
0 0.5961538461538461 0.3473557692307692 0.038461538461538464 0.05048076923076923
0 0.7019230769230769 0.34975961538461536 0.03125 0.038461538461538464
1 0.47475961538461536 0.2824519230769231 0.04807692307692308 0.038461538461538464
3 0.33413461538461536 0.28365384615384615 0.019230769230769232 0.028846153846153848
3 0.5408653846153846 0.2776442307692308 0.019230769230769232 0.028846153846153848
0 0.4110576923076923 0.31490384615384615 0.021634615384615384 0.02403846153846154
0 0.7355769230769231 0.3293269230769231 0.019230769230769232 0.02403846153846154
3 0.27403846153846156 0.2920673076923077 0.014423076923076924 0.05048076923076923
2 0.3317307692307692 0.25 0.021634615384615384 0.028846153846153848
4 0.5420673076923077 0.24639423076923078 0.021634615384615384 0.028846153846153848
0 0.6802884615384616 0.31009615384615385 0.014423076923076924 0.019230769230769232
0 0.359375 0.30408653846153844 0.01201923076923077 0.019230769230769232
0 0.33413461538461536 0.3004807692307692 0.014423076923076924 0.01201923076923077
0 0.5709134615384616 0.31850961538461536 0.026442307692307692 0.028846153846153848