3 0.19951923076923078 0.6754807692307693 0.04807692307692308 0.06490384615384616
0 0.052884615384615384 0.5877403846153846 0.04567307692307692 0.0625
0 0.5264423076923077 0.6033653846153846 0.057692307692307696 0.0673076923076923
0 0.8028846153846154 0.6117788461538461 0.03125 0.04807692307692308
0 0.7644230769230769 0.6189903846153846 0.02403846153846154 0.04326923076923077
3 0.7271634615384616 0.6634615384615384 0.028846153846153848 0.07211538461538461
2 0.7295673076923077 0.7415865384615384 0.03125 0.0673076923076923
0 0.6165865384615384 0.6826923076923077 0.014423076923076924 0.019230769230769232
0 0.5841346153846154 0.6875 0.014423076923076924 0.019230769230769232
2 0.203125 0.7548076923076923 0.04807692307692308 0.06490384615384616
0 0.9507211538461539 0.5697115384615384 0.03365384615384615 0.052884615384615384
0 0.5625 0.6947115384615384 0.01201923076923077 0.019230769230769232
0 0.5348557692307693 0.6971153846153846 0.009615384615384616 0.019230769230769232
0 0.14423076923076922 0.640625 0.03125 0.03365384615384615
0 0.4831730769230769 0.6526442307692307 0.038461538461538464 0.038461538461538464
0 0.6959134615384616 0.6550480769230769 0.019230769230769232 0.028846153846153848
6 0.5120192307692307 0.9134615384615384 0.04807692307692308 0.09615384615384616