0 0.40625 0.4110576923076923 0.02403846153846154 0.038461538461538464
0 0.3737980769230769 0.4182692307692308 0.040865384615384616 0.05048076923076923
0 0.4543269230769231 0.43509615384615385 0.04807692307692308 0.057692307692307696
0 0.53125 0.4110576923076923 0.03365384615384615 0.038461538461538464
0 0.7668269230769231 0.4362980769230769 0.028846153846153848 0.04326923076923077
0 0.9314903846153846 0.4338942307692308 0.021634615384615384 0.019230769230769232
3 0.6995192307692307 0.4206730769230769 0.07692307692307693 0.15384615384615385
0 0.22115384615384615 0.4050480769230769 0.03365384615384615 0.04326923076923077
0 0.25600961538461536 0.38341346153846156 0.014423076923076924 0.019230769230769232
0 0.49038461538461536 0.36538461538461536 0.02403846153846154 0.03125
4 0.7055288461538461 0.2512019230769231 0.08173076923076923 0.15384615384615385