0 0.5649038461538461 0.5504807692307693 0.04807692307692308 0.06490384615384616
0 0.056490384615384616 0.43509615384615385 0.04807692307692308 0.08653846153846154
0 0.030048076923076924 0.40625 0.057692307692307696 0.09615384615384616
1 0.375 0.6262019230769231 0.0673076923076923 0.052884615384615384
0 0.20432692307692307 0.5913461538461539 0.016826923076923076 0.02403846153846154
0 0.375 0.65625 0.02403846153846154 0.016826923076923076
0 0.2800480769230769 0.6189903846153846 0.014423076923076924 0.019230769230769232
0 0.6129807692307693 0.6021634615384616 0.028846153846153848 0.028846153846153848
0 0.01201923076923077 0.3389423076923077 0.019230769230769232 0.10576923076923077
0 0.5396634615384616 0.6129807692307693 0.019230769230769232 0.019230769230769232
3 0.6802884615384616 0.5588942307692307 0.07211538461538461 0.019230769230769232
6 0.29086538461538464 0.6935096153846154 0.01201923076923077 0.01201923076923077
0 0.4338942307692308 0.6286057692307693 0.009615384615384616 0.016826923076923076
0 0.7752403846153846 0.6105769230769231 0.009615384615384616 0.016826923076923076