0 0.6706730769230769 0.36778846153846156 0.04326923076923077 0.052884615384615384
3 0.5901442307692307 0.33052884615384615 0.0625 0.09375
0 0.859375 0.45552884615384615 0.0673076923076923 0.08653846153846154
2 0.5877403846153846 0.22716346153846154 0.0673076923076923 0.09615384615384616
0 0.8377403846153846 0.3485576923076923 0.019230769230769232 0.028846153846153848
0 0.3798076923076923 0.3125 0.01201923076923077 0.016826923076923076
0 0.33653846153846156 0.3245192307692308 0.014423076923076924 0.019230769230769232
0 0.20673076923076922 0.34375 0.01201923076923077 0.019230769230769232
1 0.08774038461538461 0.4266826923076923 0.16826923076923078 0.18269230769230768
0 0.17067307692307693 0.4375 0.052884615384615384 0.0625
0 0.030048076923076924 0.5901442307692307 0.057692307692307696 0.12980769230769232
0 0.4074519230769231 0.30288461538461536 0.014423076923076924 0.019230769230769232
0 0.2764423076923077 0.3245192307692308 0.01201923076923077 0.019230769230769232
0 0.18028846153846154 0.3425480769230769 0.014423076923076924 0.019230769230769232
0 0.5324519230769231 0.13942307692307693 0.052884615384615384 0.05048076923076923