0 0.35216346153846156 0.7331730769230769 0.038461538461538464 0.02403846153846154
0 0.3557692307692308 0.46033653846153844 0.04567307692307692 0.04567307692307692
4 0.24879807692307693 0.8233173076923077 0.07692307692307693 0.05048076923076923
3 0.3858173076923077 0.06370192307692307 0.13701923076923078 0.0985576923076923
0 0.3798076923076923 0.14302884615384615 0.04326923076923077 0.036057692307692304
0 0.32572115384615385 0.17067307692307693 0.019230769230769232 0.01201923076923077
0 0.25240384615384615 0.12620192307692307 0.02403846153846154 0.026442307692307692
0 0.31850961538461536 0.22355769230769232 0.019230769230769232 0.014423076923076924
0 0.2980769230769231 0.3317307692307692 0.016826923076923076 0.009615384615384616
0 0.3004807692307692 0.36899038461538464 0.014423076923076924 0.009615384615384616
0 0.3161057692307692 0.5348557692307693 0.028846153846153848 0.019230769230769232
0 0.3125 0.5096153846153846 0.028846153846153848 0.014423076923076924
0 0.20432692307692307 0.6081730769230769 0.02403846153846154 0.019230769230769232
4 0.24639423076923078 0.055288461538461536 0.11538461538461539 0.07692307692307693
3 0.3473557692307692 0.8185096153846154 0.09375 0.057692307692307696
0 0.39783653846153844 0.3233173076923077 0.0625 0.0625