0 0.4963942307692308 0.7980769230769231 0.10817307692307693 0.08173076923076923
0 0.6045673076923077 0.2824519230769231 0.0625 0.055288461538461536
0 0.5300480769230769 0.027644230769230768 0.08173076923076923 0.04807692307692308
0 0.6394230769230769 0.22355769230769232 0.04567307692307692 0.03125
2 0.7463942307692307 0.5300480769230769 0.03125 0.026442307692307692
0 0.6478365384615384 0.6658653846153846 0.038461538461538464 0.03125
0 0.6538461538461539 0.20192307692307693 0.028846153846153848 0.019230769230769232
0 0.6538461538461539 0.3137019230769231 0.04326923076923077 0.026442307692307692
0 0.6850961538461539 0.6262019230769231 0.019230769230769232 0.014423076923076924
0 0.6947115384615384 0.3401442307692308 0.014423076923076924 0.01201923076923077
4 0.7103365384615384 0.7932692307692307 0.03365384615384615 0.02403846153846154
0 0.6935096153846154 0.27163461538461536 0.019230769230769232 0.01201923076923077
3 0.7091346153846154 0.5300480769230769 0.03125 0.026442307692307692
0 0.6682692307692307 0.5372596153846154 0.028846153846153848 0.028846153846153848
0 0.6430288461538461 0.10817307692307693 0.03125 0.019230769230769232
3 0.4723557692307692 0.09254807692307693 0.09134615384615384 0.14903846153846154
4 0.7307692307692307 0.21995192307692307 0.02403846153846154 0.014423076923076924
3 0.6706730769230769 0.7908653846153846 0.038461538461538464 0.026442307692307692