0 0.7331730769230769 0.6346153846153846 0.038461538461538464 0.04807692307692308
0 0.6514423076923077 0.6574519230769231 0.03125 0.038461538461538464
0 0.41466346153846156 0.6826923076923077 0.019230769230769232 0.03125
3 0.2548076923076923 0.7019230769230769 0.019230769230769232 0.05048076923076923
2 0.2548076923076923 0.7560096153846154 0.021634615384615384 0.038461538461538464
3 0.16346153846153846 0.6971153846153846 0.016826923076923076 0.028846153846153848
2 0.1622596153846154 0.7283653846153846 0.019230769230769232 0.028846153846153848
0 0.9519230769230769 0.5432692307692307 0.04567307692307692 0.07451923076923077
0 0.3894230769230769 0.6646634615384616 0.028846153846153848 0.03365384615384615
0 0.7872596153846154 0.6310096153846154 0.038461538461538464 0.04567307692307692
0 0.14423076923076922 0.6466346153846154 0.026442307692307692 0.038461538461538464
0 0.0625 0.6394230769230769 0.021634615384615384 0.028846153846153848
6 0.06850961538461539 0.75 0.016826923076923076 0.019230769230769232
0 0.2824519230769231 0.6838942307692307 0.019230769230769232 0.028846153846153848
0 0.04567307692307692 0.6550480769230769 0.01201923076923077 0.019230769230769232
0 0.09375 0.671875 0.01201923076923077 0.014423076923076924