0 0.36538461538461536 0.7331730769230769 0.04807692307692308 0.038461538461538464
0 0.3425480769230769 0.6514423076923077 0.038461538461538464 0.03125
0 0.3173076923076923 0.41466346153846156 0.03125 0.019230769230769232
3 0.2980769230769231 0.2548076923076923 0.05048076923076923 0.019230769230769232
2 0.2439903846153846 0.2548076923076923 0.038461538461538464 0.021634615384615384
3 0.30288461538461536 0.16346153846153846 0.028846153846153848 0.016826923076923076
2 0.27163461538461536 0.1622596153846154 0.028846153846153848 0.019230769230769232
0 0.4567307692307692 0.9519230769230769 0.07451923076923077 0.04567307692307692
0 0.33533653846153844 0.3894230769230769 0.03365384615384615 0.028846153846153848
0 0.36899038461538464 0.7872596153846154 0.04567307692307692 0.038461538461538464
0 0.35336538461538464 0.14423076923076922 0.038461538461538464 0.026442307692307692
0 0.3605769230769231 0.0625 0.028846153846153848 0.021634615384615384
6 0.25 0.06850961538461539 0.019230769230769232 0.014423076923076924
0 0.3161057692307692 0.2824519230769231 0.028846153846153848 0.019230769230769232
0 0.3449519230769231 0.04567307692307692 0.019230769230769232 0.01201923076923077
0 0.328125 0.09375 0.014423076923076924 0.01201923076923077