0 0.3737980769230769 0.4411057692307692 0.0673076923076923 0.09615384615384616
0 0.27524038461538464 0.36899038461538464 0.03365384615384615 0.04326923076923077
3 0.05889423076923077 0.390625 0.0625 0.12259615384615384
0 0.1466346153846154 0.38822115384615385 0.03125 0.04326923076923077
0 0.9122596153846154 0.14423076923076922 0.052884615384615384 0.057692307692307696
0 0.34134615384615385 0.3317307692307692 0.016826923076923076 0.02403846153846154
0 0.020432692307692308 0.45913461538461536 0.03365384615384615 0.0673076923076923
3 0.9735576923076923 0.4074519230769231 0.038461538461538464 0.11057692307692307
2 0.9771634615384616 0.2764423076923077 0.036057692307692304 0.12259615384615384
2 0.056490384615384616 0.26322115384615385 0.057692307692307696 0.11538461538461539
0 0.38221153846153844 0.3125 0.009615384615384616 0.016826923076923076
0 0.41466346153846156 0.3112980769230769 0.014423076923076924 0.014423076923076924
0 0.44471153846153844 0.3161057692307692 0.019230769230769232 0.019230769230769232
0 0.5216346153846154 0.3112980769230769 0.014423076923076924 0.014423076923076924
0 0.5973557692307693 0.3245192307692308 0.014423076923076924 0.019230769230769232
0 0.6418269230769231 0.31850961538461536 0.014423076923076924 0.019230769230769232
0 0.6658653846153846 0.3112980769230769 0.014423076923076924 0.019230769230769232