0 0.48677884615384615 0.8641826923076923 0.11057692307692307 0.07451923076923077
0 0.6586538461538461 0.5865384615384616 0.038461538461538464 0.026442307692307692
0 0.6370192307692307 0.4879807692307692 0.052884615384615384 0.04567307692307692
0 0.625 0.3245192307692308 0.052884615384615384 0.038461538461538464
1 0.6286057692307693 0.9411057692307693 0.17067307692307693 0.11298076923076923
0 0.6262019230769231 0.7932692307692307 0.04326923076923077 0.03365384615384615
0 0.6634615384615384 0.6947115384615384 0.03125 0.02403846153846154
0 0.6237980769230769 0.11899038461538461 0.03365384615384615 0.019230769230769232
4 0.7512019230769231 0.7512019230769231 0.04807692307692308 0.036057692307692304
0 0.6814903846153846 0.6574519230769231 0.019230769230769232 0.019230769230769232
0 0.6766826923076923 0.4098557692307692 0.028846153846153848 0.02403846153846154
0 0.5252403846153846 0.0673076923076923 0.07451923076923077 0.04807692307692308
3 0.6983173076923077 0.7163461538461539 0.052884615384615384 0.016826923076923076
2 0.7548076923076923 0.71875 0.052884615384615384 0.021634615384615384
2 0.7572115384615384 0.296875 0.057692307692307696 0.04326923076923077
6 0.8725961538461539 0.5769230769230769 0.0673076923076923 0.028846153846153848