0 0.5661057692307693 0.028846153846153848 0.0625 0.04326923076923077
0 0.6081730769230769 0.0985576923076923 0.04326923076923077 0.028846153846153848
0 0.5360576923076923 0.8581730769230769 0.09615384615384616 0.0625
3 0.6814903846153846 0.7716346153846154 0.07451923076923077 0.04807692307692308
3 0.6911057692307693 0.3004807692307692 0.06009615384615385 0.03365384615384615
2 0.7548076923076923 0.7752403846153846 0.06009615384615385 0.04807692307692308
4 0.7536057692307693 0.30288461538461536 0.052884615384615384 0.038461538461538464
0 0.6959134615384616 0.5552884615384616 0.019230769230769232 0.014423076923076924
0 0.6754807692307693 0.35697115384615385 0.03365384615384615 0.019230769230769232
3 0.6899038461538461 0.33653846153846156 0.057692307692307696 0.01201923076923077
6 0.9170673076923077 0.46033653846153844 0.08173076923076923 0.04807692307692308
0 0.6935096153846154 0.6177884615384616 0.016826923076923076 0.014423076923076924
2 0.7512019230769231 0.33413461538461536 0.052884615384615384 0.01201923076923077
3 0.5769230769230769 0.1310096153846154 0.03365384615384615 0.08653846153846154
0 0.7692307692307693 0.9362980769230769 0.028846153846153848 0.026442307692307692
6 0.7644230769230769 0.5793269230769231 0.019230769230769232 0.01201923076923077