3 0.3701923076923077 0.453125 0.057692307692307696 0.040865384615384616
0 0.390625 0.6009615384615384 0.028846153846153848 0.02403846153846154
0 0.3918269230769231 0.5697115384615384 0.019230769230769232 0.02403846153846154
0 0.39302884615384615 0.4987980769230769 0.028846153846153848 0.02403846153846154
3 0.4098557692307692 0.09014423076923077 0.052884615384615384 0.019230769230769232
3 0.4182692307692308 0.05889423076923077 0.052884615384615384 0.028846153846153848
5 0.3629807692307692 0.056490384615384616 0.05048076923076923 0.028846153846153848
2 0.35336538461538464 0.08774038461538461 0.04807692307692308 0.019230769230769232
0 0.2692307692307692 0.9807692307692307 0.03365384615384615 0.02403846153846154
2 0.31490384615384615 0.4483173076923077 0.05048076923076923 0.040865384615384616
3 0.4387019230769231 0.7247596153846154 0.17307692307692307 0.0889423076923077
2 0.2668269230769231 0.7235576923076923 0.14903846153846154 0.09134615384615384
0 0.40384615384615385 0.8413461538461539 0.019230769230769232 0.014423076923076924
0 0.4026442307692308 0.8557692307692307 0.016826923076923076 0.014423076923076924