3 0.47836538461538464 0.9579326923076923 0.18509615384615385 0.07692307692307693
0 0.7415865384615384 0.8725961538461539 0.19230769230769232 0.12980769230769232
0 0.5901442307692307 0.16105769230769232 0.09615384615384616 0.08653846153846154
0 0.46875 0.11778846153846154 0.03365384615384615 0.026442307692307692
0 0.41586538461538464 0.2512019230769231 0.019230769230769232 0.014423076923076924
2 0.29927884615384615 0.9699519230769231 0.14423076923076922 0.052884615384615384
2 0.3293269230769231 0.7067307692307693 0.04567307692307692 0.028846153846153848
3 0.390625 0.7091346153846154 0.052884615384615384 0.040865384615384616
3 0.4699519230769231 0.7620192307692307 0.019230769230769232 0.0625
1 0.4110576923076923 0.4495192307692308 0.1346153846153846 0.16346153846153846
0 0.4026442307692308 0.5877403846153846 0.02403846153846154 0.016826923076923076
3 0.3894230769230769 0.35336538461538464 0.05048076923076923 0.03125
4 0.33533653846153844 0.3545673076923077 0.038461538461538464 0.03365384615384615
0 0.4483173076923077 0.10576923076923077 0.019230769230769232 0.014423076923076924
3 0.36538461538461536 0.6274038461538461 0.019230769230769232 0.014423076923076924
0 0.33052884615384615 0.75 0.019230769230769232 0.01201923076923077