0 0.6262019230769231 0.35336538461538464 0.16346153846153846 0.1201923076923077
0 0.4338942307692308 0.6430288461538461 0.052884615384615384 0.036057692307692304
0 0.3918269230769231 0.2776442307692308 0.028846153846153848 0.019230769230769232
3 0.38221153846153844 0.20072115384615385 0.06490384615384616 0.04326923076923077
4 0.30408653846153844 0.7019230769230769 0.07211538461538461 0.016826923076923076
3 0.40024038461538464 0.7379807692307693 0.0673076923076923 0.052884615384615384
0 0.3786057692307692 0.6081730769230769 0.02403846153846154 0.014423076923076924
3 0.3870192307692308 0.6983173076923077 0.06009615384615385 0.021634615384615384
2 0.31490384615384615 0.7427884615384616 0.07932692307692307 0.052884615384615384
1 0.38461538461538464 0.39663461538461536 0.08173076923076923 0.09375
0 0.29927884615384615 0.29086538461538464 0.019230769230769232 0.014423076923076924
0 0.36177884615384615 0.5012019230769231 0.014423076923076924 0.014423076923076924
0 0.3545673076923077 0.5192307692307693 0.016826923076923076 0.009615384615384616
4 0.3137019230769231 0.19951923076923078 0.06009615384615385 0.04326923076923077
6 0.3004807692307692 0.4987980769230769 0.014423076923076924 0.01201923076923077
6 0.11778846153846154 0.3449519230769231 0.10096153846153846 0.055288461538461536