0 0.7355769230769231 0.6454326923076923 0.019230769230769232 0.028846153846153848
3 0.49759615384615385 0.6598557692307693 0.03365384615384615 0.08653846153846154
3 0.44471153846153844 0.6814903846153846 0.057692307692307696 0.08653846153846154
2 0.44471153846153844 0.7776442307692307 0.052884615384615384 0.08653846153846154
4 0.4987980769230769 0.7632211538461539 0.036057692307692304 0.09134615384615384
0 0.25841346153846156 0.6454326923076923 0.028846153846153848 0.028846153846153848
0 0.15985576923076922 0.6310096153846154 0.019230769230769232 0.028846153846153848
0 0.9615384615384616 0.5793269230769231 0.026442307692307692 0.03365384615384615
0 0.5721153846153846 0.6622596153846154 0.019230769230769232 0.02403846153846154
0 0.5216346153846154 0.640625 0.014423076923076924 0.03365384615384615
0 0.11778846153846154 0.6370192307692307 0.016826923076923076 0.02403846153846154
0 0.9302884615384616 0.6117788461538461 0.016826923076923076 0.02403846153846154
0 0.8798076923076923 0.6262019230769231 0.014423076923076924 0.019230769230769232