0 0.6514423076923077 0.49038461538461536 0.0673076923076923 0.08173076923076923
2 0.5588942307692307 0.7067307692307693 0.040865384615384616 0.09134615384615384
2 0.7043269230769231 0.6622596153846154 0.028846153846153848 0.03365384615384615
3 0.5661057692307693 0.6009615384615384 0.04326923076923077 0.09615384615384616
3 0.7043269230769231 0.6129807692307693 0.03125 0.038461538461538464
0 0.796875 0.5841346153846154 0.014423076923076924 0.019230769230769232
0 0.4699519230769231 0.5793269230769231 0.019230769230769232 0.038461538461538464
0 0.28125 0.5805288461538461 0.03125 0.028846153846153848
0 0.24879807692307693 0.5805288461538461 0.016826923076923076 0.019230769230769232
3 0.9807692307692307 0.5588942307692307 0.028846153846153848 0.04567307692307692
1 0.8966346153846154 0.5540865384615384 0.1201923076923077 0.10576923076923077
0 0.41947115384615385 0.5949519230769231 0.02403846153846154 0.028846153846153848
6 0.8677884615384616 0.7043269230769231 0.02403846153846154 0.04326923076923077
4 0.9831730769230769 0.6057692307692307 0.028846153846153848 0.04326923076923077
0 0.17307692307692307 0.5961538461538461 0.02403846153846154 0.019230769230769232