0 0.8197115384615384 0.3076923076923077 0.11298076923076923 0.16826923076923078
0 0.4110576923076923 0.5805288461538461 0.02403846153846154 0.03125
0 0.3233173076923077 0.5949519230769231 0.014423076923076924 0.019230769230769232
0 0.6237980769230769 0.59375 0.014423076923076924 0.019230769230769232
0 0.8689903846153846 0.5372596153846154 0.021634615384615384 0.03365384615384615
3 0.5564903846153846 0.6286057692307693 0.014423076923076924 0.02403846153846154
3 0.6189903846153846 0.6274038461538461 0.014423076923076924 0.019230769230769232
0 0.9362980769230769 0.5132211538461539 0.02403846153846154 0.038461538461538464
6 0.6706730769230769 0.6682692307692307 0.01201923076923077 0.016826923076923076
0 0.44591346153846156 0.6081730769230769 0.014423076923076924 0.019230769230769232
0 0.8449519230769231 0.5432692307692307 0.021634615384615384 0.038461538461538464
3 0.6634615384615384 0.5552884615384616 0.057692307692307696 0.019230769230769232
2 0.5564903846153846 0.6586538461538461 0.014423076923076924 0.019230769230769232