0 0.48677884615384615 0.06370192307692307 0.10096153846153846 0.057692307692307696
0 0.30649038461538464 0.5144230769230769 0.016826923076923076 0.014423076923076924
0 0.3269230769230769 0.5552884615384616 0.019230769230769232 0.014423076923076924
0 0.33533653846153844 0.6057692307692307 0.02403846153846154 0.021634615384615384
0 0.3317307692307692 0.671875 0.016826923076923076 0.01201923076923077
0 0.3545673076923077 0.7620192307692307 0.02403846153846154 0.02403846153846154
0 0.34975961538461536 0.7848557692307693 0.019230769230769232 0.014423076923076924
0 0.3557692307692308 0.8149038461538461 0.019230769230769232 0.016826923076923076
0 0.3870192307692308 0.8762019230769231 0.028846153846153848 0.021634615384615384
0 0.4074519230769231 0.9266826923076923 0.03125 0.014423076923076924
3 0.4387019230769231 0.14543269230769232 0.21875 0.10336538461538461
3 0.3858173076923077 0.49399038461538464 0.02403846153846154 0.07451923076923077
2 0.19471153846153846 0.1502403846153846 0.2403846153846154 0.10576923076923077
0 0.6105769230769231 0.9831730769230769 0.1201923076923077 0.028846153846153848