0 0.7908653846153846 0.5745192307692307 0.028846153846153848 0.040865384615384616
0 0.515625 0.609375 0.02403846153846154 0.03125
3 0.17067307692307693 0.5961538461538461 0.0673076923076923 0.12740384615384615
3 0.23677884615384615 0.578125 0.04567307692307692 0.12980769230769232
0 0.7331730769230769 0.6045673076923077 0.019230769230769232 0.02403846153846154
0 0.703125 0.6177884615384616 0.014423076923076924 0.019230769230769232
0 0.6730769230769231 0.6165865384615384 0.014423076923076924 0.019230769230769232
0 0.33653846153846156 0.5997596153846154 0.02403846153846154 0.02403846153846154
5 0.6165865384615384 0.6742788461538461 0.016826923076923076 0.02403846153846154
3 0.6165865384615384 0.6490384615384616 0.014423076923076924 0.02403846153846154
2 0.17307692307692307 0.7283653846153846 0.0673076923076923 0.1201923076923077
0 0.7487980769230769 0.6129807692307693 0.014423076923076924 0.019230769230769232
0 0.27403846153846156 0.5612980769230769 0.026442307692307692 0.04807692307692308
0 0.34975961538461536 0.6189903846153846 0.014423076923076924 0.019230769230769232
0 0.3016826923076923 0.6201923076923077 0.014423076923076924 0.019230769230769232
1 0.9459134615384616 0.45072115384615385 0.10336538461538461 0.2620192307692308
2 0.9411057692307693 0.6526442307692307 0.04326923076923077 0.07932692307692307
4 0.2403846153846154 0.71875 0.052884615384615384 0.1201923076923077