0 0.7668269230769231 0.37259615384615385 0.11538461538461539 0.14182692307692307
0 0.6550480769230769 0.4411057692307692 0.09375 0.125
0 0.18389423076923078 0.41947115384615385 0.08413461538461539 0.1201923076923077
0 0.7668269230769231 0.5673076923076923 0.03365384615384615 0.04326923076923077
0 0.9170673076923077 0.5685096153846154 0.021634615384615384 0.02403846153846154
3 0.7872596153846154 0.6189903846153846 0.014423076923076924 0.038461538461538464
0 0.11298076923076923 0.5288461538461539 0.028846153846153848 0.05048076923076923
0 0.6826923076923077 0.6129807692307693 0.014423076923076924 0.019230769230769232
6 0.6081730769230769 0.7235576923076923 0.014423076923076924 0.02403846153846154
4 0.7872596153846154 0.6730769230769231 0.014423076923076924 0.038461538461538464
3 0.6971153846153846 0.6370192307692307 0.019230769230769232 0.03125
0 0.5492788461538461 0.6382211538461539 0.009615384615384616 0.019230769230769232
4 0.6971153846153846 0.6670673076923077 0.019230769230769232 0.02403846153846154