0 0.10336538461538461 0.7596153846153846 0.15144230769230768 0.28125
0 0.3713942307692308 0.4362980769230769 0.0673076923076923 0.07692307692307693
0 0.27524038461538464 0.36778846153846156 0.028846153846153848 0.038461538461538464
0 0.3233173076923077 0.3629807692307692 0.03125 0.038461538461538464
0 0.42427884615384615 0.3473557692307692 0.028846153846153848 0.03365384615384615
6 0.36177884615384615 0.10576923076923077 0.038461538461538464 0.08653846153846154
3 0.18389423076923078 0.3473557692307692 0.026442307692307692 0.06490384615384616
2 0.6730769230769231 0.2536057692307692 0.04326923076923077 0.06009615384615385
0 0.7379807692307693 0.3473557692307692 0.02403846153846154 0.03365384615384615
3 0.6742788461538461 0.32572115384615385 0.052884615384615384 0.06490384615384616
2 0.18028846153846154 0.27403846153846156 0.021634615384615384 0.057692307692307696
0 0.796875 0.35216346153846156 0.02403846153846154 0.03365384615384615
0 0.7668269230769231 0.3485576923076923 0.019230769230769232 0.03365384615384615
3 0.6310096153846154 0.3173076923076923 0.021634615384615384 0.0673076923076923
3 0.4074519230769231 0.3762019230769231 0.0625 0.019230769230769232