0 0.7596153846153846 0.8966346153846154 0.28125 0.15144230769230768
0 0.4362980769230769 0.6286057692307693 0.07692307692307693 0.0673076923076923
0 0.36778846153846156 0.7247596153846154 0.038461538461538464 0.028846153846153848
0 0.3629807692307692 0.6766826923076923 0.038461538461538464 0.03125
0 0.3473557692307692 0.5757211538461539 0.03365384615384615 0.028846153846153848
6 0.10576923076923077 0.6382211538461539 0.08653846153846154 0.038461538461538464
3 0.3473557692307692 0.8161057692307693 0.06490384615384616 0.02403846153846154
2 0.2536057692307692 0.3269230769230769 0.06009615384615385 0.04326923076923077
0 0.3473557692307692 0.2620192307692308 0.03365384615384615 0.02403846153846154
3 0.32572115384615385 0.32572115384615385 0.06490384615384616 0.052884615384615384
2 0.27403846153846156 0.8197115384615384 0.057692307692307696 0.021634615384615384
0 0.35216346153846156 0.203125 0.03365384615384615 0.02403846153846154
0 0.3485576923076923 0.23317307692307693 0.03365384615384615 0.019230769230769232
3 0.3173076923076923 0.36899038461538464 0.0673076923076923 0.021634615384615384
3 0.3762019230769231 0.5925480769230769 0.019230769230769232 0.0625