0 0.7932692307692307 0.40865384615384615 0.11778846153846154 0.17548076923076922
0 0.32211538461538464 0.6682692307692307 0.014423076923076924 0.019230769230769232
0 0.3942307692307692 0.6754807692307693 0.014423076923076924 0.016826923076923076
0 0.5204326923076923 0.6742788461538461 0.01201923076923077 0.019230769230769232
0 0.08653846153846154 0.6069711538461539 0.02403846153846154 0.038461538461538464
0 0.8497596153846154 0.6189903846153846 0.026442307692307692 0.026442307692307692
0 0.8798076923076923 0.6225961538461539 0.021634615384615384 0.03365384615384615
2 0.05048076923076923 0.6971153846153846 0.026442307692307692 0.0673076923076923
4 0.016826923076923076 0.6911057692307693 0.03125 0.07211538461538461
3 0.016826923076923076 0.6105769230769231 0.03125 0.07451923076923077
3 0.5805288461538461 0.671875 0.057692307692307696 0.09375
0 0.9182692307692307 0.6370192307692307 0.016826923076923076 0.019230769230769232
2 0.5865384615384616 0.7680288461538461 0.057692307692307696 0.09134615384615384
3 0.055288461538461536 0.6177884615384616 0.028846153846153848 0.07692307692307693
0 0.36778846153846156 0.6862980769230769 0.014423076923076924 0.019230769230769232
0 0.109375 0.6129807692307693 0.019230769230769232 0.028846153846153848
1 0.18629807692307693 0.6646634615384616 0.16105769230769232 0.1875