0 0.34975961538461536 0.5600961538461539 0.0673076923076923 0.10096153846153846
0 0.890625 0.8677884615384616 0.05048076923076923 0.06009615384615385
0 0.12139423076923077 0.6129807692307693 0.026442307692307692 0.038461538461538464
0 0.2512019230769231 0.6370192307692307 0.03125 0.04326923076923077
0 0.3161057692307692 0.6742788461538461 0.021634615384615384 0.02403846153846154
0 0.4182692307692308 0.6875 0.014423076923076924 0.019230769230769232
0 0.5697115384615384 0.6850961538461539 0.014423076923076924 0.019230769230769232
0 0.6165865384615384 0.6899038461538461 0.014423076923076924 0.016826923076923076
2 0.027644230769230768 0.7379807692307693 0.052884615384615384 0.10096153846153846
3 0.03365384615384615 0.6069711538461539 0.057692307692307696 0.12259615384615384
3 0.9567307692307693 0.6021634615384616 0.04807692307692308 0.11538461538461539
3 0.16826923076923078 0.5997596153846154 0.0673076923076923 0.019230769230769232
0 0.4963942307692308 0.6983173076923077 0.014423076923076924 0.016826923076923076
0 0.3870192307692308 0.6935096153846154 0.014423076923076924 0.016826923076923076
2 0.9603365384615384 0.7307692307692307 0.036057692307692304 0.10817307692307693
0 0.2704326923076923 0.6682692307692307 0.021634615384615384 0.02403846153846154
0 0.35336538461538464 0.6911057692307693 0.014423076923076924 0.019230769230769232
3 0.6971153846153846 0.6346153846153846 0.0625 0.019230769230769232
0 0.6418269230769231 0.6971153846153846 0.014423076923076924 0.019230769230769232