3 0.6105769230769231 0.5168269230769231 0.14903846153846154 0.0889423076923077
3 0.5733173076923077 0.4338942307692308 0.17548076923076922 0.057692307692307696
0 0.5697115384615384 0.7355769230769231 0.03365384615384615 0.028846153846153848
0 0.5709134615384616 0.14423076923076922 0.03365384615384615 0.02403846153846154
2 0.7716346153846154 0.5180288461538461 0.14423076923076922 0.0889423076923077
4 0.7463942307692307 0.43149038461538464 0.15625 0.0625
0 0.5600961538461539 0.8473557692307693 0.04326923076923077 0.03125
0 0.5949519230769231 0.3389423076923077 0.03365384615384615 0.028846153846153848
0 0.5853365384615384 0.8161057692307693 0.028846153846153848 0.02403846153846154
0 0.5757211538461539 0.875 0.028846153846153848 0.021634615384615384
0 0.6129807692307693 0.7079326923076923 0.019230769230769232 0.014423076923076924
0 0.5997596153846154 0.7992788461538461 0.019230769230769232 0.016826923076923076
3 0.5372596153846154 0.7884615384615384 0.028846153846153848 0.08173076923076923