1 0.6550480769230769 0.29927884615384615 0.07211538461538461 0.06490384615384616
3 0.3942307692307692 0.2776442307692308 0.028846153846153848 0.04326923076923077
4 0.7620192307692307 0.25240384615384615 0.03125 0.04326923076923077
3 0.7572115384615384 0.31009615384615385 0.03125 0.05048076923076923
3 0.18269230769230768 0.3858173076923077 0.06971153846153846 0.15384615384615385
2 0.17427884615384615 0.23317307692307693 0.0673076923076923 0.1201923076923077
2 0.3894230769230769 0.2283653846153846 0.036057692307692304 0.04326923076923077
0 0.5432692307692307 0.2932692307692308 0.014423076923076924 0.016826923076923076
3 0.9807692307692307 0.38461538461538464 0.03365384615384615 0.09134615384615384
6 0.625 0.13701923076923078 0.028846153846153848 0.052884615384615384
4 0.9855769230769231 0.26802884615384615 0.02403846153846154 0.10336538461538461