0 0.59375 0.5889423076923077 0.02403846153846154 0.038461538461538464
0 0.6262019230769231 0.5817307692307693 0.040865384615384616 0.05048076923076923
0 0.5456730769230769 0.5649038461538461 0.04807692307692308 0.057692307692307696
0 0.46875 0.5889423076923077 0.03365384615384615 0.038461538461538464
0 0.23317307692307693 0.5637019230769231 0.028846153846153848 0.04326923076923077
0 0.06850961538461539 0.5661057692307693 0.021634615384615384 0.019230769230769232
3 0.3004807692307692 0.5793269230769231 0.07692307692307693 0.15384615384615385
0 0.7788461538461539 0.5949519230769231 0.03365384615384615 0.04326923076923077
0 0.7439903846153846 0.6165865384615384 0.014423076923076924 0.019230769230769232
0 0.5096153846153846 0.6346153846153846 0.02403846153846154 0.03125
4 0.29447115384615385 0.7487980769230769 0.08413461538461539 0.15384615384615385