3 0.7824519230769231 0.4891826923076923 0.09375 0.03365384615384615
0 0.6069711538461539 0.37740384615384615 0.014423076923076924 0.019230769230769232
0 0.22355769230769232 0.4014423076923077 0.019230769230769232 0.019230769230769232
3 0.640625 0.3737980769230769 0.021634615384615384 0.0673076923076923
3 0.28846153846153844 0.36658653846153844 0.026442307692307692 0.038461538461538464
4 0.6418269230769231 0.3004807692307692 0.016826923076923076 0.0673076923076923
0 0.4387019230769231 0.38100961538461536 0.028846153846153848 0.03365384615384615
0 0.5865384615384616 0.37259615384615385 0.014423076923076924 0.016826923076923076
0 0.25600961538461536 0.38461538461538464 0.014423076923076924 0.014423076923076924
2 0.28846153846153844 0.3269230769230769 0.028846153846153848 0.038461538461538464
0 0.53125 0.3629807692307692 0.01201923076923077 0.019230769230769232
0 0.5072115384615384 0.35697115384615385 0.014423076923076924 0.019230769230769232
0 0.4807692307692308 0.3581730769230769 0.01201923076923077 0.019230769230769232
0 0.125 0.40384615384615385 0.01201923076923077 0.016826923076923076
0 0.5817307692307693 0.4098557692307692 0.026442307692307692 0.038461538461538464
0 0.06129807692307692 0.4675480769230769 0.028846153846153848 0.038461538461538464
6 0.4206730769230769 0.2668269230769231 0.016826923076923076 0.03365384615384615