0 0.546875 0.9747596153846154 0.09134615384615384 0.04326923076923077
0 0.37259615384615385 0.30408653846153844 0.01201923076923077 0.007211538461538462
3 0.3918269230769231 0.5697115384615384 0.08653846153846154 0.057692307692307696
3 0.3870192307692308 0.5192307692307693 0.08653846153846154 0.02403846153846154
4 0.29086538461538464 0.5192307692307693 0.08653846153846154 0.02403846153846154
2 0.2980769230769231 0.5721153846153846 0.07932692307692307 0.057692307692307696
0 0.4543269230769231 0.45072115384615385 0.0625 0.04807692307692308
0 0.3954326923076923 0.2403846153846154 0.019230769230769232 0.014423076923076924
0 0.3605769230769231 0.3269230769230769 0.016826923076923076 0.01201923076923077
0 0.3798076923076923 0.4182692307692308 0.028846153846153848 0.009615384615384616
0 0.328125 0.08653846153846154 0.019230769230769232 0.014423076923076924