4 0.34975961538461536 0.6838942307692307 0.028846153846153848 0.02403846153846154
4 0.33774038461538464 0.7620192307692307 0.05048076923076923 0.014423076923076924
0 0.43149038461538464 0.3088942307692308 0.038461538461538464 0.026442307692307692
0 0.46875 0.6081730769230769 0.052884615384615384 0.04807692307692308
0 0.4050480769230769 0.609375 0.02403846153846154 0.021634615384615384
0 0.4014423076923077 0.5144230769230769 0.02403846153846154 0.014423076923076924
0 0.47475961538461536 0.9254807692307693 0.038461538461538464 0.02403846153846154
3 0.40024038461538464 0.36778846153846156 0.057692307692307696 0.014423076923076924
3 0.3629807692307692 0.4338942307692308 0.028846153846153848 0.02403846153846154
3 0.38461538461538464 0.6838942307692307 0.028846153846153848 0.02403846153846154
3 0.39903846153846156 0.7608173076923077 0.052884615384615384 0.014423076923076924
2 0.33653846153846156 0.36778846153846156 0.057692307692307696 0.014423076923076924
2 0.33052884615384615 0.4338942307692308 0.03125 0.026442307692307692
0 0.49158653846153844 0.027644230769230768 0.04567307692307692 0.03125
0 0.7307692307692307 0.5444711538461539 0.20192307692307693 0.15865384615384615
6 0.28725961538461536 0.5709134615384616 0.028846153846153848 0.019230769230769232