0 0.5889423076923077 0.42788461538461536 0.0673076923076923 0.052884615384615384
3 0.6490384615384616 0.23076923076923078 0.07211538461538461 0.03125
0 0.6382211538461539 0.49759615384615385 0.04326923076923077 0.03365384615384615
0 0.5841346153846154 0.16346153846153846 0.038461538461538464 0.03365384615384615
0 0.640625 0.2764423076923077 0.02403846153846154 0.021634615384615384
0 0.6959134615384616 0.6322115384615384 0.01201923076923077 0.009615384615384616
0 0.6899038461538461 0.5997596153846154 0.016826923076923076 0.01201923076923077
0 0.6947115384615384 0.5432692307692307 0.014423076923076924 0.009615384615384616
2 0.7536057692307693 0.7992788461538461 0.0625 0.04807692307692308
2 0.7295673076923077 0.2283653846153846 0.07211538461538461 0.03365384615384615
0 0.5721153846153846 0.96875 0.0673076923076923 0.038461538461538464
6 0.9411057692307693 0.44350961538461536 0.08653846153846154 0.052884615384615384
0 0.6370192307692307 0.8629807692307693 0.04567307692307692 0.03365384615384615
0 0.5384615384615384 0.015625 0.0625 0.03125
0 0.5949519230769231 0.1971153846153846 0.038461538461538464 0.026442307692307692
0 0.7043269230769231 0.6598557692307693 0.01201923076923077 0.009615384615384616
0 0.6923076923076923 0.4807692307692308 0.019230769230769232 0.014423076923076924
3 0.6754807692307693 0.8052884615384616 0.07211538461538461 0.04807692307692308
1 0.6610576923076923 0.41225961538461536 0.09615384615384616 0.125