0 0.42788461538461536 0.15264423076923078 0.057692307692307696 0.04326923076923077
3 0.28966346153846156 0.53125 0.05048076923076923 0.040865384615384616
3 0.3581730769230769 0.14903846153846154 0.04567307692307692 0.036057692307692304
2 0.23918269230769232 0.8161057692307693 0.1346153846153846 0.08413461538461539
2 0.23677884615384615 0.5300480769230769 0.04326923076923077 0.03365384615384615
3 0.4026442307692308 0.8185096153846154 0.17307692307692307 0.09134615384615384
4 0.30649038461538464 0.14182692307692307 0.04567307692307692 0.03365384615384615
0 0.31971153846153844 0.36658653846153844 0.019230769230769232 0.016826923076923076
0 0.3173076923076923 0.6875 0.028846153846153848 0.02403846153846154
6 0.15384615384615385 0.29086538461538464 0.052884615384615384 0.03365384615384615
0 0.35216346153846156 0.21153846153846154 0.019230769230769232 0.019230769230769232