0 0.5949519230769231 0.3605769230769231 0.038461538461538464 0.05048076923076923
0 0.28846153846153844 0.3605769230769231 0.04567307692307692 0.05048076923076923
3 0.3401442307692308 0.3918269230769231 0.0985576923076923 0.028846153846153848
0 0.03125 0.5180288461538461 0.052884615384615384 0.11057692307692307
0 0.3545673076923077 0.3161057692307692 0.014423076923076924 0.028846153846153848
0 0.33413461538461536 0.3076923076923077 0.019230769230769232 0.02403846153846154
0 0.24759615384615385 0.3112980769230769 0.016826923076923076 0.019230769230769232
5 0.7776442307692307 0.2644230769230769 0.014423076923076924 0.04326923076923077
5 0.7151442307692307 0.26322115384615385 0.019230769230769232 0.028846153846153848
3 0.7752403846153846 0.3137019230769231 0.014423076923076924 0.04326923076923077
3 0.7127403846153846 0.2956730769230769 0.021634615384615384 0.028846153846153848
2 0.4891826923076923 0.24639423076923078 0.021634615384615384 0.028846153846153848
3 0.4879807692307692 0.2776442307692308 0.02403846153846154 0.02403846153846154
1 0.8822115384615384 0.5336538461538461 0.22355769230769232 0.41346153846153844
0 0.30408653846153844 0.296875 0.014423076923076924 0.019230769230769232
0 0.18509615384615385 0.3076923076923077 0.014423076923076924 0.019230769230769232
0 0.13701923076923078 0.3125 0.014423076923076924 0.016826923076923076
0 0.7584134615384616 0.3173076923076923 0.014423076923076924 0.019230769230769232