0 0.9663461538461539 0.12740384615384615 0.052884615384615384 0.0673076923076923
0 0.8125 0.3317307692307692 0.01201923076923077 0.009615384615384616
0 0.6706730769230769 0.3233173076923077 0.014423076923076924 0.016826923076923076
0 0.6442307692307693 0.3317307692307692 0.014423076923076924 0.019230769230769232
0 0.5973557692307693 0.3389423076923077 0.014423076923076924 0.019230769230769232
0 0.5216346153846154 0.3269230769230769 0.014423076923076924 0.019230769230769232
0 0.4375 0.3401442307692308 0.014423076923076924 0.019230769230769232
0 0.40625 0.3317307692307692 0.009615384615384616 0.019230769230769232
0 0.3713942307692308 0.33653846153846156 0.014423076923076924 0.019230769230769232
0 0.2800480769230769 0.36658653846153844 0.021634615384615384 0.02403846153846154
0 0.24639423076923078 0.4050480769230769 0.038461538461538464 0.04326923076923077
0 0.3269230769230769 0.5228365384615384 0.07692307692307693 0.11538461538461539
0 0.11538461538461539 0.43028846153846156 0.03365384615384615 0.04326923076923077
0 0.3293269230769231 0.3605769230769231 0.014423076923076924 0.019230769230769232
3 0.7355769230769231 0.39903846153846156 0.0673076923076923 0.019230769230769232
0 0.9050480769230769 0.32211538461538464 0.028846153846153848 0.03125
3 0.15745192307692307 0.44350961538461536 0.08173076923076923 0.019230769230769232