0 0.7211538461538461 0.12620192307692307 0.1778846153846154 0.14182692307692307
0 0.515625 0.5444711538461539 0.06009615384615385 0.0625
3 0.6189903846153846 0.546875 0.04326923076923077 0.014423076923076924
2 0.6790865384615384 0.5432692307692307 0.04567307692307692 0.014423076923076924
0 0.5096153846153846 0.8233173076923077 0.057692307692307696 0.04326923076923077
0 0.5637019230769231 0.8353365384615384 0.028846153846153848 0.019230769230769232
0 0.5745192307692307 0.6430288461538461 0.03365384615384615 0.028846153846153848
0 0.5913461538461539 0.7019230769230769 0.02403846153846154 0.02403846153846154
0 0.6009615384615384 0.7355769230769231 0.019230769230769232 0.014423076923076924
1 0.3173076923076923 0.20432692307692307 0.6153846153846154 0.3942307692307692
6 0.6911057692307693 0.7439903846153846 0.019230769230769232 0.014423076923076924
3 0.625 0.6117788461538461 0.028846153846153848 0.02403846153846154
2 0.6598557692307693 0.6129807692307693 0.028846153846153848 0.021634615384615384
0 0.5973557692307693 0.4675480769230769 0.019230769230769232 0.019230769230769232
0 0.6033653846153846 0.6165865384615384 0.019230769230769232 0.016826923076923076
3 0.5625 0.9194711538461539 0.0673076923076923 0.019230769230769232