0 0.5096153846153846 0.6514423076923077 0.08173076923076923 0.0673076923076923
2 0.2932692307692308 0.5588942307692307 0.09134615384615384 0.040865384615384616
2 0.33774038461538464 0.7043269230769231 0.03365384615384615 0.028846153846153848
3 0.39903846153846156 0.5661057692307693 0.09615384615384616 0.04326923076923077
3 0.3870192307692308 0.7043269230769231 0.038461538461538464 0.03125
0 0.41586538461538464 0.796875 0.019230769230769232 0.014423076923076924
0 0.4206730769230769 0.4699519230769231 0.038461538461538464 0.019230769230769232
0 0.41947115384615385 0.28125 0.028846153846153848 0.03125
0 0.41947115384615385 0.24879807692307693 0.019230769230769232 0.016826923076923076
3 0.4411057692307692 0.9807692307692307 0.04567307692307692 0.028846153846153848
1 0.44591346153846156 0.8966346153846154 0.10576923076923077 0.1201923076923077
0 0.4050480769230769 0.41947115384615385 0.028846153846153848 0.02403846153846154
6 0.2956730769230769 0.8677884615384616 0.04326923076923077 0.02403846153846154
4 0.3942307692307692 0.9831730769230769 0.04326923076923077 0.03125
0 0.40384615384615385 0.17307692307692307 0.019230769230769232 0.02403846153846154