0 0.5973557692307693 0.36899038461538464 0.03365384615384615 0.026442307692307692
0 0.5901442307692307 0.30649038461538464 0.028846153846153848 0.028846153846153848
0 0.5673076923076923 0.15264423076923078 0.03365384615384615 0.028846153846153848
0 0.7247596153846154 0.3605769230769231 0.019230769230769232 0.014423076923076924
3 0.6466346153846154 0.6213942307692307 0.028846153846153848 0.021634615384615384
0 0.6346153846153846 0.5913461538461539 0.019230769230769232 0.014423076923076924
0 0.6370192307692307 0.5264423076923077 0.014423076923076924 0.01201923076923077
3 0.6442307692307693 0.5528846153846154 0.04567307692307692 0.014423076923076924
0 0.5925480769230769 0.2692307692307692 0.03125 0.016826923076923076
2 0.6802884615384616 0.6237980769230769 0.028846153846153848 0.016826923076923076
2 0.6923076923076923 0.5528846153846154 0.038461538461538464 0.014423076923076924
5 0.6586538461538461 0.8545673076923077 0.028846153846153848 0.021634615384615384
3 0.625 0.8533653846153846 0.02403846153846154 0.014423076923076924
5 0.6598557692307693 0.8966346153846154 0.04807692307692308 0.016826923076923076
3 0.6045673076923077 0.8966346153846154 0.05048076923076923 0.016826923076923076
0 0.5264423076923077 0.8341346153846154 0.0673076923076923 0.04326923076923077
0 0.5745192307692307 0.8509615384615384 0.028846153846153848 0.026442307692307692
3 0.5805288461538461 0.484375 0.019230769230769232 0.0673076923076923