0 0.48197115384615385 0.5817307692307693 0.09134615384615384 0.07692307692307693
0 0.3641826923076923 0.5216346153846154 0.038461538461538464 0.028846153846153848
0 0.3870192307692308 0.6838942307692307 0.04326923076923077 0.03365384615384615
3 0.3629807692307692 0.7824519230769231 0.07211538461538461 0.028846153846153848
2 0.2620192307692308 0.2512019230769231 0.057692307692307696 0.04807692307692308
6 0.08774038461538461 0.6009615384615384 0.10817307692307693 0.057692307692307696
0 0.36778846153846156 0.15384615384615385 0.03125 0.019230769230769232
0 0.3786057692307692 0.6298076923076923 0.038461538461538464 0.038461538461538464
3 0.3954326923076923 0.5408653846153846 0.019230769230769232 0.0625
3 0.3317307692307692 0.2980769230769231 0.0673076923076923 0.02403846153846154
3 0.33774038461538464 0.24879807692307693 0.07451923076923077 0.04567307692307692
2 0.29086538461538464 0.7872596153846154 0.06490384615384616 0.026442307692307692