0 0.23317307692307693 0.37259615384615385 0.11538461538461539 0.14182692307692307
0 0.3449519230769231 0.4411057692307692 0.09375 0.125
0 0.8161057692307693 0.41947115384615385 0.08413461538461539 0.1201923076923077
0 0.23317307692307693 0.5673076923076923 0.03365384615384615 0.04326923076923077
0 0.0829326923076923 0.5685096153846154 0.021634615384615384 0.02403846153846154
3 0.2127403846153846 0.6189903846153846 0.014423076923076924 0.036057692307692304
0 0.8870192307692307 0.5288461538461539 0.028846153846153848 0.05048076923076923
0 0.3173076923076923 0.6129807692307693 0.014423076923076924 0.019230769230769232
6 0.3918269230769231 0.7235576923076923 0.014423076923076924 0.02403846153846154
4 0.2127403846153846 0.6730769230769231 0.014423076923076924 0.038461538461538464
3 0.30288461538461536 0.6370192307692307 0.019230769230769232 0.03125
0 0.45072115384615385 0.6382211538461539 0.009615384615384616 0.019230769230769232
4 0.30288461538461536 0.6670673076923077 0.019230769230769232 0.02403846153846154