0 0.31490384615384615 0.6754807692307693 0.125 0.17548076923076922
3 0.04326923076923077 0.4807692307692308 0.0673076923076923 0.14423076923076922
0 0.6310096153846154 0.4375 0.03365384615384615 0.04326923076923077
5 0.03365384615384615 0.31490384615384615 0.057692307692307696 0.13701923076923078
0 0.38341346153846156 0.4098557692307692 0.026442307692307692 0.028846153846153848
0 0.5901442307692307 0.3942307692307692 0.014423076923076924 0.016826923076923076
0 0.5192307692307693 0.3894230769230769 0.009615384615384616 0.019230769230769232
0 0.12980769230769232 0.5120192307692307 0.052884615384615384 0.0673076923076923
0 0.2127403846153846 0.45552884615384615 0.03365384615384615 0.052884615384615384
0 0.8485576923076923 0.4651442307692308 0.03125 0.038461538461538464
0 0.9014423076923077 0.4651442307692308 0.028846153846153848 0.038461538461538464
6 0.5480769230769231 0.30649038461538464 0.01201923076923077 0.016826923076923076
3 0.44471153846153844 0.3629807692307692 0.014423076923076924 0.016826923076923076
0 0.7403846153846154 0.4326923076923077 0.026442307692307692 0.028846153846153848
3 0.8004807692307693 0.4723557692307692 0.0625 0.019230769230769232