0 0.22235576923076922 0.09375 0.23317307692307693 0.17548076923076922
0 0.7800480769230769 0.4483173076923077 0.0673076923076923 0.09134615384615384
0 0.47716346153846156 0.5745192307692307 0.03365384615384615 0.038461538461538464
0 0.7055288461538461 0.5733173076923077 0.028846153846153848 0.03365384615384615
0 0.9651442307692307 0.6923076923076923 0.02403846153846154 0.03125
0 0.8725961538461539 0.5637019230769231 0.009615384615384616 0.019230769230769232
2 0.3137019230769231 0.6646634615384616 0.026442307692307692 0.04326923076923077
3 0.1814903846153846 0.5552884615384616 0.03365384615384615 0.10096153846153846
3 0.3137019230769231 0.6225961538461539 0.028846153846153848 0.04326923076923077
3 0.6033653846153846 0.6177884615384616 0.026442307692307692 0.03125
4 0.6057692307692307 0.6634615384615384 0.02403846153846154 0.03125
0 0.3954326923076923 0.5396634615384616 0.04807692307692308 0.057692307692307696
0 0.5252403846153846 0.5961538461538461 0.021634615384615384 0.028846153846153848
0 0.5709134615384616 0.6105769230769231 0.014423076923076924 0.019230769230769232
0 0.38461538461538464 0.6069711538461539 0.014423076923076924 0.014423076923076924
2 0.1778846153846154 0.6598557692307693 0.03365384615384615 0.09134615384615384
0 0.49399038461538464 0.6117788461538461 0.014423076923076924 0.019230769230769232
0 0.4723557692307692 0.6177884615384616 0.01201923076923077 0.019230769230769232
0 0.40625 0.6165865384615384 0.01201923076923077 0.016826923076923076