0 0.5252403846153846 0.9411057692307693 0.07932692307692307 0.0625
0 0.609375 0.8810096153846154 0.04326923076923077 0.03125
0 0.6466346153846154 0.5745192307692307 0.038461538461538464 0.036057692307692304
0 0.6382211538461539 0.45552884615384615 0.052884615384615384 0.038461538461538464
0 0.5673076923076923 0.17067307692307693 0.07692307692307693 0.057692307692307696
0 0.6694711538461539 0.6081730769230769 0.03125 0.02403846153846154
0 0.6045673076923077 0.12740384615384615 0.05048076923076923 0.036057692307692304
0 0.6682692307692307 0.2091346153846154 0.019230769230769232 0.014423076923076924
0 0.3016826923076923 0.039663461538461536 0.21153846153846154 0.07211538461538461
1 0.7007211538461539 0.3317307692307692 0.04326923076923077 0.04807692307692308
3 0.6923076923076923 0.1875 0.03125 0.021634615384615384
3 0.6742788461538461 0.11899038461538461 0.057692307692307696 0.016826923076923076
3 0.7115384615384616 0.40024038461538464 0.028846153846153848 0.019230769230769232
0 0.6911057692307693 0.5456730769230769 0.016826923076923076 0.014423076923076924
0 0.6694711538461539 0.43028846153846156 0.03365384615384615 0.026442307692307692
0 0.6838942307692307 0.4050480769230769 0.019230769230769232 0.014423076923076924
0 0.6598557692307693 0.2644230769230769 0.028846153846153848 0.02403846153846154
0 0.6682692307692307 0.1875 0.019230769230769232 0.014423076923076924
2 0.7247596153846154 0.1875 0.02403846153846154 0.019230769230769232