3 0.3245192307692308 0.3942307692307692 0.06971153846153846 0.11538461538461539
2 0.38341346153846156 0.2932692307692308 0.03365384615384615 0.10096153846153846
0 0.4579326923076923 0.4170673076923077 0.040865384615384616 0.05048076923076923
0 0.1502403846153846 0.4326923076923077 0.028846153846153848 0.038461538461538464
0 0.1045673076923077 0.4338942307692308 0.026442307692307692 0.03365384615384615
0 0.4723557692307692 0.37740384615384615 0.019230769230769232 0.02403846153846154
0 0.8737980769230769 0.4651442307692308 0.040865384615384616 0.052884615384615384
4 0.32091346153846156 0.2668269230769231 0.06490384615384616 0.10817307692307693
1 0.7127403846153846 0.4375 0.2548076923076923 0.28846153846153844
3 0.1935096153846154 0.4723557692307692 0.08653846153846154 0.026442307692307692
0 0.08653846153846154 0.29447115384615385 0.021634615384615384 0.03125
0 0.7067307692307693 0.3016826923076923 0.10096153846153846 0.09134615384615384
0 0.453125 0.2776442307692308 0.014423076923076924 0.019230769230769232
0 0.9098557692307693 0.4110576923076923 0.014423076923076924 0.019230769230769232
3 0.38100961538461536 0.4098557692307692 0.04326923076923077 0.10576923076923077