3 0.5721153846153846 0.025240384615384616 0.13942307692307693 0.05048076923076923
0 0.5516826923076923 0.15745192307692307 0.0625 0.04807692307692308
0 0.5901442307692307 0.203125 0.04807692307692308 0.040865384615384616
0 0.5961538461538461 0.8641826923076923 0.05048076923076923 0.038461538461538464
0 0.5036057692307693 0.9050480769230769 0.10096153846153846 0.0625
0 0.6201923076923077 0.9711538461538461 0.028846153846153848 0.016826923076923076
0 0.6682692307692307 0.6694711538461539 0.019230769230769232 0.016826923076923076
0 0.6862980769230769 0.6490384615384616 0.019230769230769232 0.01201923076923077
0 0.6766826923076923 0.7091346153846154 0.016826923076923076 0.014423076923076924
0 0.6778846153846154 0.7956730769230769 0.019230769230769232 0.014423076923076924
0 0.7644230769230769 0.9146634615384616 0.02403846153846154 0.016826923076923076
3 0.5588942307692307 0.25600961538461536 0.038461538461538464 0.09615384615384616
3 0.5612980769230769 0.9675480769230769 0.028846153846153848 0.057692307692307696
0 0.6550480769230769 0.46274038461538464 0.03365384615384615 0.02403846153846154
2 0.7151442307692307 0.020432692307692308 0.12980769230769232 0.040865384615384616