0 0.12740384615384615 0.03365384615384615 0.0673076923076923 0.052884615384615384
0 0.3317307692307692 0.1875 0.009615384615384616 0.01201923076923077
0 0.3233173076923077 0.3293269230769231 0.016826923076923076 0.014423076923076924
0 0.3317307692307692 0.3557692307692308 0.019230769230769232 0.014423076923076924
0 0.3389423076923077 0.4026442307692308 0.019230769230769232 0.014423076923076924
0 0.3269230769230769 0.47836538461538464 0.019230769230769232 0.014423076923076924
0 0.3401442307692308 0.5625 0.019230769230769232 0.014423076923076924
0 0.3317307692307692 0.59375 0.019230769230769232 0.009615384615384616
0 0.33653846153846156 0.6286057692307693 0.019230769230769232 0.014423076923076924
0 0.36658653846153844 0.7199519230769231 0.02403846153846154 0.019230769230769232
0 0.4050480769230769 0.7536057692307693 0.04326923076923077 0.038461538461538464
0 0.5228365384615384 0.6730769230769231 0.11538461538461539 0.07692307692307693
0 0.43028846153846156 0.8846153846153846 0.04326923076923077 0.03365384615384615
0 0.3605769230769231 0.6706730769230769 0.019230769230769232 0.014423076923076924
3 0.39903846153846156 0.2644230769230769 0.019230769230769232 0.0673076923076923
0 0.32211538461538464 0.09495192307692307 0.03125 0.028846153846153848
3 0.44350961538461536 0.8425480769230769 0.019230769230769232 0.08173076923076923