0 0.5060096153846154 0.8425480769230769 0.07451923076923077 0.057692307692307696
0 0.48197115384615385 0.8004807692307693 0.06009615384615385 0.04567307692307692
0 0.4567307692307692 0.4495192307692308 0.0625 0.055288461538461536
0 0.4074519230769231 0.5925480769230769 0.03365384615384615 0.028846153846153848
0 0.40384615384615385 0.7704326923076923 0.019230769230769232 0.014423076923076924
0 0.39302884615384615 0.6213942307692307 0.03365384615384615 0.02403846153846154
0 0.3870192307692308 0.5576923076923077 0.019230769230769232 0.021634615384615384
0 0.38100961538461536 0.53125 0.016826923076923076 0.014423076923076924
2 0.32091346153846156 0.53125 0.028846153846153848 0.021634615384615384
3 0.3557692307692308 0.5300480769230769 0.028846153846153848 0.019230769230769232
3 0.3737980769230769 0.765625 0.03125 0.021634615384615384
3 0.3641826923076923 0.4519230769230769 0.0625 0.021634615384615384
0 0.4723557692307692 0.9903846153846154 0.038461538461538464 0.016826923076923076
0 0.4338942307692308 0.9447115384615384 0.019230769230769232 0.014423076923076924
0 0.3942307692307692 0.3786057692307692 0.02403846153846154 0.026442307692307692
4 0.3401442307692308 0.765625 0.03125 0.021634615384615384
2 0.29927884615384615 0.44591346153846156 0.052884615384615384 0.016826923076923076
3 0.4855769230769231 0.9182692307692307 0.019230769230769232 0.0625