3 0.7103365384615384 0.3641826923076923 0.02403846153846154 0.028846153846153848
3 0.3581730769230769 0.3713942307692308 0.019230769230769232 0.07211538461538461
2 0.7115384615384616 0.3269230769230769 0.02403846153846154 0.03365384615384615
0 0.5600961538461539 0.38100961538461536 0.02403846153846154 0.02403846153846154
4 0.3605769230769231 0.2956730769230769 0.014423076923076924 0.0625
0 0.9411057692307693 0.4723557692307692 0.02403846153846154 0.03365384615384615
0 0.41346153846153844 0.4098557692307692 0.028846153846153848 0.04326923076923077
3 0.21634615384615385 0.49158653846153844 0.10096153846153846 0.04326923076923077
6 0.5769230769230769 0.27283653846153844 0.014423076923076924 0.019230769230769232
0 0.7752403846153846 0.4026442307692308 0.019230769230769232 0.02403846153846154
0 0.3954326923076923 0.3762019230769231 0.019230769230769232 0.019230769230769232
0 0.9302884615384616 0.4230769230769231 0.01201923076923077 0.016826923076923076