0 0.24519230769230768 0.5600961538461539 0.07451923076923077 0.10096153846153846
0 0.24879807692307693 0.6466346153846154 0.03365384615384615 0.038461538461538464
3 0.8990384615384616 0.6526442307692307 0.04567307692307692 0.07932692307692307
3 0.3293269230769231 0.6790865384615384 0.057692307692307696 0.07932692307692307
4 0.3269230769230769 0.765625 0.052884615384615384 0.0673076923076923
0 0.9831730769230769 0.5649038461538461 0.026442307692307692 0.052884615384615384
0 0.6610576923076923 0.6610576923076923 0.02403846153846154 0.03125
0 0.4050480769230769 0.671875 0.028846153846153848 0.03125
0 0.7572115384615384 0.6766826923076923 0.01201923076923077 0.019230769230769232
0 0.5733173076923077 0.6959134615384616 0.014423076923076924 0.019230769230769232
6 0.7163461538461539 0.9651442307692307 0.07211538461538461 0.0625
2 0.9014423076923077 0.734375 0.04807692307692308 0.07211538461538461
0 0.6995192307692307 0.6899038461538461 0.014423076923076924 0.016826923076923076
0 0.5444711538461539 0.7067307692307693 0.014423076923076924 0.019230769230769232
0 0.6045673076923077 0.7067307692307693 0.01201923076923077 0.019230769230769232