0 0.33653846153846156 0.5192307692307693 0.052884615384615384 0.06009615384615385
0 0.15504807692307693 0.5432692307692307 0.026442307692307692 0.038461538461538464
0 0.21634615384615385 0.5625 0.026442307692307692 0.03365384615384615
0 0.05048076923076923 0.4831730769230769 0.04326923076923077 0.0625
3 0.7740384615384616 0.4879807692307692 0.07932692307692307 0.03125
0 0.3942307692307692 0.5913461538461539 0.016826923076923076 0.02403846153846154
0 0.6574519230769231 0.5661057692307693 0.02403846153846154 0.03365384615384615
0 0.8076923076923077 0.6838942307692307 0.019230769230769232 0.02403846153846154
3 0.5420673076923077 0.6189903846153846 0.014423076923076924 0.028846153846153848
3 0.6081730769230769 0.6225961538461539 0.016826923076923076 0.019230769230769232
0 0.7824519230769231 0.578125 0.014423076923076924 0.019230769230769232
0 0.7127403846153846 0.6021634615384616 0.014423076923076924 0.019230769230769232
2 0.5432692307692307 0.6586538461538461 0.014423076923076924 0.03365384615384615
6 0.6838942307692307 0.671875 0.014423076923076924 0.019230769230769232