2 0.41346153846153844 0.22115384615384615 0.04567307692307692 0.0673076923076923
3 0.4110576923076923 0.30528846153846156 0.05048076923076923 0.07692307692307693
0 0.23197115384615385 0.3425480769230769 0.019230769230769232 0.03125
0 0.09014423076923077 0.35336538461538464 0.01201923076923077 0.019230769230769232
4 0.4579326923076923 0.23317307692307693 0.028846153846153848 0.07211538461538461
3 0.4567307692307692 0.31971153846153844 0.026442307692307692 0.07692307692307693
1 0.7199519230769231 0.4338942307692308 0.35336538461538464 0.375
6 0.8737980769230769 0.039663461538461536 0.0673076923076923 0.07211538461538461
0 0.13701923076923078 0.3557692307692308 0.02403846153846154 0.03125
0 0.5120192307692307 0.3245192307692308 0.019230769230769232 0.019230769230769232
4 0.9855769230769231 0.3329326923076923 0.02403846153846154 0.0889423076923077
3 0.9483173076923077 0.39903846153846156 0.02403846153846154 0.0673076923076923
3 0.9807692307692307 0.4230769230769231 0.036057692307692304 0.07932692307692307
0 0.1502403846153846 0.31971153846153844 0.009615384615384616 0.014423076923076924
0 0.2091346153846154 0.32211538461538464 0.009615384615384616 0.019230769230769232