3 0.4567307692307692 0.4651442307692308 0.19471153846153846 0.09134615384615384
0 0.4675480769230769 0.609375 0.052884615384615384 0.06009615384615385
0 0.5228365384615384 0.6334134615384616 0.038461538461538464 0.05048076923076923
0 0.5240384615384616 0.8269230769230769 0.03365384615384615 0.03365384615384615
0 0.45913461538461536 0.6875 0.019230769230769232 0.019230769230769232
0 0.7463942307692307 0.65625 0.019230769230769232 0.02403846153846154
0 0.6778846153846154 0.6838942307692307 0.014423076923076924 0.014423076923076924
0 0.9110576923076923 0.6189903846153846 0.021634615384615384 0.028846153846153848
0 0.9795673076923077 0.5757211538461539 0.028846153846153848 0.03365384615384615
0 0.9663461538461539 0.5985576923076923 0.016826923076923076 0.03125
0 0.9543269230769231 0.6117788461538461 0.014423076923076924 0.02403846153846154
3 0.8677884615384616 0.6526442307692307 0.019230769230769232 0.04326923076923077
4 0.8713942307692307 0.6971153846153846 0.014423076923076924 0.03365384615384615
6 0.7127403846153846 0.7536057692307693 0.014423076923076924 0.019230769230769232
0 0.7572115384615384 0.6646634615384616 0.014423076923076924 0.016826923076923076
0 0.7223557692307693 0.6778846153846154 0.014423076923076924 0.019230769230769232
0 0.9459134615384616 0.6322115384615384 0.014423076923076924 0.019230769230769232