3 0.21754807692307693 0.5108173076923077 0.09375 0.03365384615384615
0 0.39302884615384615 0.6225961538461539 0.014423076923076924 0.019230769230769232
0 0.7764423076923077 0.5985576923076923 0.019230769230769232 0.019230769230769232
3 0.359375 0.6262019230769231 0.021634615384615384 0.0673076923076923
3 0.7115384615384616 0.6334134615384616 0.026442307692307692 0.038461538461538464
4 0.3581730769230769 0.6995192307692307 0.016826923076923076 0.0673076923076923
0 0.5612980769230769 0.6189903846153846 0.028846153846153848 0.03365384615384615
0 0.41346153846153844 0.6274038461538461 0.014423076923076924 0.016826923076923076
0 0.7439903846153846 0.6153846153846154 0.014423076923076924 0.014423076923076924
2 0.7115384615384616 0.6730769230769231 0.028846153846153848 0.038461538461538464
0 0.46875 0.6370192307692307 0.01201923076923077 0.019230769230769232
0 0.49278846153846156 0.6430288461538461 0.014423076923076924 0.019230769230769232
0 0.5192307692307693 0.6418269230769231 0.01201923076923077 0.019230769230769232
0 0.875 0.5961538461538461 0.01201923076923077 0.016826923076923076
0 0.4182692307692308 0.5901442307692307 0.026442307692307692 0.038461538461538464
0 0.9387019230769231 0.5324519230769231 0.028846153846153848 0.038461538461538464
6 0.5793269230769231 0.7331730769230769 0.016826923076923076 0.03365384615384615