3 0.8004807692307693 0.6754807692307693 0.04807692307692308 0.06490384615384616
0 0.9471153846153846 0.5877403846153846 0.04567307692307692 0.0625
0 0.4735576923076923 0.6033653846153846 0.057692307692307696 0.0673076923076923
0 0.1971153846153846 0.6117788461538461 0.03125 0.04807692307692308
0 0.23557692307692307 0.6189903846153846 0.026442307692307692 0.04326923076923077
3 0.27283653846153844 0.6634615384615384 0.03125 0.07211538461538461
2 0.2704326923076923 0.7415865384615384 0.03125 0.0673076923076923
0 0.38341346153846156 0.6826923076923077 0.014423076923076924 0.019230769230769232
0 0.41586538461538464 0.6875 0.014423076923076924 0.019230769230769232
2 0.796875 0.7548076923076923 0.04807692307692308 0.06490384615384616
0 0.04927884615384615 0.5697115384615384 0.03365384615384615 0.052884615384615384
0 0.4375 0.6947115384615384 0.01201923076923077 0.019230769230769232
0 0.4651442307692308 0.6971153846153846 0.009615384615384616 0.019230769230769232
0 0.8557692307692307 0.640625 0.03125 0.03365384615384615
0 0.5168269230769231 0.6526442307692307 0.038461538461538464 0.038461538461538464
0 0.30408653846153844 0.6550480769230769 0.019230769230769232 0.028846153846153848
6 0.4879807692307692 0.9134615384615384 0.04807692307692308 0.09615384615384616