3 0.6045673076923077 0.7560096153846154 0.0673076923076923 0.038461538461538464
3 0.5985576923076923 0.2644230769230769 0.06009615384615385 0.05048076923076923
1 0.5564903846153846 0.49399038461538464 0.22115384615384615 0.2644230769230769
0 0.5024038461538461 0.04927884615384615 0.05048076923076923 0.036057692307692304
0 0.5600961538461539 0.1778846153846154 0.03365384615384615 0.028846153846153848
0 0.5384615384615384 0.8966346153846154 0.03365384615384615 0.026442307692307692
0 0.7235576923076923 0.7704326923076923 0.028846153846153848 0.028846153846153848
2 0.6778846153846154 0.26322115384615385 0.0673076923076923 0.04567307692307692
4 0.6730769230769231 0.7596153846153846 0.05048076923076923 0.038461538461538464
6 0.859375 0.6069711538461539 0.09615384615384616 0.055288461538461536
0 0.5793269230769231 0.6394230769230769 0.038461538461538464 0.02403846153846154
3 0.6105769230769231 0.7283653846153846 0.057692307692307696 0.016826923076923076
0 0.6021634615384616 0.6947115384615384 0.019230769230769232 0.014423076923076924
3 0.4254807692307692 0.9639423076923077 0.04807692307692308 0.0673076923076923