0 0.8641826923076923 0.5132211538461539 0.07451923076923077 0.11057692307692307
0 0.5865384615384616 0.34134615384615385 0.026442307692307692 0.038461538461538464
0 0.4879807692307692 0.3629807692307692 0.04567307692307692 0.052884615384615384
0 0.3245192307692308 0.375 0.038461538461538464 0.052884615384615384
1 0.9411057692307693 0.3713942307692308 0.11298076923076923 0.17067307692307693
0 0.7932692307692307 0.3737980769230769 0.03365384615384615 0.04326923076923077
0 0.6947115384615384 0.33653846153846156 0.02403846153846154 0.03125
0 0.11899038461538461 0.3762019230769231 0.019230769230769232 0.03365384615384615
4 0.7512019230769231 0.24879807692307693 0.036057692307692304 0.04807692307692308
0 0.6574519230769231 0.31850961538461536 0.019230769230769232 0.019230769230769232
0 0.4098557692307692 0.3233173076923077 0.02403846153846154 0.028846153846153848
0 0.0673076923076923 0.47475961538461536 0.04807692307692308 0.07451923076923077
3 0.7163461538461539 0.3016826923076923 0.016826923076923076 0.052884615384615384
2 0.71875 0.24519230769230768 0.021634615384615384 0.052884615384615384
2 0.296875 0.24278846153846154 0.04326923076923077 0.057692307692307696
6 0.5769230769230769 0.12740384615384615 0.028846153846153848 0.0673076923076923