0 0.4807692307692308 0.6634615384615384 0.06009615384615385 0.052884615384615384
0 0.4567307692307692 0.8449519230769231 0.038461538461538464 0.026442307692307692
0 0.4375 0.7836538461538461 0.03365384615384615 0.026442307692307692
0 0.5168269230769231 0.9495192307692307 0.0625 0.04326923076923077
3 0.5120192307692307 0.22596153846153846 0.03125 0.07932692307692307
0 0.40865384615384615 0.6057692307692307 0.02403846153846154 0.016826923076923076
0 0.4338942307692308 0.3425480769230769 0.03365384615384615 0.02403846153846154
0 0.3161057692307692 0.19230769230769232 0.02403846153846154 0.019230769230769232
3 0.38100961538461536 0.4579326923076923 0.028846153846153848 0.014423076923076924
3 0.37740384615384615 0.3918269230769231 0.019230769230769232 0.016826923076923076
0 0.421875 0.21754807692307693 0.019230769230769232 0.014423076923076924
0 0.39783653846153844 0.28725961538461536 0.019230769230769232 0.014423076923076924
2 0.34134615384615385 0.4567307692307692 0.03365384615384615 0.014423076923076924
6 0.328125 0.3161057692307692 0.019230769230769232 0.014423076923076924