0 0.5276442307692307 0.06850961538461539 0.07932692307692307 0.052884615384615384
0 0.6117788461538461 0.11298076923076923 0.038461538461538464 0.028846153846153848
0 0.6117788461538461 0.18629807692307693 0.04807692307692308 0.028846153846153848
0 0.65625 0.5829326923076923 0.03365384615384615 0.038461538461538464
3 0.6225961538461539 0.6105769230769231 0.019230769230769232 0.07692307692307693
0 0.609375 0.4411057692307692 0.07211538461538461 0.057692307692307696
0 0.6454326923076923 0.6634615384615384 0.04326923076923077 0.038461538461538464
0 0.6971153846153846 0.5024038461538461 0.019230769230769232 0.014423076923076924
3 0.6995192307692307 0.5396634615384616 0.052884615384615384 0.016826923076923076
3 0.7127403846153846 0.47836538461538464 0.03365384615384615 0.02403846153846154
2 0.7560096153846154 0.5360576923076923 0.04567307692307692 0.014423076923076924
2 0.7463942307692307 0.4807692307692308 0.02403846153846154 0.019230769230769232
3 0.6995192307692307 0.25841346153846156 0.03125 0.02403846153846154
5 0.7319711538461539 0.25961538461538464 0.028846153846153848 0.021634615384615384
0 0.78125 0.14182692307692307 0.028846153846153848 0.028846153846153848
0 0.5228365384615384 0.9134615384615384 0.09615384615384616 0.07451923076923077