0 0.3389423076923077 0.4567307692307692 0.07211538461538461 0.09615384615384616
0 0.4699519230769231 0.3473557692307692 0.03365384615384615 0.038461538461538464
0 0.4014423076923077 0.33774038461538464 0.02403846153846154 0.028846153846153848
1 0.06850961538461539 0.4050480769230769 0.12980769230769232 0.15865384615384615
0 0.6887019230769231 0.3161057692307692 0.014423076923076924 0.019230769230769232
3 0.265625 0.31490384615384615 0.021634615384615384 0.028846153846153848
0 0.5504807692307693 0.21995192307692307 0.016826923076923076 0.019230769230769232
0 0.4230769230769231 0.3076923076923077 0.01201923076923077 0.019230769230769232
0 0.21514423076923078 0.3269230769230769 0.01201923076923077 0.016826923076923076
0 0.1935096153846154 0.3329326923076923 0.014423076923076924 0.016826923076923076
0 0.23557692307692307 0.31971153846153844 0.01201923076923077 0.019230769230769232
0 0.7319711538461539 0.3161057692307692 0.014423076923076924 0.019230769230769232