0 0.7199519230769231 0.3449519230769231 0.2548076923076923 0.17548076923076922
0 0.5336538461538461 0.11899038461538461 0.1201923076923077 0.08653846153846154
0 0.4338942307692308 0.08653846153846154 0.06490384615384616 0.040865384615384616
0 0.3737980769230769 0.28365384615384615 0.04326923076923077 0.036057692307692304
2 0.2848557692307692 0.21394230769230768 0.019230769230769232 0.014423076923076924
3 0.3088942307692308 0.21634615384615385 0.02403846153846154 0.014423076923076924
3 0.34615384615384615 0.6754807692307693 0.0673076923076923 0.019230769230769232
3 0.3161057692307692 0.7451923076923077 0.03365384615384615 0.028846153846153848
0 0.35216346153846156 0.8497596153846154 0.016826923076923076 0.014423076923076924
0 0.41346153846153844 0.9615384615384616 0.028846153846153848 0.02403846153846154
0 0.3870192307692308 0.9555288461538461 0.019230769230769232 0.014423076923076924
2 0.2776442307692308 0.6766826923076923 0.052884615384615384 0.019230769230769232
2 0.28125 0.7463942307692307 0.028846153846153848 0.02403846153846154
3 0.3894230769230769 0.9855769230769231 0.04807692307692308 0.02403846153846154
6 0.2620192307692308 0.8894230769230769 0.02403846153846154 0.016826923076923076
0 0.3713942307692308 0.9362980769230769 0.019230769230769232 0.014423076923076924