0 0.4411057692307692 0.6262019230769231 0.09615384615384616 0.0673076923076923
0 0.36899038461538464 0.7247596153846154 0.04326923076923077 0.03365384615384615
3 0.390625 0.9411057692307693 0.12259615384615384 0.0625
0 0.38822115384615385 0.8533653846153846 0.04326923076923077 0.03125
0 0.14423076923076922 0.08774038461538461 0.057692307692307696 0.052884615384615384
0 0.3317307692307692 0.6586538461538461 0.02403846153846154 0.016826923076923076
0 0.45913461538461536 0.9795673076923077 0.0673076923076923 0.036057692307692304
3 0.4074519230769231 0.026442307692307692 0.11057692307692307 0.038461538461538464
2 0.2764423076923077 0.02283653846153846 0.12259615384615384 0.036057692307692304
2 0.26322115384615385 0.9435096153846154 0.11538461538461539 0.057692307692307696
0 0.3125 0.6177884615384616 0.016826923076923076 0.009615384615384616
0 0.3112980769230769 0.5853365384615384 0.014423076923076924 0.014423076923076924
0 0.3161057692307692 0.5552884615384616 0.019230769230769232 0.019230769230769232
0 0.3112980769230769 0.47836538461538464 0.014423076923076924 0.014423076923076924
0 0.3245192307692308 0.4026442307692308 0.019230769230769232 0.014423076923076924
0 0.31850961538461536 0.3581730769230769 0.019230769230769232 0.014423076923076924
0 0.3112980769230769 0.33413461538461536 0.019230769230769232 0.014423076923076924