0 0.29447115384615385 0.3629807692307692 0.03125 0.04326923076923077
0 0.32572115384615385 0.3713942307692308 0.038461538461538464 0.052884615384615384
3 0.25600961538461536 0.3942307692307692 0.06971153846153846 0.019230769230769232
0 0.040865384615384616 0.41947115384615385 0.038461538461538464 0.052884615384615384
0 0.09975961538461539 0.3737980769230769 0.02403846153846154 0.03365384615384615
3 0.4266826923076923 0.32091346153846156 0.057692307692307696 0.08173076923076923
3 0.9591346153846154 0.3737980769230769 0.038461538461538464 0.08173076923076923
3 0.9903846153846154 0.38100961538461536 0.014423076923076924 0.08413461538461539
2 0.4266826923076923 0.22956730769230768 0.0625 0.08173076923076923
5 0.9903846153846154 0.2932692307692308 0.014423076923076924 0.07692307692307693
2 0.9627403846153846 0.2848557692307692 0.028846153846153848 0.07692307692307693
3 0.46634615384615385 0.3173076923076923 0.009615384615384616 0.07211538461538461
5 0.46875 0.23076923076923078 0.01201923076923077 0.07932692307692307