0 0.36899038461538464 0.4026442307692308 0.026442307692307692 0.03365384615384615
0 0.30649038461538464 0.4098557692307692 0.028846153846153848 0.028846153846153848
0 0.15264423076923078 0.4326923076923077 0.028846153846153848 0.03365384615384615
0 0.3605769230769231 0.27524038461538464 0.014423076923076924 0.019230769230769232
3 0.6213942307692307 0.35336538461538464 0.021634615384615384 0.028846153846153848
0 0.5913461538461539 0.36538461538461536 0.014423076923076924 0.019230769230769232
0 0.5264423076923077 0.3629807692307692 0.01201923076923077 0.014423076923076924
3 0.5528846153846154 0.3557692307692308 0.014423076923076924 0.04567307692307692
0 0.2692307692307692 0.4074519230769231 0.016826923076923076 0.03125
2 0.6237980769230769 0.31971153846153844 0.016826923076923076 0.028846153846153848
2 0.5528846153846154 0.3076923076923077 0.014423076923076924 0.038461538461538464
5 0.8545673076923077 0.34134615384615385 0.021634615384615384 0.028846153846153848
3 0.8533653846153846 0.375 0.014423076923076924 0.02403846153846154
5 0.8966346153846154 0.3401442307692308 0.014423076923076924 0.04807692307692308
3 0.8966346153846154 0.3954326923076923 0.016826923076923076 0.05048076923076923
0 0.8341346153846154 0.4735576923076923 0.04326923076923077 0.0673076923076923
0 0.8509615384615384 0.4254807692307692 0.026442307692307692 0.028846153846153848
3 0.484375 0.41947115384615385 0.0673076923076923 0.019230769230769232