0 0.04326923076923077 0.5432692307692307 0.04326923076923077 0.057692307692307696
0 0.07451923076923077 0.45913461538461536 0.019230769230769232 0.028846153846153848
0 0.28725961538461536 0.28725961538461536 0.02403846153846154 0.019230769230769232
0 0.7439903846153846 0.4098557692307692 0.016826923076923076 0.028846153846153848
1 0.3737980769230769 0.5144230769230769 0.4182692307692308 0.25
3 0.7776442307692307 0.3942307692307692 0.028846153846153848 0.08173076923076923
4 0.7752403846153846 0.30408653846153844 0.03365384615384615 0.07211538461538461
0 0.13701923076923078 0.4579326923076923 0.02403846153846154 0.038461538461538464
0 0.6165865384615384 0.37740384615384615 0.014423076923076924 0.019230769230769232
0 0.9651442307692307 0.41225961538461536 0.01201923076923077 0.019230769230769232
0 0.9483173076923077 0.40384615384615385 0.009615384615384616 0.019230769230769232
0 0.6490384615384616 0.3713942307692308 0.014423076923076924 0.016826923076923076
6 0.4543269230769231 0.055288461538461536 0.07451923076923077 0.08173076923076923
3 0.9387019230769231 0.4651442307692308 0.052884615384615384 0.03125
3 0.20192307692307693 0.4182692307692308 0.03365384615384615 0.07932692307692307
2 0.1971153846153846 0.33653846153846156 0.03125 0.057692307692307696