0 0.3317307692307692 0.7379807692307693 0.028846153846153848 0.02403846153846154
4 0.22716346153846154 0.5120192307692307 0.07211538461538461 0.021634615384615384
3 0.37740384615384615 0.03125 0.07451923076923077 0.038461538461538464
0 0.3173076923076923 0.3317307692307692 0.02403846153846154 0.019230769230769232
0 0.34615384615384615 0.8846153846153846 0.02403846153846154 0.019230769230769232
2 0.21514423076923078 0.5540865384615384 0.0673076923076923 0.04807692307692308
3 0.28846153846153844 0.5552884615384616 0.06490384615384616 0.04807692307692308
3 0.3016826923076923 0.5108173076923077 0.0673076923076923 0.019230769230769232
4 0.29927884615384615 0.025240384615384616 0.08173076923076923 0.036057692307692304
0 0.28125 0.1778846153846154 0.02403846153846154 0.019230769230769232
0 0.33413461538461536 0.8341346153846154 0.019230769230769232 0.019230769230769232
0 0.3473557692307692 0.8329326923076923 0.03125 0.021634615384615384
0 0.3088942307692308 0.47115384615384615 0.019230769230769232 0.019230769230769232
1 0.35096153846153844 0.16105769230769232 0.11538461538461539 0.11538461538461539
3 0.36899038461538464 0.05889423076923077 0.057692307692307696 0.021634615384615384
6 0.05048076923076923 0.1622596153846154 0.07451923076923077 0.0625