0 0.5973557692307693 0.6310096153846154 0.03365384615384615 0.026442307692307692
0 0.5901442307692307 0.6935096153846154 0.028846153846153848 0.028846153846153848
0 0.5673076923076923 0.8473557692307693 0.03365384615384615 0.028846153846153848
0 0.7247596153846154 0.6394230769230769 0.019230769230769232 0.014423076923076924
3 0.6466346153846154 0.3786057692307692 0.028846153846153848 0.021634615384615384
0 0.6346153846153846 0.40865384615384615 0.019230769230769232 0.014423076923076924
0 0.6370192307692307 0.4735576923076923 0.014423076923076924 0.01201923076923077
3 0.6442307692307693 0.44711538461538464 0.04567307692307692 0.014423076923076924
0 0.5925480769230769 0.7307692307692307 0.03125 0.016826923076923076
2 0.6802884615384616 0.3762019230769231 0.028846153846153848 0.016826923076923076
2 0.6923076923076923 0.44711538461538464 0.038461538461538464 0.014423076923076924
5 0.6586538461538461 0.14543269230769232 0.028846153846153848 0.021634615384615384
3 0.625 0.1466346153846154 0.02403846153846154 0.014423076923076924
5 0.6598557692307693 0.10336538461538461 0.04807692307692308 0.014423076923076924
3 0.6045673076923077 0.10336538461538461 0.05048076923076923 0.016826923076923076
0 0.5264423076923077 0.1658653846153846 0.0673076923076923 0.04326923076923077
0 0.5745192307692307 0.14903846153846154 0.028846153846153848 0.026442307692307692
3 0.5805288461538461 0.515625 0.019230769230769232 0.0673076923076923