0 0.4230769230769231 0.2956730769230769 0.04326923076923077 0.03125
0 0.41466346153846156 0.16466346153846154 0.03365384615384615 0.019230769230769232
4 0.30649038461538464 0.34975961538461536 0.057692307692307696 0.014423076923076924
2 0.3798076923076923 0.02403846153846154 0.03125 0.019230769230769232
3 0.421875 0.025240384615384616 0.03365384615384615 0.014423076923076924
3 0.47475961538461536 0.49399038461538464 0.028846153846153848 0.11298076923076923
6 0.30649038461538464 0.14423076923076922 0.019230769230769232 0.01201923076923077
3 0.375 0.35096153846153844 0.0625 0.01201923076923077
0 0.4050480769230769 0.10697115384615384 0.009615384615384616 0.014423076923076924
0 0.3858173076923077 0.2091346153846154 0.016826923076923076 0.009615384615384616
0 0.37740384615384615 0.234375 0.019230769230769232 0.009615384615384616
0 0.40024038461538464 0.13221153846153846 0.019230769230769232 0.01201923076923077
0 0.5396634615384616 0.9867788461538461 0.07451923076923077 0.021634615384615384