0 0.5036057692307693 0.20192307692307693 0.10817307692307693 0.08173076923076923
0 0.3954326923076923 0.7175480769230769 0.0625 0.055288461538461536
0 0.4699519230769231 0.9723557692307693 0.08173076923076923 0.04807692307692308
0 0.3605769230769231 0.7764423076923077 0.04567307692307692 0.03125
2 0.2536057692307692 0.4699519230769231 0.03125 0.026442307692307692
0 0.35216346153846156 0.33413461538461536 0.038461538461538464 0.03125
0 0.34615384615384615 0.7980769230769231 0.028846153846153848 0.019230769230769232
0 0.34615384615384615 0.6862980769230769 0.04326923076923077 0.026442307692307692
0 0.31490384615384615 0.3737980769230769 0.019230769230769232 0.014423076923076924
0 0.30528846153846156 0.6598557692307693 0.014423076923076924 0.01201923076923077
4 0.28966346153846156 0.20673076923076922 0.03365384615384615 0.02403846153846154
0 0.30649038461538464 0.7283653846153846 0.019230769230769232 0.01201923076923077
3 0.29086538461538464 0.4699519230769231 0.03125 0.026442307692307692
0 0.3317307692307692 0.46274038461538464 0.028846153846153848 0.028846153846153848
0 0.35697115384615385 0.8918269230769231 0.03125 0.021634615384615384
3 0.5276442307692307 0.9074519230769231 0.09134615384615384 0.14903846153846154
4 0.2692307692307692 0.7800480769230769 0.02403846153846154 0.014423076923076924
3 0.3293269230769231 0.2091346153846154 0.038461538461538464 0.026442307692307692