0 0.5949519230769231 0.5588942307692307 0.03365384615384615 0.026442307692307692
0 0.5504807692307693 0.859375 0.04807692307692308 0.028846153846153848
0 0.5985576923076923 0.3016826923076923 0.03125 0.01201923076923077
0 0.6322115384615384 0.6682692307692307 0.019230769230769232 0.014423076923076924
0 0.6322115384615384 0.6911057692307693 0.019230769230769232 0.009615384615384616
0 0.7127403846153846 0.7680288461538461 0.019230769230769232 0.014423076923076924
0 0.6225961538461539 0.4675480769230769 0.016826923076923076 0.014423076923076924
0 0.5841346153846154 0.2824519230769231 0.03125 0.019230769230769232
0 0.5661057692307693 0.1466346153846154 0.03365384615384615 0.019230769230769232
6 0.7079326923076923 0.4723557692307692 0.019230769230769232 0.009615384615384616
3 0.44350961538461536 0.078125 0.05048076923076923 0.09134615384615384
0 0.5973557692307693 0.8401442307692307 0.019230769230769232 0.014423076923076924
0 0.6045673076923077 0.796875 0.019230769230769232 0.014423076923076924
3 0.5673076923076923 0.7283653846153846 0.019230769230769232 0.057692307692307696