0 0.8725961538461539 0.9663461538461539 0.0673076923076923 0.052884615384615384
0 0.6682692307692307 0.8125 0.009615384615384616 0.01201923076923077
0 0.6766826923076923 0.6706730769230769 0.016826923076923076 0.014423076923076924
0 0.6682692307692307 0.6442307692307693 0.019230769230769232 0.014423076923076924
0 0.6610576923076923 0.5973557692307693 0.019230769230769232 0.014423076923076924
0 0.6730769230769231 0.5216346153846154 0.019230769230769232 0.014423076923076924
0 0.6598557692307693 0.4375 0.019230769230769232 0.014423076923076924
0 0.6682692307692307 0.40625 0.019230769230769232 0.009615384615384616
0 0.6634615384615384 0.3713942307692308 0.019230769230769232 0.014423076923076924
0 0.6334134615384616 0.2800480769230769 0.02403846153846154 0.019230769230769232
0 0.5949519230769231 0.24639423076923078 0.04326923076923077 0.038461538461538464
0 0.47716346153846156 0.3269230769230769 0.11538461538461539 0.07692307692307693
0 0.5697115384615384 0.11538461538461539 0.04326923076923077 0.03365384615384615
0 0.6394230769230769 0.3293269230769231 0.019230769230769232 0.014423076923076924
3 0.6009615384615384 0.7355769230769231 0.019230769230769232 0.0673076923076923
0 0.6778846153846154 0.9050480769230769 0.03125 0.028846153846153848
3 0.5564903846153846 0.15745192307692307 0.019230769230769232 0.08173076923076923