0 0.3737980769230769 0.35336538461538464 0.16346153846153846 0.1201923076923077
0 0.5661057692307693 0.6430288461538461 0.052884615384615384 0.036057692307692304
0 0.6081730769230769 0.2776442307692308 0.028846153846153848 0.019230769230769232
3 0.6177884615384616 0.20072115384615385 0.06490384615384616 0.04326923076923077
4 0.6959134615384616 0.7019230769230769 0.07211538461538461 0.016826923076923076
3 0.5997596153846154 0.7379807692307693 0.0673076923076923 0.052884615384615384
0 0.6213942307692307 0.6081730769230769 0.02403846153846154 0.014423076923076924
3 0.6129807692307693 0.6983173076923077 0.06009615384615385 0.021634615384615384
2 0.6850961538461539 0.7427884615384616 0.07932692307692307 0.052884615384615384
1 0.6153846153846154 0.39663461538461536 0.08173076923076923 0.09375
0 0.7007211538461539 0.29086538461538464 0.019230769230769232 0.014423076923076924
0 0.6382211538461539 0.5012019230769231 0.014423076923076924 0.014423076923076924
0 0.6454326923076923 0.5192307692307693 0.016826923076923076 0.009615384615384616
4 0.6862980769230769 0.19951923076923078 0.06009615384615385 0.04326923076923077
6 0.6995192307692307 0.4987980769230769 0.014423076923076924 0.01201923076923077
6 0.8822115384615384 0.3449519230769231 0.10096153846153846 0.055288461538461536