1 0.4831730769230769 0.41466346153846156 0.25 0.3125
3 0.40384615384615385 0.7896634615384616 0.07211538461538461 0.04326923076923077
3 0.546875 0.9002403846153846 0.03365384615384615 0.0889423076923077
6 0.14182692307692307 0.4951923076923077 0.10576923076923077 0.057692307692307696
2 0.3293269230769231 0.7932692307692307 0.0673076923076923 0.04807692307692308
0 0.4170673076923077 0.6165865384615384 0.028846153846153848 0.026442307692307692
0 0.4026442307692308 0.4987980769230769 0.02403846153846154 0.016826923076923076
0 0.3858173076923077 0.5168269230769231 0.016826923076923076 0.014423076923076924
0 0.46875 0.9362980769230769 0.04326923076923077 0.026442307692307692
0 0.39302884615384615 0.6995192307692307 0.019230769230769232 0.014423076923076924
0 0.39783653846153844 0.7451923076923077 0.016826923076923076 0.014423076923076924
0 0.44350961538461536 0.18629807692307693 0.03365384615384615 0.019230769230769232
4 0.3269230769230769 0.2920673076923077 0.04567307692307692 0.04326923076923077