0 0.7331730769230769 0.6478365384615384 0.02403846153846154 0.038461538461538464
0 0.46033653846153844 0.6442307692307693 0.04567307692307692 0.04567307692307692
4 0.8233173076923077 0.7512019230769231 0.05048076923076923 0.07692307692307693
3 0.06370192307692307 0.6141826923076923 0.0985576923076923 0.13701923076923078
0 0.14302884615384615 0.6201923076923077 0.036057692307692304 0.04326923076923077
0 0.17067307692307693 0.6742788461538461 0.01201923076923077 0.019230769230769232
0 0.12620192307692307 0.7475961538461539 0.026442307692307692 0.02403846153846154
0 0.22355769230769232 0.6814903846153846 0.014423076923076924 0.019230769230769232
0 0.3317307692307692 0.7019230769230769 0.009615384615384616 0.016826923076923076
0 0.36899038461538464 0.6995192307692307 0.009615384615384616 0.014423076923076924
0 0.5348557692307693 0.6838942307692307 0.019230769230769232 0.028846153846153848
0 0.5096153846153846 0.6875 0.014423076923076924 0.028846153846153848
0 0.6081730769230769 0.7956730769230769 0.019230769230769232 0.02403846153846154
4 0.055288461538461536 0.7536057692307693 0.07692307692307693 0.11538461538461539
3 0.8185096153846154 0.6526442307692307 0.057692307692307696 0.09375
0 0.3233173076923077 0.6021634615384616 0.0625 0.0625