0 0.609375 0.8557692307692307 0.03125 0.026442307692307692
0 0.5649038461538461 0.9158653846153846 0.04567307692307692 0.028846153846153848
2 0.734375 0.27403846153846156 0.03365384615384615 0.02403846153846154
3 0.6887019230769231 0.27403846153846156 0.03125 0.026442307692307692
0 0.6394230769230769 0.515625 0.04567307692307692 0.03125
0 0.5829326923076923 0.9555288461538461 0.02403846153846154 0.016826923076923076
3 0.6550480769230769 0.7235576923076923 0.07211538461538461 0.03365384615384615
0 0.5901442307692307 0.8209134615384616 0.052884615384615384 0.036057692307692304
1 0.6454326923076923 0.9038461538461539 0.038461538461538464 0.0673076923076923
4 0.7295673076923077 0.7283653846153846 0.0673076923076923 0.03365384615384615
2 0.7608173076923077 0.20192307692307693 0.07451923076923077 0.02403846153846154
2 0.7427884615384616 0.5685096153846154 0.03125 0.014423076923076924
3 0.6971153846153846 0.5697115384615384 0.03365384615384615 0.014423076923076924
0 0.6622596153846154 0.4519230769230769 0.03365384615384615 0.02403846153846154
0 0.6862980769230769 0.4831730769230769 0.014423076923076924 0.014423076923076924
0 0.6838942307692307 0.5144230769230769 0.019230769230769232 0.01201923076923077
0 0.6742788461538461 0.22596153846153846 0.02403846153846154 0.014423076923076924
6 0.7932692307692307 0.453125 0.028846153846153848 0.019230769230769232