0 0.453125 0.9747596153846154 0.09134615384615384 0.04326923076923077
0 0.6274038461538461 0.30408653846153844 0.01201923076923077 0.007211538461538462
3 0.6081730769230769 0.5697115384615384 0.08653846153846154 0.057692307692307696
3 0.6129807692307693 0.5192307692307693 0.08653846153846154 0.02403846153846154
4 0.7091346153846154 0.5192307692307693 0.08653846153846154 0.02403846153846154
2 0.7019230769230769 0.5721153846153846 0.07932692307692307 0.057692307692307696
0 0.5456730769230769 0.45072115384615385 0.0625 0.04807692307692308
0 0.6045673076923077 0.2403846153846154 0.019230769230769232 0.014423076923076924
0 0.6394230769230769 0.3269230769230769 0.016826923076923076 0.01201923076923077
0 0.6201923076923077 0.4182692307692308 0.028846153846153848 0.009615384615384616
0 0.671875 0.08653846153846154 0.019230769230769232 0.014423076923076924