0 0.5588942307692307 0.4050480769230769 0.026442307692307692 0.03365384615384615
0 0.859375 0.4495192307692308 0.028846153846153848 0.04807692307692308
0 0.3016826923076923 0.4014423076923077 0.01201923076923077 0.03125
0 0.6682692307692307 0.36778846153846156 0.014423076923076924 0.019230769230769232
0 0.6911057692307693 0.36778846153846156 0.009615384615384616 0.019230769230769232
0 0.7680288461538461 0.28725961538461536 0.014423076923076924 0.019230769230769232
0 0.4675480769230769 0.37740384615384615 0.014423076923076924 0.016826923076923076
0 0.2824519230769231 0.41586538461538464 0.019230769230769232 0.03125
0 0.1466346153846154 0.4338942307692308 0.019230769230769232 0.03365384615384615
6 0.4723557692307692 0.2920673076923077 0.009615384615384616 0.019230769230769232
3 0.078125 0.5564903846153846 0.09134615384615384 0.05048076923076923
0 0.8401442307692307 0.4026442307692308 0.014423076923076924 0.019230769230769232
0 0.796875 0.3954326923076923 0.014423076923076924 0.019230769230769232
3 0.7283653846153846 0.4326923076923077 0.057692307692307696 0.019230769230769232