0 0.6021634615384616 0.5600961538461539 0.08653846153846154 0.10817307692307693
0 0.04927884615384615 0.6382211538461539 0.08653846153846154 0.12740384615384615
3 0.9411057692307693 0.6935096153846154 0.11298076923076923 0.1201923076923077
0 0.9026442307692307 0.5180288461538461 0.04807692307692308 0.0673076923076923
3 0.08173076923076923 0.453125 0.05048076923076923 0.09615384615384616
3 0.2800480769230769 0.3942307692307692 0.028846153846153848 0.038461538461538464
3 0.6262019230769231 0.3870192307692308 0.036057692307692304 0.04326923076923077
5 0.2800480769230769 0.3473557692307692 0.028846153846153848 0.04326923076923077
5 0.07692307692307693 0.3557692307692308 0.04567307692307692 0.08173076923076923
3 0.7716346153846154 0.43028846153846156 0.04326923076923077 0.11538461538461539
2 0.7716346153846154 0.3112980769230769 0.04326923076923077 0.0985576923076923
2 0.6225961538461539 0.3401442307692308 0.03365384615384615 0.04326923076923077
0 0.29086538461538464 0.4519230769230769 0.03125 0.04326923076923077
0 0.6694711538461539 0.4110576923076923 0.019230769230769232 0.019230769230769232
3 0.31009615384615385 0.39302884615384615 0.014423076923076924 0.04326923076923077
2 0.31009615384615385 0.3425480769230769 0.014423076923076924 0.03365384615384615