0 0.6598557692307693 0.6298076923076923 0.1201923076923077 0.15625
0 0.3629807692307692 0.4375 0.038461538461538464 0.052884615384615384
3 0.2644230769230769 0.3954326923076923 0.04807692307692308 0.07211538461538461
2 0.25961538461538464 0.3161057692307692 0.04807692307692308 0.06490384615384616
4 0.8088942307692307 0.31850961538461536 0.04326923076923077 0.057692307692307696
1 0.6237980769230769 0.39903846153846156 0.125 0.10096153846153846
6 0.5072115384615384 0.3076923076923077 0.01201923076923077 0.014423076923076924
3 0.30649038461538464 0.3942307692307692 0.014423076923076924 0.07692307692307693
4 0.30649038461538464 0.3112980769230769 0.019230769230769232 0.07211538461538461
3 0.8052884615384616 0.3894230769230769 0.04567307692307692 0.057692307692307696
0 0.7307692307692307 0.3942307692307692 0.021634615384615384 0.03125
6 0.6682692307692307 0.11177884615384616 0.057692307692307696 0.09615384615384616