0 0.08653846153846154 0.4579326923076923 0.06490384615384616 0.09615384615384616
0 0.6442307692307693 0.6213942307692307 0.038461538461538464 0.04807692307692308
0 0.8016826923076923 0.5588942307692307 0.052884615384615384 0.0625
2 0.5685096153846154 0.7463942307692307 0.055288461538461536 0.07932692307692307
3 0.5697115384615384 0.6538461538461539 0.057692307692307696 0.08173076923076923
1 0.09735576923076923 0.5829326923076923 0.18269230769230768 0.14903846153846154
0 0.19951923076923078 0.5673076923076923 0.05048076923076923 0.052884615384615384
0 0.8112980769230769 0.6430288461538461 0.021634615384615384 0.02403846153846154
0 0.9711538461538461 0.5925480769230769 0.02403846153846154 0.03365384615384615
0 0.27884615384615385 0.6574519230769231 0.014423076923076924 0.019230769230769232
0 0.33653846153846156 0.6574519230769231 0.014423076923076924 0.019230769230769232
0 0.3786057692307692 0.6658653846153846 0.014423076923076924 0.019230769230769232
0 0.8497596153846154 0.6466346153846154 0.016826923076923076 0.019230769230769232
0 0.8293269230769231 0.6526442307692307 0.014423076923076924 0.019230769230769232
0 0.2127403846153846 0.640625 0.021634615384615384 0.02403846153846154
0 0.4026442307692308 0.6790865384615384 0.014423076923076924 0.016826923076923076
0 0.5192307692307693 0.8233173076923077 0.04567307692307692 0.04326923076923077