0 0.10576923076923077 0.36538461538461536 0.02403846153846154 0.03365384615384615
0 0.1310096153846154 0.36899038461538464 0.028846153846153848 0.038461538461538464
0 0.6899038461538461 0.3161057692307692 0.02403846153846154 0.028846153846153848
0 0.7764423076923077 0.33052884615384615 0.02403846153846154 0.028846153846153848
3 0.6394230769230769 0.28725961538461536 0.028846153846153848 0.04567307692307692
3 0.6033653846153846 0.28966346153846156 0.019230769230769232 0.04567307692307692
3 0.20432692307692307 0.3161057692307692 0.04567307692307692 0.0625
5 0.6394230769230769 0.23317307692307693 0.028846153846153848 0.04567307692307692
2 0.6033653846153846 0.23076923076923078 0.019230769230769232 0.04567307692307692
3 0.9747596153846154 0.37259615384615385 0.04326923076923077 0.1201923076923077
2 0.20072115384615385 0.25240384615384615 0.038461538461538464 0.057692307692307696
3 0.9026442307692307 0.3173076923076923 0.014423076923076924 0.03125
2 0.9026442307692307 0.2848557692307692 0.014423076923076924 0.03125
3 0.08173076923076923 0.39302884615384615 0.052884615384615384 0.019230769230769232
3 0.7175480769230769 0.33653846153846156 0.038461538461538464 0.014423076923076924
5 0.9747596153846154 0.24639423076923078 0.04567307692307692 0.12259615384615384