0 0.6274038461538461 0.4362980769230769 0.09615384615384616 0.11057692307692307
0 0.054086538461538464 0.5288461538461539 0.016826923076923076 0.02403846153846154
0 0.2692307692307692 0.5661057692307693 0.02403846153846154 0.03125
0 0.42788461538461536 0.5889423076923077 0.019230769230769232 0.028846153846153848
0 0.5252403846153846 0.5961538461538461 0.016826923076923076 0.019230769230769232
3 0.6105769230769231 0.6165865384615384 0.019230769230769232 0.052884615384615384
3 0.5336538461538461 0.6213942307692307 0.026442307692307692 0.03125
2 0.5336538461538461 0.6598557692307693 0.02403846153846154 0.028846153846153848
3 0.15745192307692307 0.5649038461538461 0.026442307692307692 0.057692307692307696
0 0.23918269230769232 0.4723557692307692 0.07211538461538461 0.07932692307692307
0 0.019230769230769232 0.5108173076923077 0.016826923076923076 0.03365384615384615
0 0.3954326923076923 0.6057692307692307 0.014423076923076924 0.016826923076923076
0 0.49399038461538464 0.5625 0.036057692307692304 0.04326923076923077
0 0.6947115384615384 0.5853365384615384 0.019230769230769232 0.02403846153846154
0 0.9230769230769231 0.5576923076923077 0.016826923076923076 0.028846153846153848
2 0.6153846153846154 0.6802884615384616 0.021634615384615384 0.052884615384615384
6 0.38100961538461536 0.7007211538461539 0.014423076923076924 0.019230769230769232
0 0.9807692307692307 0.4579326923076923 0.03125 0.0673076923076923
4 0.15144230769230768 0.6394230769230769 0.021634615384615384 0.057692307692307696