0 0.4074519230769231 0.4266826923076923 0.06490384615384616 0.052884615384615384
0 0.3786057692307692 0.2776442307692308 0.03365384615384615 0.028846153846153848
0 0.3389423076923077 0.59375 0.028846153846153848 0.028846153846153848
3 0.31850961538461536 0.4423076923076923 0.057692307692307696 0.028846153846153848
3 0.40625 0.3293269230769231 0.028846153846153848 0.07692307692307693
0 0.3088942307692308 0.7692307692307693 0.019230769230769232 0.01201923076923077
6 0.19591346153846154 0.6838942307692307 0.03365384615384615 0.02403846153846154
3 0.30288461538461536 0.5925480769230769 0.03365384615384615 0.026442307692307692
1 0.35336538461538464 0.19591346153846154 0.052884615384615384 0.07932692307692307
4 0.2692307692307692 0.5889423076923077 0.028846153846153848 0.02403846153846154
4 0.2548076923076923 0.4387019230769231 0.052884615384615384 0.02403846153846154