1 0.29927884615384615 0.3449519230769231 0.06490384615384616 0.07211538461538461
3 0.2776442307692308 0.6057692307692307 0.04326923076923077 0.028846153846153848
4 0.25240384615384615 0.23798076923076922 0.04326923076923077 0.03125
3 0.31009615384615385 0.24278846153846154 0.05048076923076923 0.03125
3 0.3858173076923077 0.8173076923076923 0.15384615384615385 0.0673076923076923
2 0.23317307692307693 0.8257211538461539 0.1201923076923077 0.0673076923076923
2 0.2283653846153846 0.6105769230769231 0.04326923076923077 0.03365384615384615
0 0.2932692307692308 0.4567307692307692 0.016826923076923076 0.014423076923076924
3 0.38461538461538464 0.019230769230769232 0.09134615384615384 0.03365384615384615
6 0.13701923076923078 0.375 0.052884615384615384 0.028846153846153848
4 0.2668269230769231 0.013221153846153846 0.10096153846153846 0.026442307692307692