0 0.2800480769230769 0.3449519230769231 0.2548076923076923 0.17548076923076922
0 0.46634615384615385 0.11899038461538461 0.1201923076923077 0.08653846153846154
0 0.5661057692307693 0.08653846153846154 0.06490384615384616 0.040865384615384616
0 0.6262019230769231 0.28365384615384615 0.04326923076923077 0.036057692307692304
2 0.7151442307692307 0.21394230769230768 0.019230769230769232 0.014423076923076924
3 0.6911057692307693 0.21634615384615385 0.02403846153846154 0.014423076923076924
3 0.6538461538461539 0.6754807692307693 0.0673076923076923 0.019230769230769232
3 0.6838942307692307 0.7451923076923077 0.03365384615384615 0.028846153846153848
0 0.6478365384615384 0.8497596153846154 0.016826923076923076 0.014423076923076924
0 0.5865384615384616 0.9615384615384616 0.028846153846153848 0.02403846153846154
0 0.6129807692307693 0.9555288461538461 0.019230769230769232 0.014423076923076924
2 0.7223557692307693 0.6766826923076923 0.052884615384615384 0.019230769230769232
2 0.71875 0.7463942307692307 0.028846153846153848 0.02403846153846154
3 0.6105769230769231 0.9855769230769231 0.04807692307692308 0.02403846153846154
6 0.7379807692307693 0.8894230769230769 0.02403846153846154 0.016826923076923076
0 0.6286057692307693 0.9362980769230769 0.019230769230769232 0.014423076923076924