0 0.8737980769230769 0.27884615384615385 0.14182692307692307 0.1778846153846154
0 0.45552884615384615 0.484375 0.0625 0.06009615384615385
3 0.453125 0.38100961538461536 0.014423076923076924 0.04326923076923077
2 0.4567307692307692 0.32091346153846156 0.014423076923076924 0.04567307692307692
0 0.17668269230769232 0.49038461538461536 0.04326923076923077 0.057692307692307696
0 0.16466346153846154 0.4362980769230769 0.019230769230769232 0.028846153846153848
0 0.35697115384615385 0.4254807692307692 0.028846153846153848 0.03365384615384615
0 0.2980769230769231 0.40865384615384615 0.02403846153846154 0.02403846153846154
0 0.2644230769230769 0.39903846153846156 0.014423076923076924 0.019230769230769232
1 0.7956730769230769 0.6826923076923077 0.3942307692307692 0.6153846153846154
6 0.25600961538461536 0.3088942307692308 0.014423076923076924 0.019230769230769232
3 0.38822115384615385 0.375 0.02403846153846154 0.028846153846153848
2 0.3870192307692308 0.3401442307692308 0.021634615384615384 0.028846153846153848
0 0.5324519230769231 0.4026442307692308 0.019230769230769232 0.019230769230769232
0 0.38341346153846156 0.39663461538461536 0.016826923076923076 0.019230769230769232
3 0.08052884615384616 0.4375 0.021634615384615384 0.0673076923076923