0 0.9567307692307693 0.4567307692307692 0.04326923076923077 0.057692307692307696
0 0.9254807692307693 0.5408653846153846 0.019230769230769232 0.028846153846153848
0 0.7127403846153846 0.7127403846153846 0.02403846153846154 0.019230769230769232
0 0.25600961538461536 0.5901442307692307 0.016826923076923076 0.028846153846153848
1 0.6262019230769231 0.4855769230769231 0.4182692307692308 0.25
3 0.22235576923076922 0.6057692307692307 0.028846153846153848 0.08173076923076923
4 0.2247596153846154 0.6959134615384616 0.03365384615384615 0.07211538461538461
0 0.8629807692307693 0.5420673076923077 0.02403846153846154 0.038461538461538464
0 0.38341346153846156 0.6225961538461539 0.014423076923076924 0.019230769230769232
0 0.03485576923076923 0.5877403846153846 0.01201923076923077 0.019230769230769232
0 0.051682692307692304 0.5961538461538461 0.009615384615384616 0.019230769230769232
0 0.35096153846153844 0.6286057692307693 0.014423076923076924 0.016826923076923076
6 0.5456730769230769 0.9447115384615384 0.07451923076923077 0.08173076923076923
3 0.06129807692307692 0.5348557692307693 0.052884615384615384 0.03125
3 0.7980769230769231 0.5817307692307693 0.03365384615384615 0.07932692307692307
2 0.8028846153846154 0.6634615384615384 0.03125 0.057692307692307696