0 0.3076923076923077 0.18028846153846154 0.16826923076923078 0.11298076923076923
0 0.5805288461538461 0.5889423076923077 0.03125 0.02403846153846154
0 0.5949519230769231 0.6766826923076923 0.019230769230769232 0.014423076923076924
0 0.59375 0.3762019230769231 0.019230769230769232 0.014423076923076924
0 0.5372596153846154 0.1310096153846154 0.03365384615384615 0.021634615384615384
3 0.6286057692307693 0.44350961538461536 0.02403846153846154 0.014423076923076924
3 0.6274038461538461 0.38100961538461536 0.019230769230769232 0.014423076923076924
0 0.5132211538461539 0.06370192307692307 0.038461538461538464 0.02403846153846154
6 0.6682692307692307 0.3293269230769231 0.016826923076923076 0.01201923076923077
0 0.6081730769230769 0.5540865384615384 0.019230769230769232 0.014423076923076924
0 0.5432692307692307 0.15504807692307693 0.038461538461538464 0.021634615384615384
3 0.5552884615384616 0.33653846153846156 0.019230769230769232 0.057692307692307696
2 0.6586538461538461 0.44350961538461536 0.019230769230769232 0.014423076923076924