3 0.7776442307692307 0.48677884615384615 0.14182692307692307 0.052884615384615384
0 0.7271634615384616 0.3798076923076923 0.04326923076923077 0.06009615384615385
0 0.6622596153846154 0.3449519230769231 0.028846153846153848 0.03365384615384615
0 0.4699519230769231 0.3473557692307692 0.038461538461538464 0.038461538461538464
0 0.3293269230769231 0.3713942307692308 0.038461538461538464 0.04807692307692308
3 0.22235576923076922 0.31850961538461536 0.016826923076923076 0.04567307692307692
3 0.5384615384615384 0.29086538461538464 0.02403846153846154 0.03125
0 0.39783653846153844 0.3076923076923077 0.014423076923076924 0.028846153846153848
0 0.7151442307692307 0.3137019230769231 0.014423076923076924 0.014423076923076924
4 0.22115384615384615 0.26802884615384615 0.016826923076923076 0.038461538461538464
0 0.08653846153846154 0.38461538461538464 0.026442307692307692 0.03365384615384615
3 0.12620192307692307 0.3954326923076923 0.0625 0.02403846153846154
0 0.4254807692307692 0.3161057692307692 0.019230769230769232 0.028846153846153848
6 0.4050480769230769 0.22596153846153846 0.014423076923076924 0.028846153846153848
2 0.5384615384615384 0.25961538461538464 0.02403846153846154 0.028846153846153848