3 0.6875 0.6358173076923077 0.05048076923076923 0.038461538461538464
5 0.7463942307692307 0.6370192307692307 0.052884615384615384 0.03365384615384615
2 0.7487980769230769 0.5925480769230769 0.052884615384615384 0.021634615384615384
3 0.6586538461538461 0.17548076923076922 0.057692307692307696 0.036057692307692304
3 0.6911057692307693 0.5877403846153846 0.057692307692307696 0.02403846153846154
2 0.7235576923076923 0.171875 0.057692307692307696 0.038461538461538464
0 0.6610576923076923 0.25961538461538464 0.019230769230769232 0.014423076923076924
0 0.6887019230769231 0.4651442307692308 0.014423076923076924 0.014423076923076924
0 0.7596153846153846 0.21995192307692307 0.019230769230769232 0.014423076923076924
0 0.6706730769230769 0.29086538461538464 0.016826923076923076 0.014423076923076924
0 0.6790865384615384 0.30408653846153844 0.019230769230769232 0.014423076923076924
0 0.6899038461538461 0.4795673076923077 0.016826923076923076 0.01201923076923077
0 0.625 0.11298076923076923 0.03365384615384615 0.019230769230769232
3 0.6586538461538461 0.5456730769230769 0.016826923076923076 0.04807692307692308