0 0.3629807692307692 0.625 0.1201923076923077 0.13701923076923078
4 0.3293269230769231 0.3112980769230769 0.036057692307692304 0.06009615384615385
2 0.9435096153846154 0.3473557692307692 0.03365384615384615 0.09615384615384616
3 0.9375 0.46274038461538464 0.03365384615384615 0.11298076923076923
3 0.3293269230769231 0.390625 0.038461538461538464 0.07692307692307693
0 0.11057692307692307 0.47596153846153844 0.038461538461538464 0.038461538461538464
0 0.7103365384615384 0.41346153846153844 0.03365384615384615 0.03365384615384615
2 0.8293269230769231 0.328125 0.028846153846153848 0.038461538461538464
4 0.5072115384615384 0.328125 0.026442307692307692 0.03365384615384615
3 0.8269230769230769 0.3737980769230769 0.028846153846153848 0.038461538461538464
3 0.5108173076923077 0.3713942307692308 0.028846153846153848 0.038461538461538464
0 0.15745192307692307 0.5853365384615384 0.07932692307692307 0.11298076923076923
0 0.5769230769230769 0.4098557692307692 0.038461538461538464 0.038461538461538464
6 0.6334134615384616 0.24639423076923078 0.02403846153846154 0.04326923076923077
3 0.18028846153846154 0.5168269230769231 0.10336538461538461 0.03365384615384615
0 0.8569711538461539 0.40865384615384615 0.019230769230769232 0.02403846153846154