4 0.6838942307692307 0.6502403846153846 0.02403846153846154 0.028846153846153848
4 0.7620192307692307 0.6622596153846154 0.014423076923076924 0.05048076923076923
0 0.3088942307692308 0.5685096153846154 0.026442307692307692 0.038461538461538464
0 0.6081730769230769 0.53125 0.04807692307692308 0.052884615384615384
0 0.609375 0.5949519230769231 0.021634615384615384 0.02403846153846154
0 0.5144230769230769 0.5985576923076923 0.014423076923076924 0.02403846153846154
0 0.9254807692307693 0.5252403846153846 0.02403846153846154 0.038461538461538464
3 0.36778846153846156 0.5997596153846154 0.014423076923076924 0.057692307692307696
3 0.4338942307692308 0.6370192307692307 0.02403846153846154 0.028846153846153848
3 0.6838942307692307 0.6153846153846154 0.02403846153846154 0.028846153846153848
3 0.7608173076923077 0.6009615384615384 0.014423076923076924 0.052884615384615384
2 0.36778846153846156 0.6634615384615384 0.014423076923076924 0.057692307692307696
2 0.4338942307692308 0.6694711538461539 0.026442307692307692 0.03125
0 0.027644230769230768 0.5084134615384616 0.03125 0.04567307692307692
0 0.5444711538461539 0.2692307692307692 0.15865384615384615 0.20192307692307693
6 0.5709134615384616 0.7127403846153846 0.019230769230769232 0.028846153846153848