3 0.5733173076923077 0.9735576923076923 0.14182692307692307 0.04807692307692308
0 0.5516826923076923 0.8425480769230769 0.0625 0.04807692307692308
0 0.5901442307692307 0.796875 0.04807692307692308 0.040865384615384616
0 0.5961538461538461 0.13581730769230768 0.05048076923076923 0.038461538461538464
0 0.5036057692307693 0.09495192307692307 0.10096153846153846 0.0625
0 0.6201923076923077 0.028846153846153848 0.028846153846153848 0.016826923076923076
0 0.6682692307692307 0.33052884615384615 0.019230769230769232 0.016826923076923076
0 0.6862980769230769 0.35096153846153844 0.019230769230769232 0.01201923076923077
0 0.6766826923076923 0.29086538461538464 0.016826923076923076 0.014423076923076924
0 0.6778846153846154 0.20432692307692307 0.019230769230769232 0.014423076923076924
0 0.7644230769230769 0.08533653846153846 0.02403846153846154 0.016826923076923076
3 0.5588942307692307 0.7439903846153846 0.038461538461538464 0.09615384615384616
3 0.5612980769230769 0.03245192307692308 0.028846153846153848 0.057692307692307696
0 0.6550480769230769 0.5372596153846154 0.03365384615384615 0.02403846153846154
2 0.7151442307692307 0.9783653846153846 0.13221153846153846 0.038461538461538464