1 0.4891826923076923 0.12259615384615384 0.28846153846153844 0.24278846153846154
3 0.6358173076923077 0.6646634615384616 0.07932692307692307 0.057692307692307696
3 0.6213942307692307 0.6177884615384616 0.07692307692307693 0.019230769230769232
2 0.7223557692307693 0.6646634615384616 0.07451923076923077 0.052884615384615384
0 0.5745192307692307 0.8689903846153846 0.028846153846153848 0.028846153846153848
0 0.6129807692307693 0.25961538461538464 0.019230769230769232 0.014423076923076924
0 0.6237980769230769 0.3076923076923077 0.014423076923076924 0.014423076923076924
4 0.7067307692307693 0.6177884615384616 0.07211538461538461 0.019230769230769232
0 0.5480769230769231 0.9651442307692307 0.03365384615384615 0.021634615384615384
0 0.6237980769230769 0.4411057692307692 0.02403846153846154 0.014423076923076924
0 0.6213942307692307 0.5925480769230769 0.028846153846153848 0.014423076923076924
0 0.7127403846153846 0.15264423076923078 0.1201923076923077 0.07932692307692307
0 0.6177884615384616 0.24158653846153846 0.019230769230769232 0.014423076923076924
0 0.5877403846153846 0.8978365384615384 0.019230769230769232 0.014423076923076924
6 0.9158653846153846 0.1622596153846154 0.10576923076923077 0.0673076923076923