0 0.5889423076923077 0.5721153846153846 0.0673076923076923 0.052884615384615384
3 0.6490384615384616 0.7692307692307693 0.07211538461538461 0.03125
0 0.6382211538461539 0.5024038461538461 0.04326923076923077 0.03365384615384615
0 0.5841346153846154 0.8365384615384616 0.038461538461538464 0.03365384615384615
0 0.640625 0.7235576923076923 0.02403846153846154 0.021634615384615384
0 0.6959134615384616 0.36778846153846156 0.01201923076923077 0.009615384615384616
0 0.6899038461538461 0.40024038461538464 0.016826923076923076 0.01201923076923077
0 0.6947115384615384 0.4567307692307692 0.014423076923076924 0.009615384615384616
2 0.7536057692307693 0.20072115384615385 0.0625 0.04807692307692308
2 0.7295673076923077 0.7716346153846154 0.07211538461538461 0.03365384615384615
0 0.5721153846153846 0.03125 0.0673076923076923 0.038461538461538464
6 0.9411057692307693 0.5564903846153846 0.08653846153846154 0.052884615384615384
0 0.6370192307692307 0.13701923076923078 0.04567307692307692 0.03365384615384615
0 0.5372596153846154 0.9831730769230769 0.06490384615384616 0.028846153846153848
0 0.5949519230769231 0.8028846153846154 0.038461538461538464 0.026442307692307692
0 0.7043269230769231 0.3401442307692308 0.01201923076923077 0.009615384615384616
0 0.6923076923076923 0.5192307692307693 0.019230769230769232 0.014423076923076924
3 0.6754807692307693 0.19471153846153846 0.07211538461538461 0.04807692307692308
1 0.6610576923076923 0.5877403846153846 0.09615384615384616 0.125