3 0.6298076923076923 0.3581730769230769 0.06009615384615385 0.016826923076923076
0 0.5324519230769231 0.9399038461538461 0.04326923076923077 0.028846153846153848
0 0.5901442307692307 0.4170673076923077 0.04326923076923077 0.03125
3 0.6322115384615384 0.7115384615384616 0.03125 0.021634615384615384
3 0.5949519230769231 0.9639423076923077 0.028846153846153848 0.01201923076923077
2 0.671875 0.7103365384615384 0.03125 0.02403846153846154
0 0.6189903846153846 0.5625 0.03365384615384615 0.021634615384615384
0 0.5985576923076923 0.7740384615384616 0.028846153846153848 0.019230769230769232
3 0.5120192307692307 0.2127403846153846 0.03125 0.10576923076923077
4 0.703125 0.3581730769230769 0.06009615384615385 0.019230769230769232
6 0.7283653846153846 0.578125 0.03125 0.021634615384615384
0 0.6129807692307693 0.7463942307692307 0.019230769230769232 0.014423076923076924
0 0.6442307692307693 0.5168269230769231 0.01201923076923077 0.014423076923076924
0 0.6418269230769231 0.46634615384615385 0.016826923076923076 0.014423076923076924