3 0.6502403846153846 0.5901442307692307 0.07211538461538461 0.10576923076923077
2 0.6514423076923077 0.7079326923076923 0.07211538461538461 0.10096153846153846
0 0.5036057692307693 0.5192307692307693 0.057692307692307696 0.07211538461538461
3 0.5913461538461539 0.6045673076923077 0.028846153846153848 0.10576923076923077
4 0.5949519230769231 0.71875 0.028846153846153848 0.09615384615384616
0 0.28846153846153844 0.6081730769230769 0.01201923076923077 0.02403846153846154
0 0.3713942307692308 0.6622596153846154 0.02403846153846154 0.028846153846153848
1 0.3737980769230769 0.6237980769230769 0.08173076923076923 0.07211538461538461
1 0.32091346153846156 0.6334134615384616 0.04567307692307692 0.057692307692307696
0 0.09495192307692307 0.5673076923076923 0.02403846153846154 0.03125
0 0.1346153846153846 0.6802884615384616 0.014423076923076924 0.014423076923076924