0 0.4230769230769231 0.7043269230769231 0.04326923076923077 0.03125
0 0.41466346153846156 0.8353365384615384 0.03365384615384615 0.019230769230769232
4 0.30649038461538464 0.6502403846153846 0.057692307692307696 0.014423076923076924
2 0.3798076923076923 0.9759615384615384 0.03125 0.021634615384615384
3 0.421875 0.9747596153846154 0.03365384615384615 0.014423076923076924
3 0.47475961538461536 0.5060096153846154 0.028846153846153848 0.11298076923076923
6 0.30649038461538464 0.8557692307692307 0.019230769230769232 0.01201923076923077
3 0.375 0.6490384615384616 0.0625 0.01201923076923077
0 0.4050480769230769 0.8930288461538461 0.009615384615384616 0.014423076923076924
0 0.3858173076923077 0.7908653846153846 0.016826923076923076 0.009615384615384616
0 0.37740384615384615 0.765625 0.019230769230769232 0.009615384615384616
0 0.40024038461538464 0.8677884615384616 0.019230769230769232 0.01201923076923077
0 0.5384615384615384 0.013221153846153846 0.07692307692307693 0.021634615384615384