0 0.34975961538461536 0.43990384615384615 0.0673076923076923 0.10096153846153846
0 0.890625 0.13221153846153846 0.05048076923076923 0.06009615384615385
0 0.12139423076923077 0.3870192307692308 0.026442307692307692 0.038461538461538464
0 0.2512019230769231 0.3629807692307692 0.03125 0.04326923076923077
0 0.3161057692307692 0.32572115384615385 0.021634615384615384 0.02403846153846154
0 0.4182692307692308 0.3125 0.014423076923076924 0.019230769230769232
0 0.5697115384615384 0.31490384615384615 0.014423076923076924 0.019230769230769232
0 0.6165865384615384 0.31009615384615385 0.014423076923076924 0.016826923076923076
2 0.027644230769230768 0.2620192307692308 0.052884615384615384 0.10096153846153846
3 0.03365384615384615 0.39302884615384615 0.057692307692307696 0.12259615384615384
3 0.9567307692307693 0.39783653846153844 0.04807692307692308 0.11538461538461539
3 0.16826923076923078 0.40024038461538464 0.06971153846153846 0.019230769230769232
0 0.4963942307692308 0.3016826923076923 0.014423076923076924 0.016826923076923076
0 0.3870192307692308 0.30649038461538464 0.014423076923076924 0.016826923076923076
2 0.9603365384615384 0.2692307692307692 0.036057692307692304 0.10817307692307693
0 0.2704326923076923 0.3317307692307692 0.021634615384615384 0.02403846153846154
0 0.35336538461538464 0.3088942307692308 0.014423076923076924 0.019230769230769232
3 0.6971153846153846 0.36538461538461536 0.0625 0.019230769230769232
0 0.6418269230769231 0.30288461538461536 0.014423076923076924 0.019230769230769232