0 0.5853365384615384 0.41225961538461536 0.028846153846153848 0.038461538461538464
0 0.6057692307692307 0.375 0.014423076923076924 0.016826923076923076
3 0.640625 0.3762019230769231 0.019230769230769232 0.06490384615384616
3 0.7824519230769231 0.4891826923076923 0.0985576923076923 0.03365384615384615
0 0.4387019230769231 0.3798076923076923 0.019230769230769232 0.03125
0 0.22596153846153846 0.39783653846153844 0.019230769230769232 0.016826923076923076
0 0.5072115384615384 0.35336538461538464 0.009615384615384616 0.014423076923076924
2 0.28846153846153844 0.3293269230769231 0.019230769230769232 0.03365384615384615
4 0.6418269230769231 0.2932692307692308 0.019230769230769232 0.07211538461538461
3 0.28846153846153844 0.36778846153846156 0.028846153846153848 0.03365384615384615
0 0.5865384615384616 0.3701923076923077 0.01201923076923077 0.009615384615384616
0 0.06129807692307692 0.4675480769230769 0.026442307692307692 0.03125
0 0.4855769230769231 0.3557692307692308 0.009615384615384616 0.009615384615384616
0 0.12620192307692307 0.4026442307692308 0.01201923076923077 0.019230769230769232
0 0.2548076923076923 0.38822115384615385 0.01201923076923077 0.019230769230769232
6 0.4230769230769231 0.2764423076923077 0.014423076923076924 0.019230769230769232