0 0.7776442307692307 0.90625 0.23317307692307693 0.17548076923076922
0 0.21995192307692307 0.5516826923076923 0.0673076923076923 0.09134615384615384
0 0.5228365384615384 0.4254807692307692 0.03365384615384615 0.038461538461538464
0 0.29447115384615385 0.4266826923076923 0.028846153846153848 0.03365384615384615
0 0.03485576923076923 0.3076923076923077 0.02403846153846154 0.03125
0 0.12740384615384615 0.4362980769230769 0.01201923076923077 0.019230769230769232
2 0.6862980769230769 0.33533653846153844 0.026442307692307692 0.04326923076923077
3 0.8185096153846154 0.44471153846153844 0.03365384615384615 0.10096153846153846
3 0.6862980769230769 0.37740384615384615 0.028846153846153848 0.04326923076923077
3 0.39663461538461536 0.38221153846153844 0.026442307692307692 0.03125
4 0.3942307692307692 0.33653846153846156 0.02403846153846154 0.03125
0 0.6045673076923077 0.46033653846153844 0.04807692307692308 0.057692307692307696
0 0.47475961538461536 0.40384615384615385 0.021634615384615384 0.028846153846153848
0 0.42908653846153844 0.3894230769230769 0.014423076923076924 0.019230769230769232
0 0.6153846153846154 0.39302884615384615 0.014423076923076924 0.014423076923076924
2 0.8221153846153846 0.3401442307692308 0.03365384615384615 0.09134615384615384
0 0.5060096153846154 0.38822115384615385 0.014423076923076924 0.019230769230769232
0 0.5276442307692307 0.38221153846153844 0.01201923076923077 0.019230769230769232
0 0.59375 0.38341346153846156 0.01201923076923077 0.016826923076923076