0 0.9543269230769231 0.4411057692307692 0.0625 0.10576923076923077
3 0.4411057692307692 0.546875 0.09615384615384616 0.02403846153846154
3 0.53125 0.6358173076923077 0.019230769230769232 0.0625
3 0.6081730769230769 0.6442307692307693 0.028846153846153848 0.03365384615384615
0 0.9074519230769231 0.5420673076923077 0.036057692307692304 0.04567307692307692
2 0.5300480769230769 0.6995192307692307 0.019230769230769232 0.04807692307692308
2 0.6105769230769231 0.6826923076923077 0.026442307692307692 0.03125
5 0.9483173076923077 0.6550480769230769 0.021634615384615384 0.052884615384615384
0 0.2980769230769231 0.5733173076923077 0.038461538461538464 0.04326923076923077
0 0.2247596153846154 0.5637019230769231 0.036057692307692304 0.04326923076923077
0 0.18389423076923078 0.5661057692307693 0.03365384615384615 0.038461538461538464
0 0.3004807692307692 0.7307692307692307 0.026442307692307692 0.028846153846153848
0 0.038461538461538464 0.5204326923076923 0.03365384615384615 0.04567307692307692
0 0.5745192307692307 0.6274038461538461 0.014423076923076924 0.019230769230769232