3 0.3641826923076923 0.6875 0.038461538461538464 0.05048076923076923
5 0.3629807692307692 0.7463942307692307 0.03365384615384615 0.052884615384615384
2 0.4074519230769231 0.7487980769230769 0.021634615384615384 0.052884615384615384
3 0.8245192307692307 0.6586538461538461 0.036057692307692304 0.057692307692307696
3 0.41225961538461536 0.6911057692307693 0.02403846153846154 0.057692307692307696
2 0.828125 0.7235576923076923 0.038461538461538464 0.057692307692307696
0 0.7403846153846154 0.6610576923076923 0.014423076923076924 0.019230769230769232
0 0.5348557692307693 0.6887019230769231 0.014423076923076924 0.014423076923076924
0 0.7800480769230769 0.7596153846153846 0.014423076923076924 0.019230769230769232
0 0.7091346153846154 0.6706730769230769 0.014423076923076924 0.016826923076923076
0 0.6959134615384616 0.6790865384615384 0.014423076923076924 0.019230769230769232
0 0.5204326923076923 0.6899038461538461 0.01201923076923077 0.016826923076923076
0 0.8870192307692307 0.625 0.019230769230769232 0.03365384615384615
3 0.4543269230769231 0.6586538461538461 0.04807692307692308 0.016826923076923076