0 0.13942307692307693 0.5504807692307693 0.04326923076923077 0.052884615384615384
0 0.7175480769230769 0.5588942307692307 0.057692307692307696 0.07692307692307693
0 0.5721153846153846 0.6213942307692307 0.038461538461538464 0.038461538461538464
0 0.08413461538461539 0.6057692307692307 0.009615384615384616 0.009615384615384616
0 0.16706730769230768 0.6286057692307693 0.01201923076923077 0.016826923076923076
3 0.49399038461538464 0.6502403846153846 0.057692307692307696 0.08653846153846154
0 0.05048076923076923 0.5949519230769231 0.009615384615384616 0.019230769230769232
0 0.03485576923076923 0.43509615384615385 0.06009615384615385 0.10576923076923077
0 0.9230769230769231 0.6033653846153846 0.028846153846153848 0.040865384615384616
0 0.11538461538461539 0.6237980769230769 0.01201923076923077 0.019230769230769232
0 0.14302884615384615 0.6286057692307693 0.014423076923076924 0.016826923076923076
0 0.23317307692307693 0.6442307692307693 0.01201923076923077 0.019230769230769232
0 0.29086538461538464 0.6454326923076923 0.014423076923076924 0.016826923076923076
2 0.4891826923076923 0.7403846153846154 0.06971153846153846 0.08653846153846154
0 0.7560096153846154 0.6466346153846154 0.02403846153846154 0.028846153846153848