3 0.2439903846153846 0.3954326923076923 0.038461538461538464 0.0673076923076923
3 0.7355769230769231 0.4014423076923077 0.05048076923076923 0.06009615384615385
1 0.5060096153846154 0.44350961538461536 0.2644230769230769 0.22115384615384615
0 0.9507211538461539 0.49759615384615385 0.036057692307692304 0.05048076923076923
0 0.8221153846153846 0.43990384615384615 0.028846153846153848 0.03365384615384615
0 0.10336538461538461 0.46153846153846156 0.026442307692307692 0.03365384615384615
0 0.22956730769230768 0.2764423076923077 0.028846153846153848 0.028846153846153848
2 0.7367788461538461 0.32211538461538464 0.04567307692307692 0.0673076923076923
4 0.2403846153846154 0.3269230769230769 0.038461538461538464 0.05048076923076923
6 0.39302884615384615 0.140625 0.055288461538461536 0.09615384615384616
0 0.3605769230769231 0.4206730769230769 0.02403846153846154 0.038461538461538464
3 0.27163461538461536 0.3894230769230769 0.016826923076923076 0.057692307692307696
0 0.30528846153846156 0.39783653846153844 0.014423076923076924 0.019230769230769232
3 0.036057692307692304 0.5721153846153846 0.0673076923076923 0.04807692307692308