3 0.5168269230769231 0.3894230769230769 0.0889423076923077 0.14903846153846154
3 0.4338942307692308 0.4266826923076923 0.057692307692307696 0.17548076923076922
0 0.7355769230769231 0.43028846153846156 0.028846153846153848 0.03365384615384615
0 0.14423076923076922 0.42908653846153844 0.026442307692307692 0.03365384615384615
2 0.5180288461538461 0.2283653846153846 0.0889423076923077 0.14423076923076922
4 0.43149038461538464 0.2536057692307692 0.06490384615384616 0.15625
0 0.8473557692307693 0.43990384615384615 0.03125 0.04326923076923077
0 0.3389423076923077 0.4050480769230769 0.028846153846153848 0.03365384615384615
0 0.8161057692307693 0.41466346153846156 0.02403846153846154 0.028846153846153848
0 0.875 0.42427884615384615 0.021634615384615384 0.028846153846153848
0 0.7079326923076923 0.3870192307692308 0.014423076923076924 0.019230769230769232
0 0.7992788461538461 0.40024038461538464 0.016826923076923076 0.019230769230769232
3 0.7884615384615384 0.46274038461538464 0.08173076923076923 0.028846153846153848