0 0.5588942307692307 0.9543269230769231 0.10576923076923077 0.0625
3 0.453125 0.4411057692307692 0.02403846153846154 0.09615384615384616
3 0.3641826923076923 0.53125 0.0625 0.019230769230769232
3 0.3557692307692308 0.6081730769230769 0.03365384615384615 0.028846153846153848
0 0.4579326923076923 0.9074519230769231 0.04567307692307692 0.036057692307692304
2 0.3004807692307692 0.5300480769230769 0.04807692307692308 0.019230769230769232
2 0.3173076923076923 0.6105769230769231 0.03125 0.026442307692307692
5 0.3449519230769231 0.9483173076923077 0.052884615384615384 0.021634615384615384
0 0.4266826923076923 0.2980769230769231 0.04326923076923077 0.038461538461538464
0 0.4362980769230769 0.2247596153846154 0.04326923076923077 0.036057692307692304
0 0.4338942307692308 0.18389423076923078 0.038461538461538464 0.03365384615384615
0 0.2692307692307692 0.3004807692307692 0.028846153846153848 0.026442307692307692
0 0.4795673076923077 0.038461538461538464 0.04567307692307692 0.03365384615384615
0 0.37259615384615385 0.5745192307692307 0.019230769230769232 0.014423076923076924