1 0.5168269230769231 0.41466346153846156 0.25 0.3125
3 0.5961538461538461 0.7896634615384616 0.07211538461538461 0.04326923076923077
3 0.453125 0.9002403846153846 0.03365384615384615 0.0889423076923077
6 0.8581730769230769 0.4951923076923077 0.10576923076923077 0.057692307692307696
2 0.6706730769230769 0.7932692307692307 0.0673076923076923 0.04807692307692308
0 0.5829326923076923 0.6165865384615384 0.028846153846153848 0.026442307692307692
0 0.5973557692307693 0.4987980769230769 0.02403846153846154 0.016826923076923076
0 0.6141826923076923 0.5168269230769231 0.016826923076923076 0.014423076923076924
0 0.53125 0.9362980769230769 0.04326923076923077 0.026442307692307692
0 0.6069711538461539 0.6995192307692307 0.019230769230769232 0.014423076923076924
0 0.6021634615384616 0.7451923076923077 0.016826923076923076 0.014423076923076924
0 0.5564903846153846 0.18629807692307693 0.03365384615384615 0.019230769230769232
4 0.6730769230769231 0.2920673076923077 0.04567307692307692 0.04326923076923077