0 0.6754807692307693 0.6850961538461539 0.17548076923076922 0.125
3 0.4807692307692308 0.9567307692307693 0.14423076923076922 0.0673076923076923
0 0.4375 0.36899038461538464 0.04326923076923077 0.03365384615384615
5 0.31490384615384615 0.9663461538461539 0.13701923076923078 0.057692307692307696
0 0.4098557692307692 0.6165865384615384 0.028846153846153848 0.026442307692307692
0 0.3942307692307692 0.4098557692307692 0.016826923076923076 0.014423076923076924
0 0.3894230769230769 0.4807692307692308 0.019230769230769232 0.009615384615384616
0 0.5120192307692307 0.8701923076923077 0.0673076923076923 0.052884615384615384
0 0.45552884615384615 0.7872596153846154 0.052884615384615384 0.03365384615384615
0 0.4651442307692308 0.15144230769230768 0.038461538461538464 0.03125
0 0.4651442307692308 0.0985576923076923 0.038461538461538464 0.028846153846153848
6 0.30649038461538464 0.4519230769230769 0.016826923076923076 0.01201923076923077
3 0.3629807692307692 0.5552884615384616 0.016826923076923076 0.014423076923076924
0 0.4326923076923077 0.25961538461538464 0.028846153846153848 0.026442307692307692
3 0.4723557692307692 0.19951923076923078 0.019230769230769232 0.0625