0 0.7379807692307693 0.6682692307692307 0.02403846153846154 0.028846153846153848
4 0.5120192307692307 0.7728365384615384 0.021634615384615384 0.07211538461538461
3 0.03125 0.6225961538461539 0.038461538461538464 0.07451923076923077
0 0.3317307692307692 0.6826923076923077 0.019230769230769232 0.02403846153846154
0 0.8846153846153846 0.6538461538461539 0.019230769230769232 0.02403846153846154
2 0.5540865384615384 0.7848557692307693 0.04807692307692308 0.0673076923076923
3 0.5552884615384616 0.7115384615384616 0.04807692307692308 0.06490384615384616
3 0.5108173076923077 0.6983173076923077 0.019230769230769232 0.0673076923076923
4 0.025240384615384616 0.7007211538461539 0.036057692307692304 0.08173076923076923
0 0.1778846153846154 0.71875 0.019230769230769232 0.02403846153846154
0 0.8341346153846154 0.6658653846153846 0.019230769230769232 0.019230769230769232
0 0.8329326923076923 0.6526442307692307 0.021634615384615384 0.03125
0 0.47115384615384615 0.6911057692307693 0.019230769230769232 0.019230769230769232
1 0.16105769230769232 0.6490384615384616 0.11538461538461539 0.11538461538461539
3 0.05889423076923077 0.6310096153846154 0.021634615384615384 0.057692307692307696
6 0.1622596153846154 0.9495192307692307 0.0625 0.07451923076923077