0 0.6490384615384616 0.6947115384615384 0.028846153846153848 0.02403846153846154
0 0.6802884615384616 0.5745192307692307 0.014423076923076924 0.014423076923076924
0 0.8197115384615384 0.39903846153846156 0.03125 0.028846153846153848
0 0.4723557692307692 0.4098557692307692 0.1346153846153846 0.11057692307692307
0 0.7704326923076923 0.9182692307692307 0.019230769230769232 0.01201923076923077
0 0.6213942307692307 0.7632211538461539 0.03365384615384615 0.03365384615384615
0 0.6454326923076923 0.3076923076923077 0.038461538461538464 0.028846153846153848
0 0.6442307692307693 0.21634615384615385 0.02403846153846154 0.02403846153846154
3 0.5024038461538461 0.21514423076923078 0.0625 0.15384615384615385
0 0.6502403846153846 0.7608173076923077 0.019230769230769232 0.019230769230769232
0 0.671875 0.21875 0.019230769230769232 0.014423076923076924