0 0.9567307692307693 0.5432692307692307 0.04326923076923077 0.057692307692307696
0 0.9254807692307693 0.45913461538461536 0.019230769230769232 0.028846153846153848
0 0.7127403846153846 0.28725961538461536 0.02403846153846154 0.019230769230769232
0 0.25600961538461536 0.4098557692307692 0.016826923076923076 0.028846153846153848
1 0.6262019230769231 0.5144230769230769 0.4182692307692308 0.25
3 0.22235576923076922 0.3942307692307692 0.03125 0.08173076923076923
4 0.2247596153846154 0.30408653846153844 0.03365384615384615 0.07211538461538461
0 0.8629807692307693 0.4579326923076923 0.02403846153846154 0.038461538461538464
0 0.38341346153846156 0.37740384615384615 0.014423076923076924 0.019230769230769232
0 0.03485576923076923 0.41225961538461536 0.01201923076923077 0.019230769230769232
0 0.051682692307692304 0.40384615384615385 0.009615384615384616 0.019230769230769232
0 0.35096153846153844 0.3713942307692308 0.014423076923076924 0.016826923076923076
6 0.5456730769230769 0.055288461538461536 0.07451923076923077 0.08173076923076923
3 0.06129807692307692 0.4651442307692308 0.052884615384615384 0.03125
3 0.7980769230769231 0.4182692307692308 0.03365384615384615 0.07932692307692307
2 0.8028846153846154 0.33653846153846156 0.03125 0.057692307692307696