0 0.6310096153846154 0.38100961538461536 0.04326923076923077 0.036057692307692304
0 0.6442307692307693 0.6346153846153846 0.028846153846153848 0.021634615384615384
3 0.6442307692307693 0.33533653846153844 0.10576923076923077 0.04807692307692308
0 0.6574519230769231 0.46153846153846156 0.028846153846153848 0.02403846153846154
0 0.6310096153846154 0.12139423076923077 0.038461538461538464 0.028846153846153848
4 0.7692307692307693 0.33774038461538464 0.10817307692307693 0.05048076923076923
1 0.3269230769230769 0.78125 0.5745192307692307 0.4230769230769231
0 0.6141826923076923 0.028846153846153848 0.03365384615384615 0.02403846153846154
3 0.5985576923076923 0.07932692307692307 0.02403846153846154 0.04807692307692308
3 0.6694711538461539 0.27524038461538464 0.09134615384615384 0.055288461538461536
2 0.7848557692307693 0.28125 0.08653846153846154 0.052884615384615384