3 0.140625 0.5612980769230769 0.07451923076923077 0.02403846153846154
0 0.30649038461538464 0.48197115384615385 0.08173076923076923 0.1201923076923077
0 0.09495192307692307 0.5769230769230769 0.03365384615384615 0.05048076923076923
0 0.22716346153846154 0.5997596153846154 0.036057692307692304 0.04567307692307692
0 0.25961538461538464 0.6382211538461539 0.02403846153846154 0.03125
0 0.3088942307692308 0.6490384615384616 0.019230769230769232 0.028846153846153848
3 0.7151442307692307 0.6045673076923077 0.06971153846153846 0.016826923076923076
0 0.3545673076923077 0.6694711538461539 0.019230769230769232 0.019230769230769232
0 0.38822115384615385 0.6706730769230769 0.016826923076923076 0.019230769230769232
0 0.41947115384615385 0.6634615384615384 0.019230769230769232 0.02403846153846154
0 0.5024038461538461 0.6754807692307693 0.016826923076923076 0.019230769230769232
0 0.5805288461538461 0.6610576923076923 0.019230769230769232 0.02403846153846154
0 0.6262019230769231 0.6670673076923077 0.019230769230769232 0.019230769230769232
0 0.6526442307692307 0.6766826923076923 0.016826923076923076 0.019230769230769232
0 0.7908653846153846 0.6670673076923077 0.014423076923076924 0.019230769230769232
0 0.9495192307692307 0.8665865384615384 0.057692307692307696 0.07451923076923077