3 0.6754807692307693 0.6057692307692307 0.0673076923076923 0.11538461538461539
2 0.6165865384615384 0.7067307692307693 0.03365384615384615 0.10096153846153846
0 0.5420673076923077 0.5829326923076923 0.040865384615384616 0.05048076923076923
0 0.8497596153846154 0.5673076923076923 0.028846153846153848 0.038461538461538464
0 0.8954326923076923 0.5661057692307693 0.02403846153846154 0.03365384615384615
0 0.5276442307692307 0.6225961538461539 0.019230769230769232 0.02403846153846154
0 0.12620192307692307 0.5348557692307693 0.040865384615384616 0.052884615384615384
4 0.6790865384615384 0.7331730769230769 0.0625 0.10817307692307693
1 0.28725961538461536 0.5625 0.2548076923076923 0.28846153846153844
3 0.8064903846153846 0.5276442307692307 0.08653846153846154 0.026442307692307692
0 0.9134615384615384 0.7055288461538461 0.021634615384615384 0.03125
0 0.2932692307692308 0.6983173076923077 0.10096153846153846 0.09134615384615384
0 0.546875 0.7223557692307693 0.014423076923076924 0.019230769230769232
0 0.09014423076923077 0.5889423076923077 0.014423076923076924 0.019230769230769232
3 0.6189903846153846 0.5901442307692307 0.04326923076923077 0.10576923076923077