0 0.22235576923076922 0.90625 0.23317307692307693 0.17548076923076922
0 0.7800480769230769 0.5516826923076923 0.0673076923076923 0.09134615384615384
0 0.47716346153846156 0.4254807692307692 0.03365384615384615 0.038461538461538464
0 0.7055288461538461 0.4266826923076923 0.028846153846153848 0.03365384615384615
0 0.9651442307692307 0.3076923076923077 0.02403846153846154 0.03125
0 0.8725961538461539 0.4362980769230769 0.009615384615384616 0.019230769230769232
2 0.3137019230769231 0.33533653846153844 0.026442307692307692 0.04326923076923077
3 0.1814903846153846 0.44471153846153844 0.03365384615384615 0.10096153846153846
3 0.3137019230769231 0.37740384615384615 0.028846153846153848 0.04326923076923077
3 0.6033653846153846 0.38221153846153844 0.026442307692307692 0.03125
4 0.6057692307692307 0.33653846153846156 0.02403846153846154 0.03125
0 0.3954326923076923 0.46033653846153844 0.04807692307692308 0.057692307692307696
0 0.5252403846153846 0.40384615384615385 0.021634615384615384 0.028846153846153848
0 0.5709134615384616 0.3894230769230769 0.014423076923076924 0.019230769230769232
0 0.38461538461538464 0.39302884615384615 0.014423076923076924 0.014423076923076924
2 0.1778846153846154 0.3401442307692308 0.03365384615384615 0.09134615384615384
0 0.49399038461538464 0.38822115384615385 0.014423076923076924 0.019230769230769232
0 0.4723557692307692 0.38221153846153844 0.01201923076923077 0.019230769230769232
0 0.40625 0.38341346153846156 0.01201923076923077 0.016826923076923076