0 0.08653846153846154 0.5420673076923077 0.0625 0.09615384615384616
0 0.6442307692307693 0.3786057692307692 0.038461538461538464 0.04807692307692308
0 0.8016826923076923 0.4411057692307692 0.052884615384615384 0.0625
2 0.5685096153846154 0.2536057692307692 0.055288461538461536 0.07932692307692307
3 0.5697115384615384 0.34615384615384615 0.057692307692307696 0.08173076923076923
1 0.09735576923076923 0.4170673076923077 0.18269230769230768 0.14903846153846154
0 0.19951923076923078 0.4326923076923077 0.05048076923076923 0.052884615384615384
0 0.8112980769230769 0.35697115384615385 0.021634615384615384 0.02403846153846154
0 0.9711538461538461 0.4074519230769231 0.02403846153846154 0.03365384615384615
0 0.27884615384615385 0.3425480769230769 0.014423076923076924 0.019230769230769232
0 0.33653846153846156 0.3425480769230769 0.014423076923076924 0.019230769230769232
0 0.3786057692307692 0.33413461538461536 0.014423076923076924 0.019230769230769232
0 0.8497596153846154 0.35336538461538464 0.016826923076923076 0.019230769230769232
0 0.8293269230769231 0.3473557692307692 0.014423076923076924 0.019230769230769232
0 0.2127403846153846 0.359375 0.019230769230769232 0.02403846153846154
0 0.4026442307692308 0.32091346153846156 0.014423076923076924 0.016826923076923076
0 0.5192307692307693 0.17668269230769232 0.04567307692307692 0.04326923076923077