3 0.5432692307692307 0.5348557692307693 0.19471153846153846 0.09134615384615384
0 0.5324519230769231 0.390625 0.052884615384615384 0.06009615384615385
0 0.47716346153846156 0.36658653846153844 0.038461538461538464 0.05048076923076923
0 0.47596153846153844 0.17307692307692307 0.03365384615384615 0.03365384615384615
0 0.5408653846153846 0.3125 0.019230769230769232 0.019230769230769232
0 0.2536057692307692 0.34375 0.019230769230769232 0.02403846153846154
0 0.32211538461538464 0.3161057692307692 0.014423076923076924 0.014423076923076924
0 0.0889423076923077 0.38100961538461536 0.021634615384615384 0.028846153846153848
0 0.020432692307692308 0.42427884615384615 0.028846153846153848 0.03365384615384615
0 0.03365384615384615 0.4014423076923077 0.016826923076923076 0.03125
0 0.04567307692307692 0.38822115384615385 0.014423076923076924 0.02403846153846154
3 0.13221153846153846 0.3473557692307692 0.019230769230769232 0.04326923076923077
4 0.12860576923076922 0.30288461538461536 0.016826923076923076 0.03365384615384615
6 0.28725961538461536 0.24639423076923078 0.014423076923076924 0.019230769230769232
0 0.24278846153846154 0.33533653846153844 0.014423076923076924 0.016826923076923076
0 0.2776442307692308 0.32211538461538464 0.014423076923076924 0.019230769230769232
0 0.054086538461538464 0.36778846153846156 0.014423076923076924 0.019230769230769232