0 0.4579326923076923 0.13221153846153846 0.038461538461538464 0.03365384615384615
3 0.4951923076923077 0.5793269230769231 0.028846153846153848 0.09615384615384616
0 0.4879807692307692 0.3713942307692308 0.0673076923076923 0.055288461538461536
0 0.4495192307692308 0.5793269230769231 0.04807692307692308 0.03365384615384615
3 0.4362980769230769 0.038461538461538464 0.03365384615384615 0.009615384615384616
3 0.4074519230769231 0.09254807692307693 0.03125 0.021634615384615384
2 0.3737980769230769 0.09254807692307693 0.028846153846153848 0.019230769230769232
3 0.37740384615384615 0.2932692307692308 0.028846153846153848 0.019230769230769232
0 0.4326923076923077 0.6586538461538461 0.03125 0.026442307692307692
0 0.4963942307692308 0.9879807692307693 0.03365384615384615 0.021634615384615384
0 0.4807692307692308 0.009615384615384616 0.03365384615384615 0.014423076923076924
2 0.3762019230769231 0.03485576923076923 0.04807692307692308 0.014423076923076924
5 0.3449519230769231 0.2920673076923077 0.028846153846153848 0.021634615384615384
0 0.4230769230769231 0.3918269230769231 0.028846153846153848 0.026442307692307692
0 0.4170673076923077 0.5336538461538461 0.028846153846153848 0.019230769230769232
0 0.28365384615384615 0.3858173076923077 0.019230769230769232 0.019230769230769232
0 0.4170673076923077 0.609375 0.019230769230769232 0.014423076923076924
0 0.41466346153846156 0.6274038461538461 0.019230769230769232 0.009615384615384616