2 0.22115384615384615 0.5865384615384616 0.0673076923076923 0.04567307692307692
3 0.30528846153846156 0.5889423076923077 0.07692307692307693 0.05048076923076923
0 0.3425480769230769 0.7680288461538461 0.03125 0.019230769230769232
0 0.35336538461538464 0.9098557692307693 0.019230769230769232 0.01201923076923077
4 0.23317307692307693 0.5420673076923077 0.07211538461538461 0.028846153846153848
3 0.31971153846153844 0.5432692307692307 0.07692307692307693 0.026442307692307692
1 0.4338942307692308 0.2800480769230769 0.375 0.35336538461538464
6 0.039663461538461536 0.12620192307692307 0.07211538461538461 0.0673076923076923
0 0.3557692307692308 0.8629807692307693 0.03125 0.02403846153846154
0 0.3245192307692308 0.4879807692307692 0.019230769230769232 0.019230769230769232
4 0.3329326923076923 0.014423076923076924 0.0889423076923077 0.02403846153846154
3 0.39903846153846156 0.051682692307692304 0.0673076923076923 0.02403846153846154
3 0.4230769230769231 0.019230769230769232 0.07932692307692307 0.036057692307692304
0 0.31971153846153844 0.8497596153846154 0.014423076923076924 0.009615384615384616
0 0.32211538461538464 0.7908653846153846 0.019230769230769232 0.009615384615384616