3 0.28966346153846156 0.6358173076923077 0.02403846153846154 0.028846153846153848
3 0.6418269230769231 0.6286057692307693 0.019230769230769232 0.07211538461538461
2 0.28846153846153844 0.6730769230769231 0.02403846153846154 0.03365384615384615
0 0.43990384615384615 0.6189903846153846 0.02403846153846154 0.02403846153846154
4 0.6394230769230769 0.7043269230769231 0.014423076923076924 0.0625
0 0.05889423076923077 0.5276442307692307 0.02403846153846154 0.03365384615384615
0 0.5865384615384616 0.5901442307692307 0.028846153846153848 0.04326923076923077
3 0.7836538461538461 0.5084134615384616 0.10096153846153846 0.04326923076923077
6 0.4230769230769231 0.7271634615384616 0.014423076923076924 0.019230769230769232
0 0.2247596153846154 0.5973557692307693 0.019230769230769232 0.02403846153846154
0 0.6045673076923077 0.6237980769230769 0.019230769230769232 0.019230769230769232
0 0.06971153846153846 0.5769230769230769 0.01201923076923077 0.016826923076923076