0 0.5492788461538461 0.037259615384615384 0.06490384615384616 0.040865384615384616
0 0.6165865384615384 0.055288461538461536 0.028846153846153848 0.02403846153846154
0 0.6514423076923077 0.11538461538461539 0.019230769230769232 0.01201923076923077
0 0.6622596153846154 0.18389423076923078 0.016826923076923076 0.01201923076923077
3 0.6670673076923077 0.0829326923076923 0.03365384615384615 0.014423076923076924
5 0.7019230769230769 0.08052884615384616 0.028846153846153848 0.014423076923076924
3 0.6598557692307693 0.25721153846153844 0.14903846153846154 0.0625
2 0.7475961538461539 0.42908653846153844 0.05048076923076923 0.038461538461538464
0 0.6670673076923077 0.1622596153846154 0.016826923076923076 0.01201923076923077
2 0.8149038461538461 0.25600961538461536 0.14182692307692307 0.0625
0 0.6225961538461539 0.9326923076923077 0.03365384615384615 0.021634615384615384
0 0.6610576923076923 0.8076923076923077 0.028846153846153848 0.019230769230769232
1 0.6790865384615384 0.39302884615384615 0.08653846153846154 0.11057692307692307
3 0.6862980769230769 0.7776442307692307 0.04807692307692308 0.03365384615384615
3 0.6502403846153846 0.009615384615384616 0.02403846153846154 0.014423076923076924
5 0.6778846153846154 0.009615384615384616 0.028846153846153848 0.014423076923076924
0 0.7223557692307693 0.36538461538461536 0.038461538461538464 0.026442307692307692
3 0.6923076923076923 0.45552884615384615 0.04807692307692308 0.014423076923076924
4 0.7355769230769231 0.7788461538461539 0.04567307692307692 0.036057692307692304
6 0.8377403846153846 0.6574519230769231 0.05048076923076923 0.02403846153846154