0 0.453125 0.7439903846153846 0.09134615384615384 0.0673076923076923
0 0.375 0.6213942307692307 0.057692307692307696 0.04326923076923077
0 0.28365384615384615 0.30408653846153844 0.019230769230769232 0.02403846153846154
0 0.4230769230769231 0.12860576923076922 0.057692307692307696 0.038461538461538464
0 0.3870192307692308 0.040865384615384616 0.028846153846153848 0.019230769230769232
1 0.32091346153846156 0.30528846153846156 0.0625 0.06971153846153846
0 0.33653846153846156 0.4182692307692308 0.03365384615384615 0.028846153846153848
3 0.4074519230769231 0.8990384615384616 0.23557692307692307 0.12980769230769232
5 0.19110576923076922 0.9038461538461539 0.18269230769230768 0.12980769230769232
3 0.28725961538461536 0.36538461538461536 0.019230769230769232 0.019230769230769232
3 0.31490384615384615 0.16706730769230768 0.028846153846153848 0.021634615384615384
4 0.2848557692307692 0.16466346153846154 0.02403846153846154 0.019230769230769232
0 0.21514423076923078 0.5877403846153846 0.019230769230769232 0.016826923076923076
2 0.2548076923076923 0.36538461538461536 0.02403846153846154 0.019230769230769232