0 0.8942307692307693 0.6346153846153846 0.02403846153846154 0.03365384615384615
0 0.8689903846153846 0.6310096153846154 0.028846153846153848 0.038461538461538464
0 0.31009615384615385 0.6838942307692307 0.02403846153846154 0.028846153846153848
0 0.22355769230769232 0.6694711538461539 0.02403846153846154 0.028846153846153848
3 0.3605769230769231 0.7127403846153846 0.028846153846153848 0.04567307692307692
3 0.39663461538461536 0.7103365384615384 0.019230769230769232 0.04567307692307692
3 0.7956730769230769 0.6838942307692307 0.04567307692307692 0.0625
5 0.3605769230769231 0.7668269230769231 0.03125 0.04567307692307692
2 0.39663461538461536 0.7692307692307693 0.019230769230769232 0.04567307692307692
3 0.025240384615384616 0.6274038461538461 0.04326923076923077 0.1201923076923077
2 0.7992788461538461 0.7475961538461539 0.038461538461538464 0.057692307692307696
3 0.09735576923076923 0.6826923076923077 0.014423076923076924 0.03125
2 0.09735576923076923 0.7151442307692307 0.014423076923076924 0.03125
3 0.9182692307692307 0.6069711538461539 0.052884615384615384 0.019230769230769232
3 0.2824519230769231 0.6634615384615384 0.038461538461538464 0.014423076923076924
5 0.025240384615384616 0.7536057692307693 0.04567307692307692 0.12259615384615384