0 0.9627403846153846 0.5492788461538461 0.040865384615384616 0.06490384615384616
0 0.9447115384615384 0.6165865384615384 0.02403846153846154 0.028846153846153848
0 0.8846153846153846 0.6514423076923077 0.01201923076923077 0.019230769230769232
0 0.8161057692307693 0.6622596153846154 0.01201923076923077 0.016826923076923076
3 0.9170673076923077 0.6670673076923077 0.014423076923076924 0.03365384615384615
5 0.9194711538461539 0.7019230769230769 0.014423076923076924 0.028846153846153848
3 0.7427884615384616 0.6598557692307693 0.0625 0.14903846153846154
2 0.5709134615384616 0.7475961538461539 0.038461538461538464 0.05048076923076923
0 0.8377403846153846 0.6670673076923077 0.01201923076923077 0.016826923076923076
2 0.7439903846153846 0.8149038461538461 0.0625 0.14182692307692307
0 0.0673076923076923 0.6225961538461539 0.021634615384615384 0.03365384615384615
0 0.19230769230769232 0.6610576923076923 0.019230769230769232 0.028846153846153848
1 0.6069711538461539 0.6790865384615384 0.11057692307692307 0.08653846153846154
3 0.22235576923076922 0.6862980769230769 0.03365384615384615 0.04807692307692308
3 0.9903846153846154 0.6502403846153846 0.014423076923076924 0.02403846153846154
5 0.9903846153846154 0.6778846153846154 0.014423076923076924 0.028846153846153848
0 0.6346153846153846 0.7223557692307693 0.026442307692307692 0.038461538461538464
3 0.5444711538461539 0.6923076923076923 0.014423076923076924 0.04807692307692308
4 0.22115384615384615 0.7355769230769231 0.036057692307692304 0.04567307692307692
6 0.3425480769230769 0.8377403846153846 0.02403846153846154 0.05048076923076923