0 0.5552884615384616 0.7980769230769231 0.08653846153846154 0.052884615384615384
0 0.6057692307692307 0.6790865384615384 0.0673076923076923 0.055288461538461536
0 0.859375 0.6466346153846154 0.04326923076923077 0.04326923076923077
0 0.6694711538461539 0.30528846153846156 0.03125 0.02403846153846154
0 0.6310096153846154 0.10576923076923077 0.03365384615384615 0.02403846153846154
0 0.6105769230769231 0.038461538461538464 0.038461538461538464 0.02403846153846154
0 0.6286057692307693 0.055288461538461536 0.02403846153846154 0.016826923076923076
0 0.5721153846153846 0.015625 0.052884615384615384 0.028846153846153848
3 0.6694711538461539 0.16346153846153846 0.04326923076923077 0.021634615384615384
3 0.27163461538461536 0.9411057692307693 0.17307692307692307 0.11298076923076923
4 0.7271634615384616 0.15865384615384615 0.04567307692307692 0.016826923076923076
0 0.6995192307692307 0.3786057692307692 0.019230769230769232 0.014423076923076924
0 0.6947115384615384 0.3293269230769231 0.019230769230769232 0.014423076923076924
6 0.7848557692307693 0.35096153846153844 0.02403846153846154 0.014423076923076924