3 0.5264423076923077 0.4026442307692308 0.09375 0.12980769230769232
0 0.7115384615384616 0.5324519230769231 0.0673076923076923 0.10096153846153846
3 0.9519230769230769 0.765625 0.09134615384615384 0.14903846153846154
0 0.8245192307692307 0.5817307692307693 0.08653846153846154 0.1201923076923077
2 0.5252403846153846 0.2608173076923077 0.09134615384615384 0.1201923076923077
0 0.4098557692307692 0.38341346153846156 0.019230769230769232 0.02403846153846154
0 0.35216346153846156 0.3737980769230769 0.014423076923076924 0.019230769230769232
0 0.25961538461538464 0.37740384615384615 0.014423076923076924 0.019230769230769232
0 0.14543269230769232 0.33052884615384615 0.014423076923076924 0.019230769230769232
0 0.07692307692307693 0.42427884615384615 0.009615384615384616 0.028846153846153848
0 0.052884615384615384 0.4375 0.021634615384615384 0.028846153846153848