2 0.3088942307692308 0.671875 0.040865384615384616 0.052884615384615384
2 0.6887019230769231 0.6814903846153846 0.014423076923076924 0.04326923076923077
5 0.7259615384615384 0.6730769230769231 0.028846153846153848 0.04567307692307692
3 0.04927884615384615 0.4699519230769231 0.07932692307692307 0.24519230769230768
3 0.6911057692307693 0.6237980769230769 0.014423076923076924 0.04326923076923077
3 0.7235576923076923 0.6189903846153846 0.03125 0.04567307692307692
2 0.042067307692307696 0.7103365384615384 0.07211538461538461 0.18990384615384615
1 0.2800480769230769 0.5745192307692307 0.19230769230769232 0.14182692307692307
0 0.12139423076923077 0.5625 0.026442307692307692 0.04326923076923077
0 0.15504807692307693 0.5709134615384616 0.019230769230769232 0.03365384615384615
0 0.9543269230769231 0.5649038461538461 0.014423076923076924 0.019230769230769232