0 0.6742788461538461 0.8401442307692307 0.038461538461538464 0.04326923076923077
0 0.6370192307692307 0.5661057692307693 0.052884615384615384 0.0673076923076923
0 0.11177884615384616 0.6081730769230769 0.028846153846153848 0.040865384615384616
3 0.1875 0.6670673076923077 0.028846153846153848 0.0625
3 0.36778846153846156 0.6947115384615384 0.02403846153846154 0.03125
3 0.6237980769230769 0.6911057692307693 0.028846153846153848 0.03365384615384615
2 0.1875 0.7283653846153846 0.03125 0.052884615384615384
0 0.4411057692307692 0.6826923076923077 0.014423076923076924 0.019230769230769232
0 0.3942307692307692 0.6754807692307693 0.014423076923076924 0.019230769230769232
0 0.037259615384615384 0.5961538461538461 0.026442307692307692 0.038461538461538464
3 0.057692307692307696 0.5685096153846154 0.0625 0.019230769230769232
3 0.9675480769230769 0.6225961538461539 0.014423076923076924 0.028846153846153848
5 0.6237980769230769 0.7307692307692307 0.028846153846153848 0.03365384615384615
2 0.36658653846153844 0.7355769230769231 0.026442307692307692 0.028846153846153848
1 0.8605769230769231 0.6322115384615384 0.10336538461538461 0.08653846153846154
0 0.9879807692307693 0.5396634615384616 0.019230769230769232 0.05048076923076923