0 0.5889423076923077 0.8064903846153846 0.03365384615384615 0.028846153846153848
0 0.5733173076923077 0.8689903846153846 0.03365384615384615 0.028846153846153848
0 0.6730769230769231 0.31971153846153844 0.019230769230769232 0.019230769230769232
3 0.6442307692307693 0.2824519230769231 0.04567307692307692 0.01201923076923077
5 0.6959134615384616 0.2800480769230769 0.04567307692307692 0.014423076923076924
5 0.6911057692307693 0.3329326923076923 0.028846153846153848 0.021634615384615384
3 0.6622596153846154 0.5697115384615384 0.028846153846153848 0.02403846153846154
3 0.6526442307692307 0.6286057692307693 0.04567307692307692 0.014423076923076924
2 0.703125 0.6298076923076923 0.04326923076923077 0.014423076923076924
2 0.6947115384615384 0.5685096153846154 0.028846153846153848 0.019230769230769232
3 0.5805288461538461 0.6911057692307693 0.019230769230769232 0.06971153846153846
1 0.640625 0.33774038461538464 0.04326923076923077 0.08653846153846154
0 0.47596153846153844 0.021634615384615384 0.08173076923076923 0.038461538461538464
0 0.5745192307692307 0.06129807692307692 0.028846153846153848 0.019230769230769232
0 0.5709134615384616 0.9074519230769231 0.03365384615384615 0.02403846153846154
0 0.640625 0.6802884615384616 0.019230769230769232 0.014423076923076924
0 0.640625 0.6658653846153846 0.019230769230769232 0.014423076923076924
0 0.6442307692307693 0.6009615384615384 0.016826923076923076 0.014423076923076924