3 0.6346153846153846 0.7115384615384616 0.17307692307692307 0.055288461538461536
0 0.40024038461538464 0.8990384615384616 0.16346153846153846 0.11298076923076923
3 0.7043269230769231 0.5528846153846154 0.05048076923076923 0.040865384615384616
2 0.7572115384615384 0.5540865384615384 0.04807692307692308 0.04326923076923077
5 0.7391826923076923 0.2091346153846154 0.04567307692307692 0.028846153846153848
2 0.8040865384615384 0.7151442307692307 0.14903846153846154 0.057692307692307696
0 0.6754807692307693 0.5192307692307693 0.028846153846153848 0.021634615384615384
0 0.6838942307692307 0.5877403846153846 0.02403846153846154 0.016826923076923076
3 0.6887019230769231 0.2091346153846154 0.04807692307692308 0.026442307692307692
0 0.6526442307692307 0.171875 0.028846153846153848 0.021634615384615384
0 0.6694711538461539 0.24879807692307693 0.028846153846153848 0.019230769230769232
0 0.6490384615384616 0.11538461538461539 0.02403846153846154 0.014423076923076924
0 0.6850961538461539 0.4951923076923077 0.016826923076923076 0.014423076923076924
0 0.671875 0.23317307692307693 0.019230769230769232 0.014423076923076924