2 0.28846153846153844 0.25721153846153844 0.03365384615384615 0.04807692307692308
2 0.640625 0.24879807692307693 0.014423076923076924 0.038461538461538464
5 0.6802884615384616 0.2512019230769231 0.03125 0.04326923076923077
5 0.9675480769230769 0.2512019230769231 0.057692307692307696 0.11057692307692307
3 0.9639423076923077 0.3798076923076923 0.0673076923076923 0.12740384615384615
3 0.6778846153846154 0.2980769230769231 0.03365384615384615 0.04326923076923077
3 0.28966346153846156 0.31490384615384615 0.036057692307692304 0.04567307692307692
3 0.6370192307692307 0.29927884615384615 0.021634615384615384 0.04807692307692308
0 0.5865384615384616 0.3088942307692308 0.014423076923076924 0.019230769230769232
0 0.3449519230769231 0.3161057692307692 0.014423076923076924 0.019230769230769232
0 0.21875 0.34375 0.014423076923076924 0.026442307692307692