0 0.3076923076923077 0.40865384615384615 0.02403846153846154 0.03365384615384615
0 0.35336538461538464 0.40384615384615385 0.028846153846153848 0.028846153846153848
0 0.4338942307692308 0.3954326923076923 0.02403846153846154 0.028846153846153848
3 0.23076923076923078 0.38461538461538464 0.014423076923076924 0.04807692307692308
2 0.6478365384615384 0.31971153846153844 0.03365384615384615 0.04326923076923077
3 0.6129807692307693 0.3786057692307692 0.014423076923076924 0.04326923076923077
4 0.6129807692307693 0.32091346153846156 0.016826923076923076 0.04326923076923077
3 0.6478365384615384 0.3786057692307692 0.028846153846153848 0.04807692307692308
3 0.9663461538461539 0.4483173076923077 0.0625 0.125
2 0.9699519230769231 0.328125 0.052884615384615384 0.10576923076923077
2 0.2283653846153846 0.3245192307692308 0.01201923076923077 0.04807692307692308
6 0.47115384615384615 0.21514423076923078 0.036057692307692304 0.04807692307692308