3 0.28365384615384615 0.32211538461538464 0.038461538461538464 0.06009615384615385
3 0.31850961538461536 0.3137019230769231 0.014423076923076924 0.06490384615384616
4 0.7704326923076923 0.2536057692307692 0.038461538461538464 0.05048076923076923
1 0.5637019230769231 0.296875 0.057692307692307696 0.04807692307692308
3 0.7668269230769231 0.3161057692307692 0.038461538461538464 0.057692307692307696
2 0.2824519230769231 0.2548076923076923 0.040865384615384616 0.057692307692307696
6 0.5865384615384616 0.10216346153846154 0.04807692307692308 0.08653846153846154
3 0.02283653846153846 0.4266826923076923 0.036057692307692304 0.19230769230769232
4 0.3161057692307692 0.24759615384615385 0.016826923076923076 0.057692307692307696
1 0.4855769230769231 0.2860576923076923 0.036057692307692304 0.02403846153846154
2 0.4423076923076923 0.26322115384615385 0.014423076923076924 0.019230769230769232
3 0.4423076923076923 0.2848557692307692 0.014423076923076924 0.016826923076923076