6 0.4951923076923077 0.8413461538461539 0.04807692307692308 0.08173076923076923
3 0.21514423076923078 0.6069711538461539 0.019230769230769232 0.06490384615384616
2 0.2127403846153846 0.6766826923076923 0.019230769230769232 0.0625
3 0.4495192307692308 0.5673076923076923 0.057692307692307696 0.019230769230769232
0 0.4543269230769231 0.5949519230769231 0.03125 0.03365384615384615
0 0.3605769230769231 0.5841346153846154 0.03365384615384615 0.03365384615384615
0 0.3088942307692308 0.5793269230769231 0.03125 0.04326923076923077
3 0.6983173076923077 0.6129807692307693 0.03365384615384615 0.06009615384615385
2 0.6983173076923077 0.6754807692307693 0.03365384615384615 0.052884615384615384
3 0.6586538461538461 0.6177884615384616 0.019230769230769232 0.06009615384615385
4 0.6610576923076923 0.6826923076923077 0.021634615384615384 0.052884615384615384