4 0.7115384615384616 0.24519230769230768 0.038461538461538464 0.04807692307692308
4 0.2247596153846154 0.25 0.021634615384615384 0.06009615384615385
2 0.18629807692307693 0.25 0.04326923076923077 0.052884615384615384
2 0.6742788461538461 0.24158653846153846 0.02403846153846154 0.04567307692307692
3 0.18870192307692307 0.32572115384615385 0.04326923076923077 0.0673076923076923
0 0.5973557692307693 0.32572115384615385 0.028846153846153848 0.03125
3 0.6742788461538461 0.30288461538461536 0.026442307692307692 0.057692307692307696
3 0.7139423076923077 0.3125 0.03125 0.04567307692307692
6 0.5192307692307693 0.09014423076923077 0.05048076923076923 0.07451923076923077
3 0.22716346153846154 0.32211538461538464 0.016826923076923076 0.06971153846153846
0 0.31850961538461536 0.3401442307692308 0.03125 0.038461538461538464
0 0.8762019230769231 0.34375 0.014423076923076924 0.019230769230769232
0 0.8197115384615384 0.3293269230769231 0.014423076923076924 0.019230769230769232
3 0.5084134615384616 0.36658653846153844 0.0625 0.019230769230769232