0 0.18509615384615385 0.027644230769230768 0.07932692307692307 0.052884615384615384
0 0.3954326923076923 0.2848557692307692 0.02403846153846154 0.019230769230769232
3 0.36899038461538464 0.32211538461538464 0.057692307692307696 0.040865384615384616
3 0.3786057692307692 0.7067307692307693 0.04567307692307692 0.028846153846153848
3 0.3737980769230769 0.6802884615384616 0.052884615384615384 0.01201923076923077
2 0.32572115384615385 0.7079326923076923 0.04326923076923077 0.028846153846153848
4 0.31490384615384615 0.31850961538461536 0.04567307692307692 0.038461538461538464
6 0.22235576923076922 0.5276442307692307 0.052884615384615384 0.028846153846153848
3 0.4326923076923077 0.8846153846153846 0.11057692307692307 0.057692307692307696
2 0.3233173076923077 0.8858173076923077 0.10576923076923077 0.05048076923076923
0 0.3870192307692308 0.16346153846153846 0.014423076923076924 0.014423076923076924
4 0.31850961538461536 0.6802884615384616 0.05048076923076923 0.014423076923076924
2 0.32572115384615385 0.5528846153846154 0.019230769230769232 0.014423076923076924
3 0.3473557692307692 0.5528846153846154 0.016826923076923076 0.01201923076923077
0 0.4963942307692308 0.9338942307692307 0.07451923076923077 0.04807692307692308