0 0.5745192307692307 0.7680288461538461 0.04326923076923077 0.03365384615384615
0 0.5685096153846154 0.2091346153846154 0.04326923076923077 0.028846153846153848
0 0.5300480769230769 0.09495192307692307 0.057692307692307696 0.03365384615384615
0 0.6117788461538461 0.5685096153846154 0.028846153846153848 0.026442307692307692
0 0.7091346153846154 0.6838942307692307 0.019230769230769232 0.014423076923076924
3 0.640625 0.5180288461538461 0.03365384615384615 0.014423076923076924
3 0.6574519230769231 0.46153846153846156 0.028846153846153848 0.014423076923076924
3 0.5216346153846154 0.15504807692307693 0.02403846153846154 0.07211538461538461
0 0.5805288461538461 0.18389423076923078 0.03125 0.019230769230769232
0 0.6009615384615384 0.12139423076923077 0.014423076923076924 0.014423076923076924
3 0.6370192307692307 0.26322115384615385 0.02403846153846154 0.016826923076923076
1 0.6478365384615384 0.32211538461538464 0.02403846153846154 0.03125
4 0.6646634615384616 0.26322115384615385 0.028846153846153848 0.019230769230769232
6 0.7115384615384616 0.36658653846153844 0.019230769230769232 0.014423076923076924
0 0.5216346153846154 0.8786057692307693 0.06490384615384616 0.04567307692307692
3 0.5552884615384616 0.96875 0.12740384615384615 0.057692307692307696
5 0.6790865384615384 0.9723557692307693 0.10576923076923077 0.05048076923076923