0 0.7740384615384616 0.42788461538461536 0.019230769230769232 0.03125
0 0.7463942307692307 0.4206730769230769 0.014423076923076924 0.019230769230769232
0 0.6526442307692307 0.4206730769230769 0.019230769230769232 0.02403846153846154
3 0.6081730769230769 0.3942307692307692 0.04326923076923077 0.057692307692307696
3 0.2091346153846154 0.41466346153846156 0.014423076923076924 0.05048076923076923
3 0.17548076923076922 0.41947115384615385 0.03125 0.052884615384615384
5 0.17307692307692307 0.3629807692307692 0.03125 0.05048076923076923
2 0.20793269230769232 0.3557692307692308 0.016826923076923076 0.04567307692307692
2 0.6045673076923077 0.3293269230769231 0.05048076923076923 0.052884615384615384
3 0.9507211538461539 0.5216346153846154 0.09134615384615384 0.2283653846153846
2 0.9555288461538461 0.296875 0.08653846153846154 0.18990384615384615