0 0.6165865384615384 0.2403846153846154 0.052884615384615384 0.04326923076923077
0 0.6358173076923077 0.33774038461538464 0.038461538461538464 0.038461538461538464
0 0.6959134615384616 0.46274038461538464 0.016826923076923076 0.009615384615384616
0 0.6213942307692307 0.8629807692307693 0.038461538461538464 0.03365384615384615
3 0.7139423076923077 0.4387019230769231 0.03125 0.02403846153846154
3 0.6971153846153846 0.3870192307692308 0.06009615384615385 0.014423076923076924
5 0.7475961538461539 0.6814903846153846 0.028846153846153848 0.02403846153846154
2 0.7512019230769231 0.4387019230769231 0.03125 0.026442307692307692
2 0.7668269230769231 0.38461538461538464 0.057692307692307696 0.014423076923076924
0 0.6875 0.7151442307692307 0.016826923076923076 0.014423076923076924
0 0.6862980769230769 0.7680288461538461 0.019230769230769232 0.014423076923076924
0 0.8016826923076923 0.8425480769230769 0.038461538461538464 0.03125
3 0.7103365384615384 0.6802884615384616 0.028846153846153848 0.021634615384615384
3 0.5925480769230769 0.30649038461538464 0.03365384615384615 0.08413461538461539
0 0.6213942307692307 0.9903846153846154 0.04567307692307692 0.014423076923076924
0 0.6983173076923077 0.4098557692307692 0.016826923076923076 0.01201923076923077