1 0.4230769230769231 0.3004807692307692 0.07211538461538461 0.06009615384615385
3 0.7632211538461539 0.33413461538461536 0.052884615384615384 0.08173076923076923
3 0.7223557692307693 0.3269230769230769 0.02403846153846154 0.07932692307692307
4 0.7259615384615384 0.24519230769230768 0.019230769230769232 0.07211538461538461
2 0.7668269230769231 0.2512019230769231 0.04807692307692308 0.06971153846153846
3 0.17908653846153846 0.3245192307692308 0.04326923076923077 0.07692307692307693
4 0.1778846153846154 0.2512019230769231 0.04326923076923077 0.06490384615384616
0 0.2620192307692308 0.3329326923076923 0.019230769230769232 0.028846153846153848
1 0.5060096153846154 0.2824519230769231 0.036057692307692304 0.02403846153846154
6 0.36177884615384615 0.03365384615384615 0.0625 0.0673076923076923
3 0.09254807692307693 0.39903846153846156 0.055288461538461536 0.019230769230769232