3 0.09735576923076923 0.5877403846153846 0.038461538461538464 0.07211538461538461
3 0.28966346153846156 0.6334134615384616 0.026442307692307692 0.038461538461538464
3 0.31850961538461536 0.6334134615384616 0.01201923076923077 0.03365384615384615
5 0.29086538461538464 0.6754807692307693 0.02403846153846154 0.03365384615384615
3 0.6935096153846154 0.5973557692307693 0.028846153846153848 0.09615384615384616
3 0.6165865384615384 0.6310096153846154 0.03365384615384615 0.04326923076923077
2 0.6153846153846154 0.6790865384615384 0.03365384615384615 0.03365384615384615
3 0.8533653846153846 0.328125 0.19230769230769232 0.11057692307692307
5 0.09254807692307693 0.671875 0.038461538461538464 0.06490384615384616
1 0.515625 0.6117788461538461 0.14423076923076922 0.08653846153846154
0 0.4855769230769231 0.6586538461538461 0.03365384615384615 0.038461538461538464
0 0.6658653846153846 0.6033653846153846 0.014423076923076924 0.019230769230769232
0 0.7728365384615384 0.5925480769230769 0.014423076923076924 0.028846153846153848
0 0.7548076923076923 0.5961538461538461 0.014423076923076924 0.019230769230769232
2 0.6971153846153846 0.7067307692307693 0.02403846153846154 0.08653846153846154