3 0.6129807692307693 0.7175480769230769 0.057692307692307696 0.04326923076923077
2 0.6742788461538461 0.7163461538461539 0.057692307692307696 0.038461538461538464
3 0.6177884615384616 0.3004807692307692 0.052884615384615384 0.014423076923076924
3 0.6141826923076923 0.2644230769230769 0.052884615384615384 0.03365384615384615
5 0.6730769230769231 0.2620192307692308 0.05048076923076923 0.03125
2 0.6826923076923077 0.3004807692307692 0.04807692307692308 0.014423076923076924
1 0.5649038461538461 0.055288461538461536 0.07932692307692307 0.09375
0 0.5588942307692307 0.8990384615384616 0.038461538461538464 0.02403846153846154
0 0.5697115384615384 0.8629807692307693 0.028846153846153848 0.021634615384615384
0 0.5817307692307693 0.7584134615384616 0.028846153846153848 0.02403846153846154
0 0.6189903846153846 0.051682692307692304 0.028846153846153848 0.02403846153846154