0 0.5204326923076923 0.39783653846153844 0.03125 0.03365384615384615
0 0.4735576923076923 0.3942307692307692 0.028846153846153848 0.03365384615384615
0 0.5841346153846154 0.39663461538461536 0.028846153846153848 0.03365384615384615
0 0.3557692307692308 0.41225961538461536 0.03365384615384615 0.03365384615384615
0 0.5540865384615384 0.2668269230769231 0.019230769230769232 0.02403846153846154
0 0.6826923076923077 0.36658653846153844 0.021634615384615384 0.019230769230769232
3 0.7932692307692307 0.3629807692307692 0.019230769230769232 0.03125
3 0.7079326923076923 0.4266826923076923 0.0673076923076923 0.019230769230769232
0 0.28725961538461536 0.4050480769230769 0.02403846153846154 0.03125
2 0.7932692307692307 0.33052884615384615 0.02403846153846154 0.03125
1 0.9723557692307693 0.40384615384615385 0.05048076923076923 0.08173076923076923