0 0.32211538461538464 0.6610576923076923 0.021634615384615384 0.03125
0 0.39663461538461536 0.6634615384615384 0.028846153846153848 0.038461538461538464
3 0.20432692307692307 0.6658653846153846 0.057692307692307696 0.08173076923076923
3 0.26802884615384615 0.6682692307692307 0.055288461538461536 0.09615384615384616
5 0.203125 0.7512019230769231 0.05048076923076923 0.08173076923076923
2 0.25721153846153844 0.7644230769230769 0.04326923076923077 0.08173076923076923
3 0.9375 0.6177884615384616 0.057692307692307696 0.10576923076923077
0 0.8161057692307693 0.7824519230769231 0.026442307692307692 0.028846153846153848
0 0.7548076923076923 0.6538461538461539 0.021634615384615384 0.02403846153846154
0 0.6838942307692307 0.6838942307692307 0.014423076923076924 0.019230769230769232
0 0.7067307692307693 0.6754807692307693 0.014423076923076924 0.019230769230769232
2 0.9435096153846154 0.7307692307692307 0.052884615384615384 0.09615384615384616
0 0.47716346153846156 0.6959134615384616 0.014423076923076924 0.016826923076923076
0 0.49038461538461536 0.6947115384615384 0.009615384615384616 0.019230769230769232