3 0.4170673076923077 0.9314903846153846 0.0625 0.03125
3 0.36778846153846156 0.4987980769230769 0.0673076923076923 0.05048076923076923
2 0.2932692307692308 0.4987980769230769 0.0625 0.052884615384615384
0 0.4879807692307692 0.24759615384615385 0.07932692307692307 0.057692307692307696
0 0.44350961538461536 0.39663461538461536 0.057692307692307696 0.04807692307692308
0 0.42908653846153844 0.42788461538461536 0.05048076923076923 0.038461538461538464
0 0.4495192307692308 0.9723557692307693 0.028846153846153848 0.026442307692307692
0 0.4387019230769231 0.9615384615384616 0.028846153846153848 0.019230769230769232
4 0.3557692307692308 0.9350961538461539 0.052884615384615384 0.03365384615384615
3 0.5168269230769231 0.3629807692307692 0.04567307692307692 0.13701923076923078
0 0.41586538461538464 0.8533653846153846 0.028846153846153848 0.021634615384615384
0 0.40384615384615385 0.8365384615384616 0.019230769230769232 0.016826923076923076
0 0.39302884615384615 0.7908653846153846 0.019230769230769232 0.014423076923076924
0 0.38461538461538464 0.7716346153846154 0.019230769230769232 0.01201923076923077
0 0.3173076923076923 0.7211538461538461 0.019230769230769232 0.009615384615384616
0 0.359375 0.6213942307692307 0.019230769230769232 0.01201923076923077
0 0.3641826923076923 0.546875 0.016826923076923076 0.01201923076923077