0 0.18389423076923078 0.44350961538461536 0.04807692307692308 0.052884615384615384
0 0.07932692307692307 0.4326923076923077 0.03125 0.04326923076923077
3 0.1310096153846154 0.4723557692307692 0.07211538461538461 0.03125
3 0.8557692307692307 0.3557692307692308 0.04807692307692308 0.10576923076923077
2 0.8617788461538461 0.2403846153846154 0.036057692307692304 0.09615384615384616
2 0.7211538461538461 0.2644230769230769 0.03365384615384615 0.04326923076923077
3 0.7199519230769231 0.3125 0.03365384615384615 0.038461538461538464
3 0.4266826923076923 0.31009615384615385 0.028846153846153848 0.03365384615384615
4 0.42788461538461536 0.26802884615384615 0.03125 0.038461538461538464
0 0.03485576923076923 0.27163461538461536 0.02403846153846154 0.028846153846153848
6 0.5540865384615384 0.19951923076923078 0.019230769230769232 0.03125