0 0.4338942307692308 0.9375 0.057692307692307696 0.04326923076923077
0 0.3942307692307692 0.8629807692307693 0.05048076923076923 0.038461538461538464
0 0.36538461538461536 0.20673076923076922 0.04326923076923077 0.03365384615384615
0 0.3473557692307692 0.33774038461538464 0.038461538461538464 0.03125
3 0.3870192307692308 0.2512019230769231 0.019230769230769232 0.08413461538461539
0 0.32211538461538464 0.4026442307692308 0.03125 0.026442307692307692
0 0.2980769230769231 0.5625 0.016826923076923076 0.01201923076923077
0 0.3004807692307692 0.5841346153846154 0.016826923076923076 0.014423076923076924
0 0.30288461538461536 0.6286057692307693 0.019230769230769232 0.014423076923076924
3 0.30408653846153844 0.7331730769230769 0.02403846153846154 0.02403846153846154
2 0.27163461538461536 0.7355769230769231 0.028846153846153848 0.02403846153846154
3 0.2956730769230769 0.4495192307692308 0.038461538461538464 0.014423076923076924
0 0.32572115384615385 0.2512019230769231 0.019230769230769232 0.014423076923076924
0 0.19951923076923078 0.8509615384615384 0.03365384615384615 0.03125
6 0.22956730769230768 0.6117788461538461 0.019230769230769232 0.014423076923076924
4 0.24759615384615385 0.45072115384615385 0.04326923076923077 0.014423076923076924