0 0.3918269230769231 0.7283653846153846 0.019230769230769232 0.016826923076923076
3 0.35096153846153844 0.6165865384615384 0.04326923076923077 0.028846153846153848
4 0.3016826923076923 0.6177884615384616 0.04326923076923077 0.028846153846153848
0 0.2620192307692308 0.6274038461538461 0.02403846153846154 0.016826923076923076
0 0.40384615384615385 0.18269230769230768 0.02403846153846154 0.014423076923076924
0 0.3894230769230769 0.20552884615384615 0.019230769230769232 0.014423076923076924
3 0.44350961538461536 0.9471153846153846 0.11538461538461539 0.0625
2 0.3125 0.25841346153846156 0.04567307692307692 0.028846153846153848
6 0.21033653846153846 0.4675480769230769 0.04567307692307692 0.028846153846153848
0 0.38221153846153844 0.30288461538461536 0.03365384615384615 0.02403846153846154
3 0.4495192307692308 0.7439903846153846 0.019230769230769232 0.08173076923076923
3 0.36658653846153844 0.25721153846153844 0.04567307692307692 0.03125
4 0.31009615384615385 0.9543269230769231 0.10096153846153846 0.0625
0 0.32211538461538464 0.15144230769230768 0.019230769230769232 0.014423076923076924
0 0.30649038461538464 0.07692307692307693 0.016826923076923076 0.014423076923076924