0 0.5841346153846154 0.1778846153846154 0.1201923076923077 0.08173076923076923
0 0.5324519230769231 0.28846153846153844 0.09375 0.07692307692307693
0 0.4375 0.9519230769230769 0.019230769230769232 0.016826923076923076
0 0.42427884615384615 0.9254807692307693 0.014423076923076924 0.01201923076923077
0 0.38221153846153844 0.5949519230769231 0.019230769230769232 0.014423076923076924
0 0.3317307692307692 0.8557692307692307 0.016826923076923076 0.01201923076923077
3 0.4074519230769231 0.4795673076923077 0.1201923076923077 0.09134615384615384
3 0.7692307692307693 0.05048076923076923 0.14182692307692307 0.09615384615384616
2 0.25841346153846156 0.47836538461538464 0.12980769230769232 0.09615384615384616
0 0.3762019230769231 0.6502403846153846 0.019230769230769232 0.014423076923076924
0 0.3786057692307692 0.7439903846153846 0.019230769230769232 0.01201923076923077