0 0.44350961538461536 0.8161057692307693 0.052884615384615384 0.04807692307692308
0 0.4326923076923077 0.9206730769230769 0.04326923076923077 0.03125
3 0.4723557692307692 0.8689903846153846 0.03125 0.07211538461538461
3 0.3557692307692308 0.14423076923076922 0.10576923076923077 0.04807692307692308
2 0.2403846153846154 0.13822115384615385 0.09615384615384616 0.036057692307692304
2 0.2644230769230769 0.27884615384615385 0.04326923076923077 0.03365384615384615
3 0.3125 0.2800480769230769 0.038461538461538464 0.03365384615384615
3 0.31009615384615385 0.5733173076923077 0.03365384615384615 0.028846153846153848
4 0.26802884615384615 0.5721153846153846 0.038461538461538464 0.03125
0 0.27163461538461536 0.9651442307692307 0.028846153846153848 0.02403846153846154
6 0.19951923076923078 0.44591346153846156 0.03125 0.019230769230769232