0 0.6081730769230769 0.7283653846153846 0.019230769230769232 0.016826923076923076
3 0.6490384615384616 0.6165865384615384 0.04326923076923077 0.028846153846153848
4 0.6983173076923077 0.6177884615384616 0.04326923076923077 0.028846153846153848
0 0.7379807692307693 0.6274038461538461 0.02403846153846154 0.016826923076923076
0 0.5961538461538461 0.18269230769230768 0.02403846153846154 0.014423076923076924
0 0.6105769230769231 0.20552884615384615 0.019230769230769232 0.014423076923076924
3 0.5564903846153846 0.9471153846153846 0.11538461538461539 0.0625
2 0.6875 0.25841346153846156 0.04567307692307692 0.028846153846153848
6 0.7896634615384616 0.4675480769230769 0.04567307692307692 0.028846153846153848
0 0.6177884615384616 0.30288461538461536 0.03365384615384615 0.02403846153846154
3 0.5504807692307693 0.7439903846153846 0.019230769230769232 0.08173076923076923
3 0.6334134615384616 0.25721153846153844 0.04567307692307692 0.03125
4 0.6899038461538461 0.9543269230769231 0.10096153846153846 0.0625
0 0.6778846153846154 0.15144230769230768 0.019230769230769232 0.014423076923076924
0 0.6935096153846154 0.07692307692307693 0.016826923076923076 0.014423076923076924