0 0.9831730769230769 0.40625 0.021634615384615384 0.03365384615384615
3 0.8052884615384616 0.35096153846153844 0.036057692307692304 0.07211538461538461
3 0.6682692307692307 0.31009615384615385 0.02403846153846154 0.028846153846153848
2 0.24759615384615385 0.2620192307692308 0.028846153846153848 0.07932692307692307
2 0.3425480769230769 0.2692307692307692 0.028846153846153848 0.04326923076923077
0 0.04807692307692308 0.47716346153846156 0.05048076923076923 0.07211538461538461
0 0.9375 0.4170673076923077 0.03125 0.04567307692307692
4 0.8100961538461539 0.2644230769230769 0.03365384615384615 0.0673076923076923
4 0.6670673076923077 0.2704326923076923 0.019230769230769232 0.038461538461538464
0 0.6009615384615384 0.3245192307692308 0.01201923076923077 0.014423076923076924
3 0.25721153846153844 0.3581730769230769 0.028846153846153848 0.08653846153846154
3 0.3425480769230769 0.3137019230769231 0.028846153846153848 0.03125
0 0.1622596153846154 0.4026442307692308 0.03125 0.04326923076923077
0 0.028846153846153848 0.4254807692307692 0.02403846153846154 0.038461538461538464
6 0.5204326923076923 0.21754807692307693 0.01201923076923077 0.019230769230769232
0 0.41947115384615385 0.3317307692307692 0.016826923076923076 0.019230769230769232