0 0.23197115384615385 0.8161057692307693 0.04326923076923077 0.04807692307692308
0 0.4326923076923077 0.6526442307692307 0.038461538461538464 0.03365384615384615
0 0.4014423076923077 0.5348557692307693 0.02403846153846154 0.019230769230769232
0 0.4026442307692308 0.48197115384615385 0.02403846153846154 0.019230769230769232
0 0.3870192307692308 0.38100961538461536 0.014423076923076924 0.009615384615384616
0 0.4723557692307692 0.09134615384615384 0.038461538461538464 0.026442307692307692
0 0.4326923076923077 0.1814903846153846 0.02403846153846154 0.019230769230769232
0 0.4795673076923077 0.010817307692307692 0.019230769230769232 0.01201923076923077
3 0.3737980769230769 0.45072115384615385 0.03365384615384615 0.014423076923076924
0 0.45913461538461536 0.06610576923076923 0.028846153846153848 0.014423076923076924
3 0.5012019230769231 0.11298076923076923 0.019230769230769232 0.0673076923076923
5 0.3605769230769231 0.22355769230769232 0.02403846153846154 0.019230769230769232
0 0.32091346153846156 0.17307692307692307 0.019230769230769232 0.01201923076923077
0 0.47836538461538464 0.03485576923076923 0.019230769230769232 0.019230769230769232
3 0.38822115384615385 0.22235576923076922 0.028846153846153848 0.014423076923076924
0 0.3870192307692308 0.3629807692307692 0.014423076923076924 0.01201923076923077
2 0.33653846153846156 0.4519230769230769 0.03125 0.01201923076923077