0 0.20673076923076922 0.5600961538461539 0.07211538461538461 0.11298076923076923
0 0.3112980769230769 0.515625 0.07211538461538461 0.09134615384615384
3 0.49158653846153844 0.39302884615384615 0.0889423076923077 0.12740384615384615
0 0.6009615384615384 0.38341346153846156 0.014423076923076924 0.019230769230769232
0 0.6574519230769231 0.3737980769230769 0.014423076923076924 0.019230769230769232
0 0.9495192307692307 0.4411057692307692 0.019230769230769232 0.028846153846153848
0 0.9266826923076923 0.4254807692307692 0.009615384615384616 0.019230769230769232
2 0.49038461538461536 0.26322115384615385 0.08173076923076923 0.11057692307692307
3 0.06490384615384616 0.7487980769230769 0.125 0.16826923076923078
0 0.7475961538461539 0.3786057692307692 0.014423076923076924 0.016826923076923076
0 0.8605769230769231 0.3317307692307692 0.014423076923076924 0.019230769230769232