3 0.18389423076923078 0.6021634615384616 0.028846153846153848 0.08173076923076923
3 0.46634615384615385 0.5588942307692307 0.07211538461538461 0.019230769230769232
2 0.7572115384615384 0.6838942307692307 0.03365384615384615 0.057692307692307696
3 0.7560096153846154 0.609375 0.040865384615384616 0.0673076923076923
2 0.18269230769230768 0.6887019230769231 0.028846153846153848 0.07692307692307693
0 0.29927884615384615 0.5721153846153846 0.038461538461538464 0.04807692307692308
0 0.359375 0.5757211538461539 0.040865384615384616 0.04807692307692308
0 0.4723557692307692 0.59375 0.036057692307692304 0.038461538461538464
3 0.7127403846153846 0.6141826923076923 0.028846153846153848 0.07211538461538461
4 0.7139423076923077 0.6899038461538461 0.03125 0.0673076923076923
6 0.53125 0.9278846153846154 0.0625 0.12259615384615384