0 0.9495192307692307 0.6310096153846154 0.038461538461538464 0.055288461538461536
3 0.7295673076923077 0.6742788461538461 0.052884615384615384 0.08653846153846154
3 0.10096153846153846 0.6442307692307693 0.04807692307692308 0.09615384615384616
4 0.7307692307692307 0.7644230769230769 0.04807692307692308 0.07932692307692307
0 0.8401442307692307 0.6370192307692307 0.026442307692307692 0.03125
0 0.6021634615384616 0.671875 0.026442307692307692 0.028846153846153848
0 0.6694711538461539 0.6935096153846154 0.014423076923076924 0.016826923076923076
5 0.4987980769230769 0.7475961538461539 0.014423076923076924 0.019230769230769232
3 0.4951923076923077 0.7223557692307693 0.014423076923076924 0.019230769230769232
0 0.20432692307692307 0.6706730769230769 0.014423076923076924 0.019230769230769232
0 0.24639423076923078 0.6947115384615384 0.014423076923076924 0.019230769230769232
0 0.1622596153846154 0.6598557692307693 0.009615384615384616 0.016826923076923076
0 0.16706730769230768 0.7512019230769231 0.01201923076923077 0.019230769230769232
2 0.0985576923076923 0.7524038461538461 0.06009615384615385 0.09134615384615384
3 0.3269230769230769 0.7151442307692307 0.019230769230769232 0.02403846153846154
2 0.3269230769230769 0.7403846153846154 0.014423076923076924 0.019230769230769232
4 0.13942307692307693 0.7451923076923077 0.019230769230769232 0.0673076923076923