3 0.578125 0.8497596153846154 0.07211538461538461 0.16346153846153846
3 0.3918269230769231 0.6983173076923077 0.09615384615384616 0.03365384615384615
3 0.3557692307692308 0.5973557692307693 0.04326923076923077 0.03125
3 0.36177884615384615 0.2800480769230769 0.038461538461538464 0.026442307692307692
3 0.4050480769230769 0.11899038461538461 0.08173076923076923 0.038461538461538464
2 0.3137019230769231 0.5961538461538461 0.038461538461538464 0.028846153846153848
5 0.3245192307692308 0.1141826923076923 0.07211538461538461 0.038461538461538464
5 0.32091346153846156 0.2800480769230769 0.038461538461538464 0.026442307692307692
0 0.38221153846153844 0.640625 0.02403846153846154 0.019230769230769232
0 0.3449519230769231 0.17307692307692307 0.028846153846153848 0.021634615384615384
1 0.39302884615384615 0.1814903846153846 0.0673076923076923 0.08413461538461539
0 0.38822115384615385 0.7283653846153846 0.02403846153846154 0.019230769230769232
0 0.3918269230769231 0.7451923076923077 0.028846153846153848 0.019230769230769232
2 0.28725961538461536 0.7007211538461539 0.07451923076923077 0.028846153846153848