3 0.953125 0.32572115384615385 0.07692307692307693 0.09615384615384616
0 0.921875 0.4807692307692308 0.05048076923076923 0.07451923076923077
1 0.30649038461538464 0.5901442307692307 0.18269230769230768 0.14903846153846154
3 0.1346153846153846 0.578125 0.04326923076923077 0.07692307692307693
6 0.46153846153846156 0.7319711538461539 0.014423076923076924 0.019230769230769232
2 0.6310096153846154 0.6802884615384616 0.026442307692307692 0.038461538461538464
3 0.6310096153846154 0.6346153846153846 0.026442307692307692 0.03125
0 0.6959134615384616 0.6105769230769231 0.014423076923076924 0.019230769230769232
0 0.5961538461538461 0.625 0.014423076923076924 0.019230769230769232
6 0.5012019230769231 0.6850961538461539 0.014423076923076924 0.016826923076923076
0 0.9026442307692307 0.5853365384615384 0.009615384615384616 0.019230769230769232
0 0.6670673076923077 0.6165865384615384 0.01201923076923077 0.019230769230769232
4 0.12860576923076922 0.6694711538461539 0.036057692307692304 0.07692307692307693