3 0.7151442307692307 0.6838942307692307 0.0673076923076923 0.04326923076923077
3 0.7043269230769231 0.6442307692307693 0.0673076923076923 0.021634615384615384
3 0.6586538461538461 0.17908653846153846 0.0673076923076923 0.038461538461538464
4 0.7716346153846154 0.6418269230769231 0.052884615384615384 0.019230769230769232
2 0.7836538461538461 0.6802884615384616 0.057692307692307696 0.04326923076923077
4 0.7259615384615384 0.1778846153846154 0.06009615384615385 0.040865384615384616
0 0.6742788461538461 0.7043269230769231 0.019230769230769232 0.021634615384615384
0 0.5877403846153846 0.021634615384615384 0.028846153846153848 0.019230769230769232
6 0.9411057692307693 0.40384615384615385 0.07692307692307693 0.04326923076923077
3 0.7223557692307693 0.49399038461538464 0.016826923076923076 0.014423076923076924
3 0.7115384615384616 0.35096153846153844 0.019230769230769232 0.01201923076923077
0 0.6418269230769231 0.1466346153846154 0.016826923076923076 0.014423076923076924
0 0.6730769230769231 0.29927884615384615 0.019230769230769232 0.009615384615384616
0 0.6838942307692307 0.3329326923076923 0.016826923076923076 0.014423076923076924
0 0.6682692307692307 0.22115384615384615 0.028846153846153848 0.014423076923076924