0 0.4891826923076923 0.8990384615384616 0.07932692307692307 0.057692307692307696
0 0.5721153846153846 0.6814903846153846 0.04807692307692308 0.038461538461538464
0 0.5913461538461539 0.5973557692307693 0.04326923076923077 0.03365384615384615
6 0.6670673076923077 0.04807692307692308 0.01201923076923077 0.009615384615384616
3 0.6213942307692307 0.20192307692307693 0.038461538461538464 0.014423076923076924
3 0.6165865384615384 0.13942307692307693 0.02403846153846154 0.019230769230769232
2 0.6682692307692307 0.20192307692307693 0.038461538461538464 0.014423076923076924
0 0.5709134615384616 0.7367788461538461 0.04567307692307692 0.036057692307692304
2 0.6466346153846154 0.13942307692307693 0.02403846153846154 0.014423076923076924
0 0.6057692307692307 0.3737980769230769 0.028846153846153848 0.02403846153846154
3 0.5829326923076923 0.3545673076923077 0.016826923076923076 0.052884615384615384
0 0.6141826923076923 0.2439903846153846 0.019230769230769232 0.014423076923076924