0 0.7932692307692307 0.43990384615384615 0.07211538461538461 0.11298076923076923
0 0.6887019230769231 0.484375 0.07211538461538461 0.09134615384615384
3 0.5084134615384616 0.6069711538461539 0.0889423076923077 0.12740384615384615
0 0.39903846153846156 0.6165865384615384 0.014423076923076924 0.019230769230769232
0 0.3425480769230769 0.6262019230769231 0.014423076923076924 0.019230769230769232
0 0.05048076923076923 0.5588942307692307 0.019230769230769232 0.028846153846153848
0 0.0733173076923077 0.5745192307692307 0.009615384615384616 0.019230769230769232
2 0.5096153846153846 0.7367788461538461 0.08173076923076923 0.11057692307692307
3 0.9350961538461539 0.2512019230769231 0.125 0.16826923076923078
0 0.25240384615384615 0.6213942307692307 0.014423076923076924 0.016826923076923076
0 0.13942307692307693 0.6682692307692307 0.014423076923076924 0.019230769230769232