3 0.7223557692307693 0.6911057692307693 0.036057692307692304 0.052884615384615384
0 0.4230769230769231 0.6838942307692307 0.016826923076923076 0.019230769230769232
0 0.2620192307692308 0.6646634615384616 0.014423076923076924 0.019230769230769232
0 0.15985576923076922 0.6598557692307693 0.036057692307692304 0.03365384615384615
0 0.2247596153846154 0.671875 0.01201923076923077 0.019230769230769232
0 0.8449519230769231 0.6418269230769231 0.014423076923076924 0.019230769230769232
0 0.8269230769230769 0.65625 0.01201923076923077 0.019230769230769232
2 0.7235576923076923 0.7487980769230769 0.040865384615384616 0.04807692307692308
3 0.36538461538461536 0.6947115384615384 0.03125 0.04807692307692308
4 0.36538461538461536 0.7463942307692307 0.03125 0.04326923076923077
6 0.5192307692307693 0.8413461538461539 0.028846153846153848 0.052884615384615384