3 0.9314903846153846 0.5829326923076923 0.03125 0.0625
3 0.4987980769230769 0.6322115384615384 0.05048076923076923 0.0673076923076923
2 0.4987980769230769 0.7067307692307693 0.052884615384615384 0.0625
0 0.24759615384615385 0.5120192307692307 0.057692307692307696 0.07932692307692307
0 0.39663461538461536 0.5564903846153846 0.04807692307692308 0.057692307692307696
0 0.42788461538461536 0.5709134615384616 0.038461538461538464 0.05048076923076923
0 0.9723557692307693 0.5504807692307693 0.02403846153846154 0.028846153846153848
0 0.9615384615384616 0.5612980769230769 0.019230769230769232 0.028846153846153848
4 0.9350961538461539 0.6442307692307693 0.03365384615384615 0.052884615384615384
3 0.3629807692307692 0.4831730769230769 0.13701923076923078 0.04567307692307692
0 0.8533653846153846 0.5841346153846154 0.021634615384615384 0.028846153846153848
0 0.8365384615384616 0.5961538461538461 0.016826923076923076 0.019230769230769232
0 0.7908653846153846 0.6069711538461539 0.014423076923076924 0.019230769230769232
0 0.7716346153846154 0.6153846153846154 0.01201923076923077 0.019230769230769232
0 0.7211538461538461 0.6826923076923077 0.009615384615384616 0.019230769230769232
0 0.6213942307692307 0.640625 0.01201923076923077 0.019230769230769232
0 0.546875 0.6358173076923077 0.01201923076923077 0.016826923076923076