1 0.4074519230769231 0.1045673076923077 0.3269230769230769 0.20673076923076922
3 0.6057692307692307 0.2283653846153846 0.052884615384615384 0.036057692307692304
2 0.6790865384615384 0.6322115384615384 0.052884615384615384 0.040865384615384616
3 0.6177884615384616 0.6346153846153846 0.057692307692307696 0.04326923076923077
0 0.5877403846153846 0.7175480769230769 0.028846153846153848 0.02403846153846154
0 0.6081730769230769 0.5817307692307693 0.02403846153846154 0.019230769230769232
0 0.7007211538461539 0.8317307692307693 0.028846153846153848 0.019230769230769232
0 0.7091346153846154 0.21634615384615385 0.019230769230769232 0.02403846153846154
4 0.6634615384615384 0.22596153846153846 0.04807692307692308 0.038461538461538464
0 0.5973557692307693 0.6754807692307693 0.02403846153846154 0.019230769230769232
0 0.6766826923076923 0.7463942307692307 0.016826923076923076 0.01201923076923077
0 0.5853365384615384 0.2692307692307692 0.02403846153846154 0.016826923076923076
0 0.5997596153846154 0.2860576923076923 0.019230769230769232 0.01201923076923077
0 0.6069711538461539 0.30288461538461536 0.019230769230769232 0.014423076923076924
6 0.7872596153846154 0.375 0.0625 0.04807692307692308