0 0.8173076923076923 0.8329326923076923 0.057692307692307696 0.05048076923076923
0 0.6454326923076923 0.5733173076923077 0.038461538461538464 0.04326923076923077
0 0.5540865384615384 0.6129807692307693 0.019230769230769232 0.02403846153846154
0 0.5012019230769231 0.6153846153846154 0.014423076923076924 0.02403846153846154
5 0.2644230769230769 0.6682692307692307 0.01201923076923077 0.019230769230769232
0 0.07211538461538461 0.5528846153846154 0.019230769230769232 0.038461538461538464
0 0.19230769230769232 0.5949519230769231 0.014423076923076924 0.02403846153846154
0 0.18990384615384615 0.7103365384615384 0.014423076923076924 0.016826923076923076
3 0.26322115384615385 0.6418269230769231 0.014423076923076924 0.019230769230769232
0 0.42908653846153844 0.6358173076923077 0.014423076923076924 0.016826923076923076
3 0.08052884615384616 0.5276442307692307 0.04326923076923077 0.019230769230769232
0 0.04927884615384615 0.5745192307692307 0.007211538461538462 0.019230769230769232
0 0.03365384615384615 0.5769230769230769 0.014423076923076924 0.016826923076923076
0 0.41586538461538464 0.6370192307692307 0.014423076923076924 0.01201923076923077
0 0.4651442307692308 0.6394230769230769 0.014423076923076924 0.016826923076923076