0 0.5853365384615384 0.8725961538461539 0.057692307692307696 0.04326923076923077
0 0.6262019230769231 0.8149038461538461 0.038461538461538464 0.03365384615384615
0 0.6526442307692307 0.7199519230769231 0.038461538461538464 0.02403846153846154
0 0.6682692307692307 0.6850961538461539 0.02403846153846154 0.02403846153846154
3 0.609375 0.7728365384615384 0.019230769230769232 0.06971153846153846
0 0.6610576923076923 0.27403846153846156 0.028846153846153848 0.02403846153846154
0 0.6838942307692307 0.3605769230769231 0.019230769230769232 0.014423076923076924
0 0.6971153846153846 0.47596153846153844 0.019230769230769232 0.014423076923076924
0 0.7668269230769231 0.609375 0.016826923076923076 0.014423076923076924
0 0.7271634615384616 0.9326923076923077 0.019230769230769232 0.014423076923076924
0 0.6947115384615384 0.6802884615384616 0.014423076923076924 0.014423076923076924