3 0.046875 0.6742788461538461 0.07932692307692307 0.09615384615384616
0 0.078125 0.5192307692307693 0.05048076923076923 0.07451923076923077
1 0.6935096153846154 0.4098557692307692 0.18269230769230768 0.15144230769230768
3 0.8653846153846154 0.421875 0.04326923076923077 0.07692307692307693
6 0.5384615384615384 0.26802884615384615 0.014423076923076924 0.019230769230769232
2 0.36899038461538464 0.31971153846153844 0.026442307692307692 0.038461538461538464
3 0.36899038461538464 0.36538461538461536 0.026442307692307692 0.03125
0 0.30408653846153844 0.3894230769230769 0.014423076923076924 0.019230769230769232
0 0.40384615384615385 0.375 0.014423076923076924 0.019230769230769232
6 0.4987980769230769 0.31490384615384615 0.014423076923076924 0.016826923076923076
0 0.09735576923076923 0.41466346153846156 0.009615384615384616 0.019230769230769232
0 0.3329326923076923 0.38341346153846156 0.01201923076923077 0.019230769230769232
4 0.8713942307692307 0.33052884615384615 0.036057692307692304 0.07692307692307693