3 0.4362980769230769 0.28846153846153844 0.15865384615384615 0.08413461538461539
0 0.47836538461538464 0.46153846153846156 0.0673076923076923 0.04807692307692308
0 0.44711538461538464 0.43149038461538464 0.052884615384615384 0.026442307692307692
0 0.5120192307692307 0.22956730769230768 0.07211538461538461 0.057692307692307696
0 0.4675480769230769 0.038461538461538464 0.03365384615384615 0.02403846153846154
0 0.46875 0.17548076923076922 0.05048076923076923 0.04326923076923077
0 0.4110576923076923 0.36538461538461536 0.03125 0.02403846153846154
3 0.4735576923076923 0.5096153846153846 0.03125 0.08653846153846154
0 0.39663461538461536 0.4951923076923077 0.019230769230769232 0.014423076923076924
0 0.39302884615384615 0.4519230769230769 0.028846153846153848 0.021634615384615384
5 0.33774038461538464 0.6862980769230769 0.019230769230769232 0.019230769230769232
5 0.27283653846153844 0.2956730769230769 0.14423076923076922 0.0889423076923077
3 0.3713942307692308 0.6838942307692307 0.019230769230769232 0.016826923076923076
0 0.40384615384615385 0.4098557692307692 0.028846153846153848 0.02403846153846154