0 0.40865384615384615 0.6923076923076923 0.03365384615384615 0.02403846153846154
0 0.40384615384615385 0.6466346153846154 0.028846153846153848 0.028846153846153848
0 0.3954326923076923 0.5661057692307693 0.028846153846153848 0.02403846153846154
3 0.38461538461538464 0.7692307692307693 0.04807692307692308 0.014423076923076924
2 0.31971153846153844 0.35216346153846156 0.04326923076923077 0.03365384615384615
3 0.3786057692307692 0.3870192307692308 0.04326923076923077 0.014423076923076924
4 0.32091346153846156 0.3870192307692308 0.04326923076923077 0.016826923076923076
3 0.3786057692307692 0.35216346153846156 0.04807692307692308 0.028846153846153848
3 0.4483173076923077 0.03365384615384615 0.125 0.0625
2 0.328125 0.030048076923076924 0.10576923076923077 0.052884615384615384
2 0.3245192307692308 0.7716346153846154 0.04807692307692308 0.01201923076923077
6 0.21514423076923078 0.5288461538461539 0.04807692307692308 0.036057692307692304