0 0.15985576923076922 0.32572115384615385 0.04326923076923077 0.038461538461538464
0 0.4338942307692308 0.3629807692307692 0.0673076923076923 0.052884615384615384
0 0.3918269230769231 0.8882211538461539 0.04326923076923077 0.028846153846153848
3 0.3329326923076923 0.8125 0.0625 0.028846153846153848
3 0.30528846153846156 0.6322115384615384 0.03125 0.02403846153846154
3 0.3088942307692308 0.3762019230769231 0.03365384615384615 0.028846153846153848
2 0.27163461538461536 0.8125 0.052884615384615384 0.03125
0 0.3173076923076923 0.5588942307692307 0.019230769230769232 0.014423076923076924
0 0.3245192307692308 0.6057692307692307 0.019230769230769232 0.014423076923076924
0 0.40384615384615385 0.9627403846153846 0.038461538461538464 0.026442307692307692
3 0.43149038461538464 0.9423076923076923 0.019230769230769232 0.0625
3 0.37740384615384615 0.03245192307692308 0.028846153846153848 0.014423076923076924
5 0.2692307692307692 0.3762019230769231 0.03365384615384615 0.028846153846153848
2 0.2644230769230769 0.6334134615384616 0.028846153846153848 0.026442307692307692
1 0.36778846153846156 0.13942307692307693 0.08653846153846154 0.10336538461538461
0 0.46153846153846156 0.010817307692307692 0.04807692307692308 0.021634615384615384