0 0.027644230769230768 0.8149038461538461 0.052884615384615384 0.07932692307692307
0 0.2848557692307692 0.6045673076923077 0.019230769230769232 0.02403846153846154
3 0.32211538461538464 0.6310096153846154 0.040865384615384616 0.057692307692307696
3 0.7067307692307693 0.6213942307692307 0.028846153846153848 0.04567307692307692
3 0.6802884615384616 0.6262019230769231 0.01201923076923077 0.052884615384615384
2 0.7079326923076923 0.6742788461538461 0.028846153846153848 0.04326923076923077
4 0.31850961538461536 0.6850961538461539 0.038461538461538464 0.04567307692307692
6 0.5276442307692307 0.7776442307692307 0.03125 0.052884615384615384
3 0.8846153846153846 0.5673076923076923 0.057692307692307696 0.11057692307692307
2 0.8858173076923077 0.6766826923076923 0.05048076923076923 0.10576923076923077
0 0.16346153846153846 0.6129807692307693 0.014423076923076924 0.014423076923076924
4 0.6802884615384616 0.6814903846153846 0.014423076923076924 0.05048076923076923
2 0.5528846153846154 0.6742788461538461 0.014423076923076924 0.019230769230769232
3 0.5528846153846154 0.6526442307692307 0.01201923076923077 0.016826923076923076
0 0.9338942307692307 0.5036057692307693 0.04807692307692308 0.07451923076923077