0 0.17668269230769232 0.4495192307692308 0.07692307692307693 0.09375
0 0.23197115384615385 0.5480769230769231 0.038461538461538464 0.05048076923076923
0 0.2620192307692308 0.5793269230769231 0.02403846153846154 0.03365384615384615
0 0.34975961538461536 0.5576923076923077 0.04567307692307692 0.057692307692307696
0 0.13701923076923078 0.5673076923076923 0.02403846153846154 0.03365384615384615
0 0.10817307692307693 0.5733173076923077 0.021634615384615384 0.028846153846153848
4 0.43028846153846156 0.6899038461538461 0.019230769230769232 0.057692307692307696
3 0.8990384615384616 0.5805288461538461 0.02403846153846154 0.06009615384615385
0 0.27524038461538464 0.6177884615384616 0.014423076923076924 0.019230769230769232
0 0.5745192307692307 0.6201923076923077 0.014423076923076924 0.019230769230769232
0 0.6021634615384616 0.6153846153846154 0.014423076923076924 0.019230769230769232
0 0.6574519230769231 0.6165865384615384 0.014423076923076924 0.016826923076923076
2 0.8004807692307693 0.6502403846153846 0.021634615384615384 0.03365384615384615
6 0.6634615384615384 0.7127403846153846 0.014423076923076924 0.019230769230769232
3 0.4326923076923077 0.6141826923076923 0.02403846153846154 0.07211538461538461
2 0.9050480769230769 0.6526442307692307 0.02403846153846154 0.052884615384615384
3 0.7980769230769231 0.6105769230769231 0.02403846153846154 0.03365384615384615