3 0.7524038461538461 0.41346153846153844 0.04567307692307692 0.0673076923076923
2 0.7512019230769231 0.34134615384615385 0.04567307692307692 0.07211538461538461
0 0.6598557692307693 0.2956730769230769 0.019230769230769232 0.019230769230769232
0 0.6069711538461539 0.3954326923076923 0.014423076923076924 0.019230769230769232
3 0.24278846153846154 0.40625 0.04567307692307692 0.0673076923076923
4 0.24278846153846154 0.33653846153846156 0.040865384615384616 0.06490384615384616
0 0.13341346153846154 0.4387019230769231 0.019230769230769232 0.02403846153846154
0 0.2127403846153846 0.4326923076923077 0.014423076923076924 0.028846153846153848
0 0.8918269230769231 0.45913461538461536 0.02403846153846154 0.03365384615384615
3 0.7091346153846154 0.41586538461538464 0.016826923076923076 0.0673076923076923
4 0.7091346153846154 0.3449519230769231 0.019230769230769232 0.06490384615384616
0 0.6850961538461539 0.40024038461538464 0.014423076923076924 0.019230769230769232
6 0.4170673076923077 0.13221153846153846 0.04807692307692308 0.09134615384615384
3 0.27163461538461536 0.3918269230769231 0.014423076923076924 0.0625
0 0.0829326923076923 0.4483173076923077 0.021634615384615384 0.02403846153846154
0 0.17548076923076922 0.4254807692307692 0.019230769230769232 0.02403846153846154
0 0.06850961538461539 0.453125 0.019230769230769232 0.02403846153846154
3 0.9435096153846154 0.47836538461538464 0.04326923076923077 0.019230769230769232