0 0.5204326923076923 0.9338942307692307 0.08653846153846154 0.0625
3 0.6526442307692307 0.7572115384615384 0.12980769230769232 0.0673076923076923
2 0.7896634615384616 0.7620192307692307 0.11538461538461539 0.06490384615384616
0 0.6838942307692307 0.4879807692307692 0.016826923076923076 0.009615384615384616
0 0.6911057692307693 0.41346153846153844 0.016826923076923076 0.014423076923076924
0 0.6911057692307693 0.30649038461538464 0.016826923076923076 0.01201923076923077
0 0.6286057692307693 0.10576923076923077 0.028846153846153848 0.014423076923076924
3 0.5889423076923077 0.06971153846153846 0.019230769230769232 0.052884615384615384
3 0.6682692307692307 0.46033653846153844 0.014423076923076924 0.04326923076923077
0 0.5973557692307693 0.03245192307692308 0.038461538461538464 0.02403846153846154
0 0.6490384615384616 0.12620192307692307 0.014423076923076924 0.009615384615384616