0 0.1778846153846154 0.6057692307692307 0.03125 0.038461538461538464
0 0.14543269230769232 0.5973557692307693 0.03125 0.038461538461538464
6 0.5673076923076923 0.8161057692307693 0.019230769230769232 0.03365384615384615
4 0.27884615384615385 0.7379807692307693 0.036057692307692304 0.0673076923076923
3 0.2800480769230769 0.6598557692307693 0.036057692307692304 0.07451923076923077
3 0.1310096153846154 0.5192307692307693 0.10336538461538461 0.04567307692307692
0 0.4026442307692308 0.6802884615384616 0.014423076923076924 0.019230769230769232
2 0.7439903846153846 0.7319711538461539 0.028846153846153848 0.03365384615384615
3 0.8569711538461539 0.671875 0.026442307692307692 0.09134615384615384
3 0.7439903846153846 0.6887019230769231 0.028846153846153848 0.03365384615384615
3 0.44471153846153844 0.6995192307692307 0.026442307692307692 0.03365384615384615
2 0.8533653846153846 0.7728365384615384 0.03365384615384615 0.08173076923076923