3 0.6033653846153846 0.8028846153846154 0.06009615384615385 0.040865384615384616
0 0.5733173076923077 0.7536057692307693 0.038461538461538464 0.026442307692307692
0 0.5925480769230769 0.6983173076923077 0.028846153846153848 0.021634615384615384
5 0.6790865384615384 0.3605769230769231 0.057692307692307696 0.040865384615384616
3 0.6153846153846154 0.3605769230769231 0.06009615384615385 0.04326923076923077
0 0.5757211538461539 0.30528846153846156 0.03365384615384615 0.02403846153846154
0 0.5757211538461539 0.23076923076923078 0.028846153846153848 0.02403846153846154
0 0.5901442307692307 0.40384615384615385 0.028846153846153848 0.026442307692307692
5 0.6610576923076923 0.5168269230769231 0.019230769230769232 0.014423076923076924
3 0.6382211538461539 0.5168269230769231 0.019230769230769232 0.014423076923076924
2 0.6682692307692307 0.8028846153846154 0.0673076923076923 0.04567307692307692
0 0.5588942307692307 0.08173076923076923 0.028846153846153848 0.016826923076923076
3 0.6370192307692307 0.6610576923076923 0.019230769230769232 0.014423076923076924