2 0.7379807692307693 0.8269230769230769 0.07932692307692307 0.03365384615384615
0 0.6754807692307693 0.625 0.028846153846153848 0.019230769230769232
3 0.6526442307692307 0.8689903846153846 0.10096153846153846 0.04807692307692308
3 0.6358173076923077 0.8221153846153846 0.08653846153846154 0.038461538461538464
4 0.7536057692307693 0.8689903846153846 0.07932692307692307 0.04807692307692308
0 0.6899038461538461 0.5769230769230769 0.019230769230769232 0.016826923076923076
0 0.6850961538461539 0.28725961538461536 0.019230769230769232 0.014423076923076924
3 0.7151442307692307 0.3737980769230769 0.019230769230769232 0.019230769230769232
4 0.7439903846153846 0.5384615384615384 0.019230769230769232 0.014423076923076924
2 0.7415865384615384 0.3737980769230769 0.01201923076923077 0.014423076923076924
3 0.6286057692307693 0.11298076923076923 0.125 0.04807692307692308
3 0.6430288461538461 0.055288461538461536 0.11538461538461539 0.04807692307692308
2 0.7596153846153846 0.04927884615384615 0.10576923076923077 0.052884615384615384
4 0.7584134615384616 0.1045673076923077 0.09134615384615384 0.05048076923076923