3 0.41225961538461536 0.9026442307692307 0.07211538461538461 0.038461538461538464
3 0.36658653846153844 0.7103365384615384 0.038461538461538464 0.026442307692307692
3 0.36658653846153844 0.6814903846153846 0.03365384615384615 0.01201923076923077
5 0.3245192307692308 0.7091346153846154 0.03365384615384615 0.02403846153846154
3 0.4026442307692308 0.30649038461538464 0.09615384615384616 0.028846153846153848
3 0.36899038461538464 0.38341346153846156 0.04326923076923077 0.03365384615384615
2 0.32091346153846156 0.38461538461538464 0.03365384615384615 0.03365384615384615
3 0.671875 0.1466346153846154 0.11057692307692307 0.19230769230769232
5 0.328125 0.9074519230769231 0.06490384615384616 0.038461538461538464
1 0.38822115384615385 0.484375 0.08653846153846154 0.14423076923076922
0 0.34134615384615385 0.5144230769230769 0.038461538461538464 0.03365384615384615
0 0.39663461538461536 0.33413461538461536 0.019230769230769232 0.014423076923076924
0 0.4074519230769231 0.22716346153846154 0.028846153846153848 0.014423076923076924
0 0.40384615384615385 0.24519230769230768 0.019230769230769232 0.014423076923076924
2 0.2932692307692308 0.30288461538461536 0.08653846153846154 0.02403846153846154