0 0.4987980769230769 0.16346153846153846 0.06490384615384616 0.04567307692307692
0 0.4795673076923077 0.21514423076923078 0.057692307692307696 0.04326923076923077
0 0.38822115384615385 0.4098557692307692 0.019230769230769232 0.016826923076923076
0 0.3798076923076923 0.46153846153846156 0.014423076923076924 0.01201923076923077
2 0.3112980769230769 0.31971153846153844 0.08173076923076923 0.055288461538461536
0 0.5576923076923077 0.01201923076923077 0.06490384615384616 0.019230769230769232
0 0.4723557692307692 0.9326923076923077 0.038461538461538464 0.028846153846153848
0 0.43149038461538464 0.7872596153846154 0.03365384615384615 0.019230769230769232
0 0.4182692307692308 0.7728365384615384 0.02403846153846154 0.019230769230769232
0 0.4050480769230769 0.7199519230769231 0.019230769230769232 0.014423076923076924
0 0.39783653846153844 0.7019230769230769 0.019230769230769232 0.014423076923076924
4 0.3557692307692308 0.8810096153846154 0.07211538461538461 0.04326923076923077
3 0.39783653846153844 0.31971153846153844 0.07932692307692307 0.055288461538461536
3 0.4338942307692308 0.8786057692307693 0.07692307692307693 0.04807692307692308
6 0.09014423076923077 0.7079326923076923 0.12980769230769232 0.07211538461538461
3 0.5973557692307693 0.08413461538461539 0.06490384615384616 0.14423076923076922