0 0.4098557692307692 0.453125 0.04326923076923077 0.028846153846153848
0 0.4182692307692308 0.43028846153846156 0.04567307692307692 0.03125
3 0.3605769230769231 0.5144230769230769 0.057692307692307696 0.04326923076923077
2 0.2956730769230769 0.5144230769230769 0.05048076923076923 0.04326923076923077
6 0.21995192307692307 0.7908653846153846 0.06009615384615385 0.03125
0 0.42788461538461536 0.9362980769230769 0.019230769230769232 0.02403846153846154
0 0.4026442307692308 0.8341346153846154 0.019230769230769232 0.014423076923076924
3 0.4675480769230769 0.4074519230769231 0.028846153846153848 0.10336538461538461
3 0.5913461538461539 0.15745192307692307 0.3557692307692308 0.19230769230769232
4 0.3473557692307692 0.8966346153846154 0.04807692307692308 0.03125
3 0.4074519230769231 0.8954326923076923 0.04807692307692308 0.02403846153846154
0 0.3954326923076923 0.8221153846153846 0.019230769230769232 0.014423076923076924
2 0.2608173076923077 0.15504807692307693 0.2548076923076923 0.13221153846153846