3 0.6189903846153846 0.6322115384615384 0.0625 0.04326923076923077
2 0.6814903846153846 0.6322115384615384 0.05048076923076923 0.040865384615384616
0 0.5877403846153846 0.7163461538461539 0.028846153846153848 0.02403846153846154
0 0.5949519230769231 0.6754807692307693 0.02403846153846154 0.019230769230769232
0 0.6045673076923077 0.5793269230769231 0.02403846153846154 0.014423076923076924
0 0.7019230769230769 0.8341346153846154 0.019230769230769232 0.019230769230769232
3 0.6069711538461539 0.2283653846153846 0.052884615384615384 0.038461538461538464
4 0.6634615384615384 0.22716346153846154 0.052884615384615384 0.036057692307692304
1 0.40384615384615385 0.10576923076923077 0.34134615384615385 0.20673076923076922
6 0.7884615384615384 0.3737980769230769 0.06009615384615385 0.036057692307692304
0 0.7103365384615384 0.21514423076923078 0.019230769230769232 0.021634615384615384