3 0.6009615384615384 0.21995192307692307 0.07692307692307693 0.04807692307692308
3 0.6177884615384616 0.7692307692307693 0.0673076923076923 0.040865384615384616
3 0.6514423076923077 0.5336538461538461 0.019230769230769232 0.014423076923076924
3 0.6454326923076923 0.37740384615384615 0.019230769230769232 0.014423076923076924
5 0.6935096153846154 0.7692307692307693 0.0673076923076923 0.04326923076923077
2 0.6862980769230769 0.21754807692307693 0.0673076923076923 0.04807692307692308
0 0.5612980769230769 0.2848557692307692 0.057692307692307696 0.03365384615384615
0 0.5877403846153846 0.7007211538461539 0.03365384615384615 0.028846153846153848
0 0.5973557692307693 0.7247596153846154 0.03365384615384615 0.014423076923076924
0 0.5685096153846154 0.8185096153846154 0.04326923076923077 0.028846153846153848
0 0.5745192307692307 0.8798076923076923 0.028846153846153848 0.021634615384615384
0 0.5913461538461539 0.3473557692307692 0.04326923076923077 0.026442307692307692
0 0.6069711538461539 0.8341346153846154 0.019230769230769232 0.014423076923076924