0 0.8677884615384616 0.5576923076923077 0.057692307692307696 0.08653846153846154
0 0.59375 0.6598557692307693 0.03365384615384615 0.038461538461538464
0 0.11057692307692307 0.6081730769230769 0.03125 0.04567307692307692
3 0.23317307692307693 0.6935096153846154 0.014423076923076924 0.04326923076923077
3 0.30649038461538464 0.7103365384615384 0.019230769230769232 0.02403846153846154
4 0.30528846153846156 0.7403846153846154 0.014423076923076924 0.02403846153846154
3 0.5276442307692307 0.7271634615384616 0.014423076923076924 0.019230769230769232
2 0.5288461538461539 0.7560096153846154 0.014423076923076924 0.019230769230769232
0 0.13581730769230768 0.6334134615384616 0.02403846153846154 0.03365384615384615
6 0.40024038461538464 0.7920673076923077 0.009615384615384616 0.02403846153846154
4 0.234375 0.7391826923076923 0.009615384615384616 0.038461538461538464
3 0.03245192307692308 0.5432692307692307 0.0625 0.028846153846153848