0 0.9831730769230769 0.59375 0.021634615384615384 0.03365384615384615
3 0.8052884615384616 0.6490384615384616 0.036057692307692304 0.07451923076923077
3 0.6682692307692307 0.6899038461538461 0.02403846153846154 0.028846153846153848
2 0.24759615384615385 0.7379807692307693 0.028846153846153848 0.07932692307692307
2 0.3425480769230769 0.7307692307692307 0.028846153846153848 0.04326923076923077
0 0.04807692307692308 0.5228365384615384 0.05048076923076923 0.07211538461538461
0 0.9375 0.5829326923076923 0.03125 0.04567307692307692
4 0.8100961538461539 0.7355769230769231 0.03365384615384615 0.0673076923076923
4 0.6670673076923077 0.7295673076923077 0.019230769230769232 0.038461538461538464
0 0.6009615384615384 0.6754807692307693 0.01201923076923077 0.014423076923076924
3 0.25721153846153844 0.6418269230769231 0.028846153846153848 0.08653846153846154
3 0.3425480769230769 0.6862980769230769 0.028846153846153848 0.03125
0 0.1622596153846154 0.5973557692307693 0.03125 0.04326923076923077
0 0.028846153846153848 0.5745192307692307 0.02403846153846154 0.038461538461538464
6 0.5204326923076923 0.7824519230769231 0.01201923076923077 0.019230769230769232
0 0.41947115384615385 0.6682692307692307 0.016826923076923076 0.019230769230769232