0 0.6129807692307693 0.6730769230769231 0.02403846153846154 0.028846153846153848
3 0.9423076923076923 0.5889423076923077 0.09615384615384616 0.21634615384615385
0 0.109375 0.6153846153846154 0.03125 0.038461538461538464
0 0.054086538461538464 0.5697115384615384 0.038461538461538464 0.04807692307692308
3 0.7716346153846154 0.5637019230769231 0.11538461538461539 0.03125
3 0.18870192307692307 0.6105769230769231 0.07211538461538461 0.019230769230769232
5 0.9483173076923077 0.7956730769230769 0.08413461538461539 0.16346153846153846
0 0.3449519230769231 0.6923076923076923 0.009615384615384616 0.019230769230769232
0 0.31850961538461536 0.6947115384615384 0.014423076923076924 0.014423076923076924
0 0.4651442307692308 0.6911057692307693 0.016826923076923076 0.019230769230769232
0 0.4519230769230769 0.6995192307692307 0.009615384615384616 0.016826923076923076