0 0.23197115384615385 0.5745192307692307 0.03365384615384615 0.04326923076923077
0 0.7908653846153846 0.5685096153846154 0.028846153846153848 0.04326923076923077
0 0.9050480769230769 0.5300480769230769 0.03365384615384615 0.057692307692307696
0 0.43149038461538464 0.6117788461538461 0.026442307692307692 0.028846153846153848
0 0.3161057692307692 0.7091346153846154 0.014423076923076924 0.019230769230769232
3 0.48197115384615385 0.640625 0.014423076923076924 0.03365384615384615
3 0.5384615384615384 0.6574519230769231 0.014423076923076924 0.028846153846153848
3 0.8449519230769231 0.5216346153846154 0.07211538461538461 0.02403846153846154
0 0.8161057692307693 0.5805288461538461 0.019230769230769232 0.03125
0 0.8786057692307693 0.6009615384615384 0.014423076923076924 0.014423076923076924
3 0.7367788461538461 0.6370192307692307 0.016826923076923076 0.02403846153846154
1 0.6778846153846154 0.6478365384615384 0.03125 0.02403846153846154
4 0.7367788461538461 0.6646634615384616 0.019230769230769232 0.028846153846153848
6 0.6334134615384616 0.7115384615384616 0.014423076923076924 0.019230769230769232
0 0.12139423076923077 0.5216346153846154 0.04567307692307692 0.06490384615384616
3 0.03125 0.5552884615384616 0.057692307692307696 0.12740384615384615
5 0.027644230769230768 0.6790865384615384 0.05048076923076923 0.10576923076923077