3 0.3942307692307692 0.7764423076923077 0.0625 0.04807692307692308
2 0.3173076923076923 0.7740384615384616 0.06009615384615385 0.04807692307692308
3 0.38100961538461536 0.24759615384615385 0.0625 0.036057692307692304
5 0.3112980769230769 0.24759615384615385 0.052884615384615384 0.036057692307692304
3 0.3798076923076923 0.28725961538461536 0.06009615384615385 0.019230769230769232
2 0.31009615384615385 0.28846153846153844 0.052884615384615384 0.016826923076923076
0 0.4266826923076923 0.8137019230769231 0.028846153846153848 0.019230769230769232
0 0.4411057692307692 0.9182692307692307 0.028846153846153848 0.02403846153846154
0 0.4567307692307692 0.9591346153846154 0.04326923076923077 0.02403846153846154
1 0.4411057692307692 0.028846153846153848 0.06971153846153846 0.052884615384615384
0 0.38461538461538464 0.009615384615384616 0.028846153846153848 0.016826923076923076
3 0.44350961538461536 0.15264423076923078 0.016826923076923076 0.055288461538461536