0 0.7896634615384616 0.3629807692307692 0.08173076923076923 0.09615384615384616
3 0.5817307692307693 0.2980769230769231 0.02403846153846154 0.028846153846153848
3 0.4026442307692308 0.30649038461538464 0.019230769230769232 0.019230769230769232
3 0.3161057692307692 0.3233173076923077 0.014423076923076924 0.038461538461538464
0 0.2247596153846154 0.3701923076923077 0.019230769230769232 0.028846153846153848
0 0.039663461538461536 0.22115384615384615 0.036057692307692304 0.04326923076923077
0 0.13701923076923078 0.3762019230769231 0.019230769230769232 0.028846153846153848
0 0.6802884615384616 0.3473557692307692 0.028846153846153848 0.038461538461538464
3 0.8245192307692307 0.46634615384615385 0.12980769230769232 0.038461538461538464
4 0.40024038461538464 0.27403846153846156 0.021634615384615384 0.028846153846153848
2 0.5817307692307693 0.2644230769230769 0.02403846153846154 0.02403846153846154
6 0.4963942307692308 0.23798076923076922 0.014423076923076924 0.019230769230769232