0 0.7680288461538461 0.4254807692307692 0.03365384615384615 0.04326923076923077
0 0.2091346153846154 0.43149038461538464 0.028846153846153848 0.04326923076923077
0 0.09495192307692307 0.4699519230769231 0.03365384615384615 0.057692307692307696
0 0.5685096153846154 0.38822115384615385 0.026442307692307692 0.028846153846153848
0 0.6838942307692307 0.29086538461538464 0.014423076923076924 0.019230769230769232
3 0.5180288461538461 0.359375 0.014423076923076924 0.03365384615384615
3 0.46153846153846156 0.3425480769230769 0.014423076923076924 0.028846153846153848
3 0.15504807692307693 0.47836538461538464 0.07211538461538461 0.02403846153846154
0 0.18389423076923078 0.41947115384615385 0.019230769230769232 0.03125
0 0.12139423076923077 0.39903846153846156 0.014423076923076924 0.014423076923076924
3 0.26322115384615385 0.3629807692307692 0.016826923076923076 0.02403846153846154
1 0.32211538461538464 0.35216346153846156 0.03125 0.02403846153846154
4 0.26322115384615385 0.33533653846153844 0.019230769230769232 0.028846153846153848
6 0.36658653846153844 0.28846153846153844 0.014423076923076924 0.019230769230769232
0 0.8786057692307693 0.47836538461538464 0.04567307692307692 0.06490384615384616
3 0.96875 0.44471153846153844 0.057692307692307696 0.12740384615384615
5 0.9723557692307693 0.32091346153846156 0.05048076923076923 0.10576923076923077