3 0.7223557692307693 0.3088942307692308 0.036057692307692304 0.052884615384615384
0 0.4230769230769231 0.3161057692307692 0.016826923076923076 0.019230769230769232
0 0.2620192307692308 0.33533653846153844 0.014423076923076924 0.019230769230769232
0 0.15985576923076922 0.3401442307692308 0.03365384615384615 0.03365384615384615
0 0.2247596153846154 0.328125 0.01201923076923077 0.019230769230769232
0 0.8449519230769231 0.3581730769230769 0.014423076923076924 0.019230769230769232
0 0.8269230769230769 0.34375 0.01201923076923077 0.019230769230769232
2 0.7235576923076923 0.2512019230769231 0.040865384615384616 0.04807692307692308
3 0.36538461538461536 0.30528846153846156 0.03125 0.04807692307692308
4 0.36538461538461536 0.2536057692307692 0.03125 0.04326923076923077
6 0.5192307692307693 0.15865384615384615 0.028846153846153848 0.052884615384615384