3 0.3870192307692308 0.7175480769230769 0.057692307692307696 0.04326923076923077
2 0.32572115384615385 0.7163461538461539 0.057692307692307696 0.038461538461538464
3 0.38221153846153844 0.3004807692307692 0.052884615384615384 0.014423076923076924
3 0.3858173076923077 0.2644230769230769 0.052884615384615384 0.03365384615384615
5 0.3269230769230769 0.2620192307692308 0.05048076923076923 0.03125
2 0.3173076923076923 0.3004807692307692 0.04807692307692308 0.014423076923076924
1 0.43509615384615385 0.055288461538461536 0.07932692307692307 0.09375
0 0.4411057692307692 0.8990384615384616 0.038461538461538464 0.02403846153846154
0 0.43028846153846156 0.8629807692307693 0.028846153846153848 0.021634615384615384
0 0.4182692307692308 0.7584134615384616 0.028846153846153848 0.02403846153846154
0 0.38100961538461536 0.051682692307692304 0.028846153846153848 0.02403846153846154