0 0.5432692307692307 0.21153846153846154 0.06490384615384616 0.04567307692307692
0 0.5877403846153846 0.3016826923076923 0.038461538461538464 0.03125
3 0.6069711538461539 0.8004807692307693 0.08173076923076923 0.052884615384615384
0 0.5600961538461539 0.9050480769230769 0.038461538461538464 0.026442307692307692
0 0.5504807692307693 0.8473557692307693 0.04567307692307692 0.03365384615384615
0 0.5769230769230769 0.7103365384615384 0.04326923076923077 0.03365384615384615
5 0.6995192307692307 0.8028846153846154 0.08173076923076923 0.052884615384615384
3 0.5829326923076923 0.13221153846153846 0.10576923076923077 0.057692307692307696
2 0.6911057692307693 0.12860576923076922 0.09615384615384616 0.055288461538461536
0 0.6742788461538461 0.9338942307692307 0.019230769230769232 0.014423076923076924
0 0.6057692307692307 0.8377403846153846 0.016826923076923076 0.01201923076923077
3 0.5961538461538461 0.17668269230769232 0.09134615384615384 0.019230769230769232
5 0.6899038461538461 0.17548076923076922 0.07451923076923077 0.014423076923076924
3 0.65625 0.515625 0.019230769230769232 0.014423076923076924
5 0.6790865384615384 0.515625 0.019230769230769232 0.014423076923076924