0 0.453125 0.5901442307692307 0.028846153846153848 0.04326923076923077
0 0.43028846153846156 0.5817307692307693 0.03125 0.04567307692307692
3 0.5144230769230769 0.6394230769230769 0.04326923076923077 0.057692307692307696
2 0.5144230769230769 0.7043269230769231 0.04326923076923077 0.05048076923076923
6 0.7908653846153846 0.7800480769230769 0.03125 0.06009615384615385
0 0.9362980769230769 0.5721153846153846 0.02403846153846154 0.019230769230769232
0 0.8341346153846154 0.5973557692307693 0.014423076923076924 0.019230769230769232
3 0.4074519230769231 0.5324519230769231 0.10336538461538461 0.028846153846153848
3 0.15745192307692307 0.40865384615384615 0.19230769230769232 0.3557692307692308
4 0.8966346153846154 0.6526442307692307 0.03125 0.04807692307692308
3 0.8954326923076923 0.5925480769230769 0.02403846153846154 0.04807692307692308
0 0.8221153846153846 0.6045673076923077 0.014423076923076924 0.019230769230769232
2 0.15504807692307693 0.7391826923076923 0.13221153846153846 0.2548076923076923