0 0.05048076923076923 0.36899038461538464 0.038461538461538464 0.052884615384615384
3 0.2704326923076923 0.32572115384615385 0.052884615384615384 0.08653846153846154
3 0.8990384615384616 0.3557692307692308 0.04807692307692308 0.09615384615384616
4 0.2692307692307692 0.23557692307692307 0.04807692307692308 0.07932692307692307
0 0.15985576923076922 0.3629807692307692 0.026442307692307692 0.03125
0 0.39783653846153844 0.328125 0.026442307692307692 0.028846153846153848
0 0.33052884615384615 0.30649038461538464 0.014423076923076924 0.016826923076923076
5 0.5012019230769231 0.25240384615384615 0.014423076923076924 0.019230769230769232
3 0.5048076923076923 0.2776442307692308 0.014423076923076924 0.019230769230769232
0 0.7956730769230769 0.3293269230769231 0.014423076923076924 0.019230769230769232
0 0.7536057692307693 0.30528846153846156 0.014423076923076924 0.019230769230769232
0 0.8377403846153846 0.3401442307692308 0.009615384615384616 0.016826923076923076
0 0.8329326923076923 0.24879807692307693 0.01201923076923077 0.019230769230769232
2 0.9014423076923077 0.24759615384615385 0.057692307692307696 0.09134615384615384
3 0.6730769230769231 0.2848557692307692 0.019230769230769232 0.02403846153846154
2 0.6730769230769231 0.25961538461538464 0.014423076923076924 0.019230769230769232
4 0.8605769230769231 0.2548076923076923 0.019230769230769232 0.0673076923076923