3 0.6165865384615384 0.27524038461538464 0.04567307692307692 0.028846153846153848
3 0.6141826923076923 0.6730769230769231 0.05048076923076923 0.038461538461538464
5 0.6682692307692307 0.27524038461538464 0.04326923076923077 0.03125
0 0.5877403846153846 0.7175480769230769 0.019230769230769232 0.02403846153846154
0 0.5745192307692307 0.8185096153846154 0.02403846153846154 0.019230769230769232
0 0.6262019230769231 0.09254807692307693 0.028846153846153848 0.021634615384615384
3 0.6189903846153846 0.3088942307692308 0.04567307692307692 0.014423076923076924
3 0.515625 0.9230769230769231 0.16826923076923078 0.08653846153846154
2 0.6706730769230769 0.6706730769230769 0.05048076923076923 0.038461538461538464
2 0.671875 0.3088942307692308 0.04326923076923077 0.014423076923076924
2 0.6911057692307693 0.9230769230769231 0.14182692307692307 0.07451923076923077
1 0.5721153846153846 0.09134615384615384 0.07211538461538461 0.09615384615384616
0 0.5673076923076923 0.8473557692307693 0.03125 0.021634615384615384
3 0.5588942307692307 0.8016826923076923 0.016826923076923076 0.04807692307692308