0 0.4495192307692308 0.8233173076923077 0.09375 0.07692307692307693
0 0.5480769230769231 0.7680288461538461 0.05048076923076923 0.038461538461538464
0 0.5793269230769231 0.7379807692307693 0.03365384615384615 0.02403846153846154
0 0.5576923076923077 0.6502403846153846 0.057692307692307696 0.04567307692307692
0 0.5673076923076923 0.8629807692307693 0.03365384615384615 0.02403846153846154
0 0.5733173076923077 0.8918269230769231 0.028846153846153848 0.021634615384615384
4 0.6899038461538461 0.5697115384615384 0.057692307692307696 0.019230769230769232
3 0.5805288461538461 0.10096153846153846 0.06009615384615385 0.02403846153846154
0 0.6177884615384616 0.7247596153846154 0.019230769230769232 0.014423076923076924
0 0.6201923076923077 0.4254807692307692 0.019230769230769232 0.014423076923076924
0 0.6153846153846154 0.39783653846153844 0.019230769230769232 0.014423076923076924
0 0.6165865384615384 0.3425480769230769 0.016826923076923076 0.014423076923076924
2 0.6502403846153846 0.19951923076923078 0.03365384615384615 0.021634615384615384
6 0.7127403846153846 0.33653846153846156 0.019230769230769232 0.014423076923076924
3 0.6141826923076923 0.5673076923076923 0.07211538461538461 0.02403846153846154
2 0.6526442307692307 0.09495192307692307 0.052884615384615384 0.02403846153846154
3 0.6105769230769231 0.20192307692307693 0.03365384615384615 0.02403846153846154