0 0.8725961538461539 0.41466346153846156 0.04326923076923077 0.057692307692307696
0 0.8149038461538461 0.3737980769230769 0.03365384615384615 0.038461538461538464
0 0.7199519230769231 0.3473557692307692 0.02403846153846154 0.038461538461538464
0 0.6850961538461539 0.3317307692307692 0.02403846153846154 0.02403846153846154
3 0.7728365384615384 0.390625 0.06971153846153846 0.019230769230769232
0 0.27403846153846156 0.3389423076923077 0.02403846153846154 0.028846153846153848
0 0.3605769230769231 0.3161057692307692 0.014423076923076924 0.019230769230769232
0 0.47596153846153844 0.30288461538461536 0.014423076923076924 0.019230769230769232
0 0.609375 0.23317307692307693 0.014423076923076924 0.016826923076923076
0 0.9326923076923077 0.27283653846153844 0.014423076923076924 0.019230769230769232
0 0.6802884615384616 0.30528846153846156 0.014423076923076924 0.014423076923076924