3 0.7764423076923077 0.6057692307692307 0.04807692307692308 0.0625
2 0.7740384615384616 0.6826923076923077 0.04807692307692308 0.06009615384615385
3 0.24759615384615385 0.6189903846153846 0.036057692307692304 0.0625
5 0.24759615384615385 0.6887019230769231 0.036057692307692304 0.052884615384615384
3 0.28725961538461536 0.6201923076923077 0.019230769230769232 0.06009615384615385
2 0.28846153846153844 0.6899038461538461 0.016826923076923076 0.052884615384615384
0 0.8137019230769231 0.5733173076923077 0.019230769230769232 0.028846153846153848
0 0.9182692307692307 0.5588942307692307 0.02403846153846154 0.028846153846153848
0 0.9591346153846154 0.5432692307692307 0.02403846153846154 0.04326923076923077
1 0.028846153846153848 0.5588942307692307 0.052884615384615384 0.06971153846153846
0 0.009615384615384616 0.6153846153846154 0.016826923076923076 0.026442307692307692
3 0.15264423076923078 0.5564903846153846 0.055288461538461536 0.016826923076923076