0 0.6009615384615384 0.9627403846153846 0.10096153846153846 0.0673076923076923
3 0.4795673076923077 0.109375 0.07211538461538461 0.12980769230769232
0 0.6310096153846154 0.8677884615384616 0.038461538461538464 0.026442307692307692
0 0.65625 0.8185096153846154 0.02403846153846154 0.021634615384615384
0 0.8305288461538461 0.28725961538461536 0.03365384615384615 0.036057692307692304
0 0.65625 0.21394230769230768 0.03365384615384615 0.021634615384615384
0 0.6814903846153846 0.3605769230769231 0.02403846153846154 0.01201923076923077
2 0.7487980769230769 0.45552884615384615 0.028846153846153848 0.02403846153846154
6 0.7836538461538461 0.5697115384615384 0.016826923076923076 0.009615384615384616
3 0.6911057692307693 0.7283653846153846 0.038461538461538464 0.014423076923076924
3 0.7103365384615384 0.6814903846153846 0.02403846153846154 0.019230769230769232
3 0.5961538461538461 0.8581730769230769 0.019230769230769232 0.07211538461538461
4 0.7415865384615384 0.6814903846153846 0.028846153846153848 0.019230769230769232
4 0.7415865384615384 0.7307692307692307 0.04326923076923077 0.01201923076923077
3 0.7199519230769231 0.4567307692307692 0.03125 0.02403846153846154
0 0.6995192307692307 0.6442307692307693 0.01201923076923077 0.01201923076923077
0 0.6730769230769231 0.22596153846153846 0.019230769230769232 0.019230769230769232