0 0.4795673076923077 0.39783653846153844 0.03125 0.03365384615384615
0 0.5264423076923077 0.3942307692307692 0.028846153846153848 0.03365384615384615
0 0.41586538461538464 0.39663461538461536 0.028846153846153848 0.03365384615384615
0 0.6442307692307693 0.41225961538461536 0.03365384615384615 0.03365384615384615
0 0.44591346153846156 0.2668269230769231 0.019230769230769232 0.02403846153846154
0 0.3173076923076923 0.36658653846153844 0.021634615384615384 0.019230769230769232
3 0.20673076923076922 0.3629807692307692 0.019230769230769232 0.03125
3 0.2920673076923077 0.4266826923076923 0.0673076923076923 0.019230769230769232
0 0.7127403846153846 0.4050480769230769 0.02403846153846154 0.03125
2 0.20673076923076922 0.33052884615384615 0.02403846153846154 0.03125
1 0.026442307692307692 0.4026442307692308 0.052884615384615384 0.07932692307692307