0 0.4795673076923077 0.9338942307692307 0.08653846153846154 0.0625
3 0.3473557692307692 0.7572115384615384 0.12980769230769232 0.0673076923076923
2 0.21033653846153846 0.7620192307692307 0.11538461538461539 0.06490384615384616
0 0.3161057692307692 0.4879807692307692 0.016826923076923076 0.009615384615384616
0 0.3088942307692308 0.41346153846153844 0.016826923076923076 0.014423076923076924
0 0.3088942307692308 0.30649038461538464 0.016826923076923076 0.01201923076923077
0 0.3713942307692308 0.10576923076923077 0.028846153846153848 0.014423076923076924
3 0.4110576923076923 0.06971153846153846 0.019230769230769232 0.052884615384615384
3 0.3317307692307692 0.46033653846153844 0.014423076923076924 0.04326923076923077
0 0.4026442307692308 0.03245192307692308 0.038461538461538464 0.02403846153846154
0 0.35096153846153844 0.12620192307692307 0.014423076923076924 0.009615384615384616