0 0.3245192307692308 0.6009615384615384 0.016826923076923076 0.019230769230769232
3 0.07451923076923077 0.5372596153846154 0.038461538461538464 0.08173076923076923
4 0.06610576923076923 0.6334134615384616 0.03125 0.07932692307692307
3 0.4723557692307692 0.6225961538461539 0.028846153846153848 0.038461538461538464
2 0.5853365384615384 0.6862980769230769 0.026442307692307692 0.06490384615384616
2 0.4699519230769231 0.6646634615384616 0.026442307692307692 0.03365384615384615
0 0.23798076923076922 0.5889423076923077 0.019230769230769232 0.02403846153846154
0 0.2668269230769231 0.5913461538461539 0.014423076923076924 0.019230769230769232
3 0.75 0.6213942307692307 0.014423076923076924 0.02403846153846154
3 0.5817307692307693 0.6129807692307693 0.021634615384615384 0.07211538461538461
6 0.31850961538461536 0.7067307692307693 0.014423076923076924 0.019230769230769232
0 0.008413461538461538 0.46153846153846156 0.01201923076923077 0.0625