3 0.18870192307692307 0.5757211538461539 0.057692307692307696 0.10576923076923077
5 0.18870192307692307 0.6875 0.055288461538461536 0.10096153846153846
0 0.2800480769230769 0.5432692307692307 0.03125 0.04567307692307692
0 0.12980769230769232 0.5096153846153846 0.040865384615384616 0.052884615384615384
3 0.8737980769230769 0.5709134615384616 0.03125 0.08653846153846154
0 0.8425480769230769 0.5192307692307693 0.04567307692307692 0.0625
0 0.7175480769230769 0.5685096153846154 0.03365384615384615 0.04326923076923077
0 0.06009615384615385 0.5192307692307693 0.028846153846153848 0.03365384615384615
3 0.9230769230769231 0.5612980769230769 0.05048076923076923 0.10096153846153846
2 0.9230769230769231 0.6682692307692307 0.05048076923076923 0.10096153846153846
5 0.8798076923076923 0.6706730769230769 0.03125 0.08653846153846154
0 0.25600961538461536 0.5588942307692307 0.02403846153846154 0.038461538461538464
0 0.28846153846153844 0.5985576923076923 0.014423076923076924 0.02403846153846154
3 0.6274038461538461 0.6370192307692307 0.016826923076923076 0.02403846153846154
3 0.45913461538461536 0.6370192307692307 0.019230769230769232 0.02403846153846154
5 0.46033653846153844 0.6622596153846154 0.016826923076923076 0.019230769230769232