0 0.9002403846153846 0.6189903846153846 0.026442307692307692 0.038461538461538464
0 0.8497596153846154 0.6213942307692307 0.03365384615384615 0.04326923076923077
0 0.7764423076923077 0.6310096153846154 0.038461538461538464 0.03365384615384615
0 0.6550480769230769 0.6947115384615384 0.007211538461538462 0.019230769230769232
3 0.21394230769230768 0.6706730769230769 0.019230769230769232 0.04567307692307692
3 0.2980769230769231 0.6935096153846154 0.02403846153846154 0.03365384615384615
0 0.1201923076923077 0.6057692307692307 0.028846153846153848 0.038461538461538464
0 0.8810096153846154 0.6514423076923077 0.016826923076923076 0.02403846153846154
0 0.9651442307692307 0.6394230769230769 0.014423076923076924 0.019230769230769232
5 0.21033653846153846 0.7271634615384616 0.02403846153846154 0.052884615384615384
5 0.2956730769230769 0.7271634615384616 0.019230769230769232 0.028846153846153848
2 0.5372596153846154 0.7463942307692307 0.02403846153846154 0.03365384615384615
3 0.6310096153846154 0.6225961538461539 0.07692307692307693 0.019230769230769232
3 0.5384615384615384 0.7067307692307693 0.019230769230769232 0.02403846153846154
0 0.8641826923076923 0.6730769230769231 0.01201923076923077 0.016826923076923076
0 0.8064903846153846 0.7908653846153846 0.02403846153846154 0.028846153846153848