3 0.38822115384615385 0.6838942307692307 0.026442307692307692 0.0625
2 0.38461538461538464 0.7536057692307693 0.026442307692307692 0.06009615384615385
2 0.8701923076923077 0.7391826923076923 0.04326923076923077 0.0625
0 0.18389423076923078 0.6189903846153846 0.02403846153846154 0.03365384615384615
0 0.31971153846153844 0.6418269230769231 0.026442307692307692 0.03365384615384615
3 0.8689903846153846 0.6670673076923077 0.04807692307692308 0.057692307692307696
0 0.3557692307692308 0.6490384615384616 0.026442307692307692 0.03365384615384615
0 0.4206730769230769 0.6742788461538461 0.019230769230769232 0.02403846153846154
3 0.015625 0.5721153846153846 0.03125 0.12740384615384615
6 0.5456730769230769 0.8846153846153846 0.04326923076923077 0.08173076923076923
0 0.5036057692307693 0.6923076923076923 0.01201923076923077 0.02403846153846154
0 0.5336538461538461 0.6971153846153846 0.009615384615384616 0.019230769230769232