6 0.15865384615384615 0.5048076923076923 0.08173076923076923 0.04807692307692308
3 0.39302884615384615 0.7848557692307693 0.06490384615384616 0.019230769230769232
2 0.3233173076923077 0.7872596153846154 0.0625 0.019230769230769232
3 0.4326923076923077 0.5504807692307693 0.019230769230769232 0.057692307692307696
0 0.4050480769230769 0.5456730769230769 0.03365384615384615 0.03125
0 0.41586538461538464 0.6394230769230769 0.03365384615384615 0.03365384615384615
0 0.4206730769230769 0.6911057692307693 0.04326923076923077 0.03125
3 0.3870192307692308 0.3016826923076923 0.06009615384615385 0.03365384615384615
2 0.3245192307692308 0.3016826923076923 0.052884615384615384 0.03365384615384615
3 0.38221153846153844 0.34134615384615385 0.06009615384615385 0.019230769230769232
4 0.3173076923076923 0.3389423076923077 0.052884615384615384 0.021634615384615384