3 0.29086538461538464 0.4338942307692308 0.03365384615384615 0.10576923076923077
3 0.421875 0.3762019230769231 0.03125 0.03365384615384615
3 0.71875 0.3918269230769231 0.028846153846153848 0.038461538461538464
2 0.4230769230769231 0.3317307692307692 0.03125 0.038461538461538464
0 0.7680288461538461 0.41225961538461536 0.026442307692307692 0.028846153846153848
0 0.8557692307692307 0.4254807692307692 0.014423076923076924 0.02403846153846154
3 0.36658653846153844 0.4375 0.04567307692307692 0.016826923076923076
0 0.46274038461538464 0.3762019230769231 0.01201923076923077 0.014423076923076924
0 0.53125 0.37259615384615385 0.01201923076923077 0.016826923076923076
0 0.6526442307692307 0.38822115384615385 0.014423076923076924 0.019230769230769232
0 0.6838942307692307 0.39783653846153844 0.019230769230769232 0.02403846153846154
0 0.9242788461538461 0.43509615384615385 0.014423076923076924 0.016826923076923076
2 0.28725961538461536 0.33052884615384615 0.028846153846153848 0.08653846153846154
6 0.5949519230769231 0.28125 0.021634615384615384 0.03365384615384615
4 0.7211538461538461 0.3473557692307692 0.028846153846153848 0.038461538461538464
0 0.3737980769230769 0.4110576923076923 0.036057692307692304 0.03125