0 0.5661057692307693 0.0625 0.057692307692307696 0.04326923076923077
0 0.6057692307692307 0.13701923076923078 0.05048076923076923 0.038461538461538464
0 0.6346153846153846 0.7932692307692307 0.04326923076923077 0.03365384615384615
0 0.6526442307692307 0.6622596153846154 0.038461538461538464 0.03125
3 0.6129807692307693 0.7487980769230769 0.019230769230769232 0.08413461538461539
0 0.6778846153846154 0.5973557692307693 0.03125 0.026442307692307692
0 0.7019230769230769 0.4375 0.016826923076923076 0.01201923076923077
0 0.6995192307692307 0.41586538461538464 0.016826923076923076 0.014423076923076924
0 0.6971153846153846 0.3713942307692308 0.019230769230769232 0.014423076923076924
3 0.6959134615384616 0.2668269230769231 0.02403846153846154 0.02403846153846154
2 0.7283653846153846 0.2644230769230769 0.028846153846153848 0.02403846153846154
3 0.7043269230769231 0.5504807692307693 0.038461538461538464 0.014423076923076924
0 0.6742788461538461 0.7487980769230769 0.019230769230769232 0.014423076923076924
0 0.8004807692307693 0.14903846153846154 0.03365384615384615 0.03125
6 0.7704326923076923 0.38822115384615385 0.019230769230769232 0.014423076923076924
4 0.7524038461538461 0.5492788461538461 0.04326923076923077 0.014423076923076924