0 0.5012019230769231 0.8365384615384616 0.06490384615384616 0.04567307692307692
0 0.5204326923076923 0.7848557692307693 0.057692307692307696 0.04326923076923077
0 0.6117788461538461 0.5901442307692307 0.019230769230769232 0.016826923076923076
0 0.6201923076923077 0.5384615384615384 0.014423076923076924 0.01201923076923077
2 0.6887019230769231 0.6802884615384616 0.08173076923076923 0.055288461538461536
0 0.4423076923076923 0.9879807692307693 0.06490384615384616 0.019230769230769232
0 0.5276442307692307 0.0673076923076923 0.038461538461538464 0.028846153846153848
0 0.5685096153846154 0.2127403846153846 0.03365384615384615 0.019230769230769232
0 0.5817307692307693 0.22716346153846154 0.02403846153846154 0.019230769230769232
0 0.5949519230769231 0.2800480769230769 0.019230769230769232 0.014423076923076924
0 0.6021634615384616 0.2980769230769231 0.019230769230769232 0.014423076923076924
4 0.6442307692307693 0.11899038461538461 0.07211538461538461 0.04326923076923077
3 0.6021634615384616 0.6802884615384616 0.07932692307692307 0.055288461538461536
3 0.5661057692307693 0.12139423076923077 0.07692307692307693 0.04807692307692308
6 0.9098557692307693 0.2920673076923077 0.12980769230769232 0.07211538461538461
3 0.4026442307692308 0.9158653846153846 0.06490384615384616 0.14423076923076922