2 0.5925480769230769 0.2860576923076923 0.036057692307692304 0.09615384615384616
2 0.45552884615384615 0.30408653846153844 0.028846153846153848 0.038461538461538464
3 0.15384615384615385 0.3870192307692308 0.02403846153846154 0.04326923076923077
3 0.45552884615384615 0.35216346153846156 0.03365384615384615 0.038461538461538464
0 0.19471153846153846 0.39302884615384615 0.019230769230769232 0.028846153846153848
4 0.1502403846153846 0.3425480769230769 0.02403846153846154 0.038461538461538464
3 0.59375 0.4098557692307692 0.03365384615384615 0.1201923076923077
0 0.5072115384615384 0.38461538461538464 0.038461538461538464 0.03365384615384615
0 0.10817307692307693 0.41346153846153844 0.02403846153846154 0.02403846153846154
0 0.021634615384615384 0.4362980769230769 0.014423076923076924 0.019230769230769232
0 0.2283653846153846 0.3786057692307692 0.014423076923076924 0.019230769230769232
0 0.3545673076923077 0.3581730769230769 0.014423076923076924 0.016826923076923076
0 0.4170673076923077 0.35697115384615385 0.01201923076923077 0.019230769230769232
6 0.2644230769230769 0.2536057692307692 0.02403846153846154 0.05048076923076923