0 0.6730769230769231 0.3870192307692308 0.028846153846153848 0.02403846153846154
3 0.5889423076923077 0.057692307692307696 0.21634615384615385 0.09615384615384616
0 0.6153846153846154 0.890625 0.038461538461538464 0.03125
0 0.5697115384615384 0.9459134615384616 0.04807692307692308 0.038461538461538464
3 0.5637019230769231 0.2283653846153846 0.03125 0.11538461538461539
3 0.6105769230769231 0.8112980769230769 0.019230769230769232 0.07211538461538461
5 0.7956730769230769 0.051682692307692304 0.16346153846153846 0.08413461538461539
0 0.6923076923076923 0.6550480769230769 0.019230769230769232 0.009615384615384616
0 0.6947115384615384 0.6814903846153846 0.014423076923076924 0.014423076923076924
0 0.6911057692307693 0.5348557692307693 0.019230769230769232 0.016826923076923076
0 0.6995192307692307 0.5480769230769231 0.016826923076923076 0.009615384615384616