3 0.4182692307692308 0.22235576923076922 0.125 0.04807692307692308
3 0.4326923076923077 0.9375 0.09615384615384616 0.05048076923076923
3 0.3713942307692308 0.7259615384615384 0.04567307692307692 0.028846153846153848
3 0.36538461538461536 0.3737980769230769 0.04326923076923077 0.03365384615384615
2 0.3173076923076923 0.3786057692307692 0.04807692307692308 0.028846153846153848
3 0.7019230769230769 0.046875 0.1346153846153846 0.08413461538461539
2 0.28966346153846156 0.22115384615384615 0.10817307692307693 0.04326923076923077
1 0.40625 0.8653846153846154 0.07451923076923077 0.09134615384615384
5 0.3233173076923077 0.7271634615384616 0.04326923076923077 0.028846153846153848
5 0.3317307692307692 0.9423076923076923 0.08653846153846154 0.04807692307692308
0 0.3557692307692308 0.8689903846153846 0.019230769230769232 0.021634615384615384