0 0.7884615384615384 0.5432692307692307 0.04567307692307692 0.06490384615384616
0 0.6983173076923077 0.5877403846153846 0.03125 0.038461538461538464
3 0.19951923076923078 0.6069711538461539 0.052884615384615384 0.08173076923076923
0 0.09495192307692307 0.5600961538461539 0.026442307692307692 0.038461538461538464
0 0.15264423076923078 0.5504807692307693 0.03365384615384615 0.04567307692307692
0 0.28966346153846156 0.5769230769230769 0.03365384615384615 0.04326923076923077
5 0.1971153846153846 0.6995192307692307 0.052884615384615384 0.08173076923076923
3 0.8677884615384616 0.5829326923076923 0.057692307692307696 0.10576923076923077
2 0.8713942307692307 0.6911057692307693 0.055288461538461536 0.09615384615384616
0 0.06610576923076923 0.6742788461538461 0.014423076923076924 0.019230769230769232
0 0.1622596153846154 0.6057692307692307 0.01201923076923077 0.016826923076923076
3 0.8233173076923077 0.5961538461538461 0.019230769230769232 0.09134615384615384
5 0.8245192307692307 0.6899038461538461 0.014423076923076924 0.07451923076923077
3 0.484375 0.65625 0.014423076923076924 0.019230769230769232
5 0.484375 0.6790865384615384 0.014423076923076924 0.019230769230769232