2 0.6911057692307693 0.328125 0.040865384615384616 0.052884615384615384
2 0.3112980769230769 0.31850961538461536 0.016826923076923076 0.04326923076923077
5 0.27403846153846156 0.3269230769230769 0.028846153846153848 0.04567307692307692
3 0.9507211538461539 0.5300480769230769 0.07932692307692307 0.24519230769230768
3 0.3088942307692308 0.3762019230769231 0.014423076923076924 0.04326923076923077
3 0.2764423076923077 0.38100961538461536 0.03125 0.04567307692307692
2 0.9579326923076923 0.28966346153846156 0.07211538461538461 0.19230769230769232
1 0.7199519230769231 0.4254807692307692 0.19230769230769232 0.14182692307692307
0 0.8786057692307693 0.4375 0.02403846153846154 0.04326923076923077
0 0.8449519230769231 0.42908653846153844 0.019230769230769232 0.03365384615384615
0 0.04567307692307692 0.43509615384615385 0.014423076923076924 0.019230769230769232