3 0.4543269230769231 0.056490384615384616 0.10576923076923077 0.04807692307692308
4 0.34615384615384615 0.051682692307692304 0.09615384615384616 0.04326923076923077
3 0.4579326923076923 0.90625 0.11298076923076923 0.052884615384615384
3 0.46274038461538464 0.8449519230769231 0.1201923076923077 0.05048076923076923
0 0.27163461538461536 0.6983173076923077 0.028846153846153848 0.028846153846153848
0 0.4014423076923077 0.6141826923076923 0.02403846153846154 0.019230769230769232
3 0.4254807692307692 0.10336538461538461 0.09615384615384616 0.04326923076923077
2 0.3233173076923077 0.09975961538461539 0.08653846153846154 0.036057692307692304
2 0.34134615384615385 0.9050480769230769 0.10576923076923077 0.05048076923076923
0 0.4795673076923077 0.009615384615384616 0.03365384615384615 0.019230769230769232
0 0.3894230769230769 0.45072115384615385 0.019230769230769232 0.014423076923076924
0 0.3894230769230769 0.4326923076923077 0.019230769230769232 0.01201923076923077
0 0.3894230769230769 0.41225961538461536 0.019230769230769232 0.014423076923076924