0 0.5913461538461539 0.3076923076923077 0.03365384615384615 0.02403846153846154
0 0.5961538461538461 0.35336538461538464 0.028846153846153848 0.028846153846153848
0 0.6045673076923077 0.4338942307692308 0.028846153846153848 0.02403846153846154
3 0.6153846153846154 0.23076923076923078 0.04807692307692308 0.014423076923076924
2 0.6802884615384616 0.6478365384615384 0.04326923076923077 0.03365384615384615
3 0.6213942307692307 0.6129807692307693 0.04326923076923077 0.014423076923076924
4 0.6790865384615384 0.6129807692307693 0.04326923076923077 0.016826923076923076
3 0.6213942307692307 0.6478365384615384 0.04807692307692308 0.028846153846153848
3 0.5516826923076923 0.9663461538461539 0.125 0.0625
2 0.671875 0.9699519230769231 0.10576923076923077 0.052884615384615384
2 0.6754807692307693 0.2283653846153846 0.04807692307692308 0.01201923076923077
6 0.7848557692307693 0.47115384615384615 0.04807692307692308 0.036057692307692304