3 0.6911057692307693 0.26802884615384615 0.052884615384615384 0.016826923076923076
3 0.7079326923076923 0.3473557692307692 0.028846153846153848 0.021634615384615384
3 0.7079326923076923 0.5793269230769231 0.019230769230769232 0.021634615384615384
2 0.7439903846153846 0.3473557692307692 0.03365384615384615 0.02403846153846154
2 0.7536057692307693 0.26322115384615385 0.057692307692307696 0.014423076923076924
0 0.6598557692307693 0.19951923076923078 0.014423076923076924 0.014423076923076924
0 0.6911057692307693 0.7584134615384616 0.03125 0.019230769230769232
0 0.5745192307692307 0.8894230769230769 0.057692307692307696 0.04567307692307692
4 0.7463942307692307 0.5805288461538461 0.028846153846153848 0.026442307692307692
0 0.6442307692307693 0.8149038461538461 0.03125 0.026442307692307692
0 0.6995192307692307 0.5552884615384616 0.01201923076923077 0.009615384615384616
0 0.5973557692307693 0.8209134615384616 0.057692307692307696 0.04567307692307692
0 0.6454326923076923 0.6838942307692307 0.03365384615384615 0.026442307692307692
0 0.6730769230769231 0.18629807692307693 0.01201923076923077 0.014423076923076924
0 0.6105769230769231 0.9242788461538461 0.038461538461538464 0.026442307692307692
6 0.7920673076923077 0.4675480769230769 0.019230769230769232 0.014423076923076924
3 0.6213942307692307 0.7307692307692307 0.019230769230769232 0.0673076923076923