0 0.5264423076923077 0.17548076923076922 0.052884615384615384 0.036057692307692304
0 0.5408653846153846 0.21634615384615385 0.04326923076923077 0.03365384615384615
3 0.6045673076923077 0.2980769230769231 0.0673076923076923 0.04807692307692308
2 0.6766826923076923 0.29927884615384615 0.0625 0.04807692307692308
6 0.8221153846153846 0.59375 0.08653846153846154 0.04326923076923077
4 0.6454326923076923 0.7752403846153846 0.052884615384615384 0.038461538461538464
0 0.4807692307692308 0.039663461538461536 0.0673076923076923 0.04567307692307692
3 0.45552884615384615 0.12740384615384615 0.038461538461538464 0.11538461538461539
3 0.578125 0.7716346153846154 0.06490384615384616 0.04326923076923077
0 0.6057692307692307 0.36538461538461536 0.016826923076923076 0.014423076923076924
0 0.5733173076923077 0.7019230769230769 0.028846153846153848 0.019230769230769232
0 0.5456730769230769 0.8317307692307693 0.03365384615384615 0.019230769230769232
0 0.5949519230769231 0.6514423076923077 0.019230769230769232 0.009615384615384616
0 0.6129807692307693 0.4098557692307692 0.016826923076923076 0.014423076923076924
0 0.6165865384615384 0.4951923076923077 0.016826923076923076 0.009615384615384616
0 0.5264423076923077 0.9411057692307693 0.03125 0.019230769230769232
0 0.5336538461538461 0.9867788461538461 0.019230769230769232 0.014423076923076924