1 0.6995192307692307 0.4230769230769231 0.06009615384615385 0.07211538461538461
3 0.6658653846153846 0.7632211538461539 0.08173076923076923 0.052884615384615384
3 0.6730769230769231 0.7223557692307693 0.07932692307692307 0.02403846153846154
4 0.7548076923076923 0.7259615384615384 0.07211538461538461 0.021634615384615384
2 0.7487980769230769 0.7668269230769231 0.0673076923076923 0.04807692307692308
3 0.6754807692307693 0.17908653846153846 0.07692307692307693 0.04326923076923077
4 0.7487980769230769 0.1778846153846154 0.06490384615384616 0.04326923076923077
0 0.6670673076923077 0.2620192307692308 0.028846153846153848 0.019230769230769232
1 0.7175480769230769 0.5060096153846154 0.02403846153846154 0.036057692307692304
6 0.9651442307692307 0.36177884615384615 0.06490384615384616 0.06490384615384616
3 0.6009615384615384 0.09254807692307693 0.019230769230769232 0.055288461538461536