0 0.53125 0.056490384615384616 0.0673076923076923 0.04326923076923077
0 0.3173076923076923 0.28846153846153844 0.08173076923076923 0.07451923076923077
0 0.39302884615384615 0.5012019230769231 0.028846153846153848 0.02403846153846154
1 0.4723557692307692 0.28725961538461536 0.18509615384615385 0.30288461538461536
0 0.3786057692307692 0.6346153846153846 0.028846153846153848 0.02403846153846154
0 0.28725961538461536 0.9471153846153846 0.02403846153846154 0.026442307692307692
3 0.3629807692307692 0.6658653846153846 0.038461538461538464 0.016826923076923076
3 0.5408653846153846 0.9387019230769231 0.038461538461538464 0.0889423076923077
2 0.31850961538461536 0.6658653846153846 0.038461538461538464 0.014423076923076924
3 0.359375 0.7355769230769231 0.028846153846153848 0.019230769230769232
2 0.33052884615384615 0.7355769230769231 0.02403846153846154 0.014423076923076924
6 0.3004807692307692 0.8173076923076923 0.019230769230769232 0.014423076923076924