1 0.3004807692307692 0.5769230769230769 0.06009615384615385 0.07211538461538461
3 0.33413461538461536 0.23677884615384615 0.08173076923076923 0.052884615384615384
3 0.3269230769230769 0.2776442307692308 0.07932692307692307 0.02403846153846154
4 0.24519230769230768 0.27403846153846156 0.07211538461538461 0.019230769230769232
2 0.2512019230769231 0.23317307692307693 0.0673076923076923 0.04807692307692308
3 0.3245192307692308 0.8209134615384616 0.07692307692307693 0.04326923076923077
4 0.2512019230769231 0.8221153846153846 0.06490384615384616 0.04326923076923077
0 0.3329326923076923 0.7379807692307693 0.028846153846153848 0.019230769230769232
1 0.2824519230769231 0.49399038461538464 0.02403846153846154 0.036057692307692304
6 0.03365384615384615 0.6382211538461539 0.0673076923076923 0.0625
3 0.39903846153846156 0.9074519230769231 0.019230769230769232 0.055288461538461536