3 0.4543269230769231 0.9435096153846154 0.10576923076923077 0.04807692307692308
4 0.34615384615384615 0.9483173076923077 0.09615384615384616 0.04326923076923077
3 0.4579326923076923 0.09375 0.11298076923076923 0.052884615384615384
3 0.46274038461538464 0.15504807692307693 0.1201923076923077 0.05048076923076923
0 0.27163461538461536 0.3016826923076923 0.028846153846153848 0.028846153846153848
0 0.4014423076923077 0.3858173076923077 0.02403846153846154 0.019230769230769232
3 0.4254807692307692 0.8966346153846154 0.09615384615384616 0.04326923076923077
2 0.3233173076923077 0.9002403846153846 0.08653846153846154 0.036057692307692304
2 0.34134615384615385 0.09495192307692307 0.10576923076923077 0.05048076923076923
0 0.4795673076923077 0.9891826923076923 0.036057692307692304 0.016826923076923076
0 0.3894230769230769 0.5492788461538461 0.019230769230769232 0.014423076923076924
0 0.3894230769230769 0.5673076923076923 0.019230769230769232 0.01201923076923077
0 0.3894230769230769 0.5877403846153846 0.019230769230769232 0.014423076923076924