1 0.3088942307692308 0.3245192307692308 0.11298076923076923 0.14903846153846154
1 0.3557692307692308 0.5925480769230769 0.17067307692307693 0.22355769230769232
2 0.21634615384615385 0.06009615384615385 0.125 0.08653846153846154
2 0.23677884615384615 0.46274038461538464 0.052884615384615384 0.04567307692307692
4 0.2860576923076923 0.7836538461538461 0.052884615384615384 0.038461538461538464
3 0.2980769230769231 0.46033653846153844 0.052884615384615384 0.04326923076923077
3 0.34375 0.7776442307692307 0.05048076923076923 0.04326923076923077
0 0.2824519230769231 0.5841346153846154 0.06490384615384616 0.0625
0 0.24278846153846154 0.3245192307692308 0.03365384615384615 0.03365384615384615
6 0.15985576923076922 0.6033653846153846 0.0673076923076923 0.038461538461538464
3 0.38100961538461536 0.0625 0.15384615384615385 0.10336538461538461