3 0.6778846153846154 0.7163461538461539 0.06009615384615385 0.038461538461538464
3 0.6862980769230769 0.6814903846153846 0.06490384615384616 0.014423076923076924
4 0.7463942307692307 0.22956730769230768 0.05048076923076923 0.038461538461538464
1 0.703125 0.4362980769230769 0.04807692307692308 0.057692307692307696
3 0.6838942307692307 0.23317307692307693 0.057692307692307696 0.038461538461538464
2 0.7451923076923077 0.7175480769230769 0.057692307692307696 0.040865384615384616
6 0.8978365384615384 0.41346153846153844 0.08653846153846154 0.04807692307692308
3 0.5733173076923077 0.9771634615384616 0.19230769230769232 0.036057692307692304
4 0.7524038461538461 0.6838942307692307 0.057692307692307696 0.014423076923076924
1 0.7139423076923077 0.5144230769230769 0.02403846153846154 0.036057692307692304
2 0.7367788461538461 0.5576923076923077 0.019230769230769232 0.014423076923076924
3 0.7151442307692307 0.5576923076923077 0.016826923076923076 0.014423076923076924