0 0.9435096153846154 0.46875 0.04326923076923077 0.0673076923076923
0 0.7115384615384616 0.6826923076923077 0.07451923076923077 0.08173076923076923
0 0.4987980769230769 0.6069711538461539 0.02403846153846154 0.028846153846153848
1 0.7127403846153846 0.5276442307692307 0.30288461538461536 0.18509615384615385
0 0.36538461538461536 0.6213942307692307 0.02403846153846154 0.028846153846153848
0 0.052884615384615384 0.7127403846153846 0.02403846153846154 0.02403846153846154
3 0.33413461538461536 0.6370192307692307 0.016826923076923076 0.038461538461538464
3 0.06129807692307692 0.45913461538461536 0.0889423076923077 0.038461538461538464
2 0.33413461538461536 0.6814903846153846 0.014423076923076924 0.038461538461538464
3 0.2644230769230769 0.640625 0.019230769230769232 0.028846153846153848
2 0.2644230769230769 0.6694711538461539 0.014423076923076924 0.02403846153846154
6 0.18269230769230768 0.6995192307692307 0.014423076923076924 0.019230769230769232