3 0.6430288461538461 0.3858173076923077 0.03125 0.02403846153846154
2 0.6838942307692307 0.6177884615384616 0.038461538461538464 0.028846153846153848
0 0.53125 0.7980769230769231 0.0673076923076923 0.052884615384615384
0 0.5444711538461539 0.10096153846153846 0.038461538461538464 0.03125
0 0.6502403846153846 0.14903846153846154 0.028846153846153848 0.02403846153846154
6 0.734375 0.5024038461538461 0.04326923076923077 0.019230769230769232
4 0.6826923076923077 0.3858173076923077 0.03125 0.02403846153846154
3 0.6165865384615384 0.2283653846153846 0.0673076923076923 0.03125
3 0.6418269230769231 0.6165865384615384 0.038461538461538464 0.028846153846153848
0 0.6310096153846154 0.5372596153846154 0.016826923076923076 0.014423076923076924
0 0.5504807692307693 0.03485576923076923 0.03125 0.019230769230769232
1 0.6021634615384616 0.15625 0.0673076923076923 0.09615384615384616
4 0.6850961538461539 0.21875 0.0625 0.028846153846153848
3 0.6021634615384616 0.7427884615384616 0.08173076923076923 0.03365384615384615
0 0.5949519230769231 0.8786057692307693 0.019230769230769232 0.014423076923076924
3 0.5036057692307693 0.11177884615384616 0.028846153846153848 0.0889423076923077
2 0.6923076923076923 0.7487980769230769 0.08173076923076923 0.028846153846153848