3 0.4735576923076923 0.5973557692307693 0.09375 0.12980769230769232
0 0.28846153846153844 0.4675480769230769 0.0673076923076923 0.10096153846153846
3 0.04807692307692308 0.234375 0.09134615384615384 0.14903846153846154
0 0.17548076923076922 0.4182692307692308 0.08653846153846154 0.1201923076923077
2 0.47475961538461536 0.7391826923076923 0.09134615384615384 0.1201923076923077
0 0.5901442307692307 0.6165865384615384 0.019230769230769232 0.02403846153846154
0 0.6478365384615384 0.6262019230769231 0.014423076923076924 0.019230769230769232
0 0.7403846153846154 0.6225961538461539 0.014423076923076924 0.019230769230769232
0 0.8545673076923077 0.6694711538461539 0.014423076923076924 0.019230769230769232
0 0.9230769230769231 0.5757211538461539 0.009615384615384616 0.028846153846153848
0 0.9471153846153846 0.5625 0.021634615384615384 0.028846153846153848