0 0.41586538461538464 0.8221153846153846 0.1201923076923077 0.08413461538461539
0 0.4675480769230769 0.7115384615384616 0.09375 0.07692307692307693
0 0.5625 0.04807692307692308 0.019230769230769232 0.014423076923076924
0 0.5757211538461539 0.07451923076923077 0.014423076923076924 0.01201923076923077
0 0.6177884615384616 0.4050480769230769 0.019230769230769232 0.014423076923076924
0 0.6682692307692307 0.14423076923076922 0.016826923076923076 0.01201923076923077
3 0.5925480769230769 0.5204326923076923 0.1201923076923077 0.09134615384615384
3 0.23076923076923078 0.9495192307692307 0.14182692307692307 0.09615384615384616
2 0.7415865384615384 0.5216346153846154 0.12980769230769232 0.09615384615384616
0 0.6237980769230769 0.34975961538461536 0.019230769230769232 0.014423076923076924
0 0.6213942307692307 0.25600961538461536 0.019230769230769232 0.01201923076923077