0 0.6646634615384616 0.6622596153846154 0.028846153846153848 0.019230769230769232
0 0.6045673076923077 0.08533653846153846 0.038461538461538464 0.026442307692307692
0 0.6370192307692307 0.14903846153846154 0.028846153846153848 0.014423076923076924
3 0.5528846153846154 0.08413461538461539 0.028846153846153848 0.08413461538461539
3 0.6802884615384616 0.24879807692307693 0.038461538461538464 0.014423076923076924
3 0.6995192307692307 0.3112980769230769 0.019230769230769232 0.021634615384615384
4 0.734375 0.24639423076923078 0.038461538461538464 0.016826923076923076
4 0.7307692307692307 0.3088942307692308 0.028846153846153848 0.021634615384615384
0 0.6911057692307693 0.4987980769230769 0.016826923076923076 0.009615384615384616
0 0.8425480769230769 0.7644230769230769 0.038461538461538464 0.04326923076923077
0 0.6334134615384616 0.828125 0.03365384615384615 0.019230769230769232
0 0.6887019230769231 0.35216346153846156 0.019230769230769232 0.009615384615384616
3 0.6983173076923077 0.5925480769230769 0.04567307692307692 0.01201923076923077
2 0.7403846153846154 0.5552884615384616 0.028846153846153848 0.019230769230769232
3 0.7067307692307693 0.5528846153846154 0.028846153846153848 0.021634615384615384
0 0.6262019230769231 0.9362980769230769 0.02403846153846154 0.01201923076923077
6 0.7716346153846154 0.4254807692307692 0.019230769230769232 0.014423076923076924
0 0.6129807692307693 0.953125 0.03125 0.014423076923076924
0 0.7271634615384616 0.13822115384615385 0.016826923076923076 0.009615384615384616