3 0.7115384615384616 0.5637019230769231 0.08413461538461539 0.15865384615384615
0 0.5384615384615384 0.5216346153846154 0.04807692307692308 0.0673076923076923
0 0.5685096153846154 0.5528846153846154 0.026442307692307692 0.052884615384615384
0 0.7704326923076923 0.4879807692307692 0.057692307692307696 0.07451923076923077
0 0.9615384615384616 0.5324519230769231 0.02403846153846154 0.03365384615384615
0 0.8245192307692307 0.53125 0.04326923076923077 0.05048076923076923
0 0.6346153846153846 0.5889423076923077 0.02403846153846154 0.03125
3 0.49038461538461536 0.5264423076923077 0.08653846153846154 0.03125
0 0.5048076923076923 0.6033653846153846 0.014423076923076924 0.019230769230769232
0 0.5480769230769231 0.6069711538461539 0.021634615384615384 0.028846153846153848
5 0.3137019230769231 0.6622596153846154 0.019230769230769232 0.019230769230769232
5 0.7043269230769231 0.7271634615384616 0.0889423076923077 0.14423076923076922
3 0.3161057692307692 0.6286057692307693 0.016826923076923076 0.019230769230769232
0 0.5901442307692307 0.5961538461538461 0.02403846153846154 0.028846153846153848