3 0.1502403846153846 0.578125 0.16346153846153846 0.07211538461538461
3 0.3016826923076923 0.3918269230769231 0.03365384615384615 0.09615384615384616
3 0.4026442307692308 0.3557692307692308 0.03125 0.04326923076923077
3 0.7199519230769231 0.36177884615384615 0.026442307692307692 0.038461538461538464
3 0.8810096153846154 0.4050480769230769 0.038461538461538464 0.08173076923076923
2 0.40384615384615385 0.3137019230769231 0.028846153846153848 0.038461538461538464
5 0.8858173076923077 0.3245192307692308 0.038461538461538464 0.07211538461538461
5 0.7199519230769231 0.32091346153846156 0.026442307692307692 0.038461538461538464
0 0.359375 0.38221153846153844 0.019230769230769232 0.02403846153846154
0 0.8269230769230769 0.3449519230769231 0.021634615384615384 0.028846153846153848
1 0.8185096153846154 0.39302884615384615 0.08413461538461539 0.0673076923076923
0 0.27163461538461536 0.38822115384615385 0.019230769230769232 0.02403846153846154
0 0.2548076923076923 0.3918269230769231 0.019230769230769232 0.028846153846153848
2 0.29927884615384615 0.28725961538461536 0.028846153846153848 0.07451923076923077