0 0.32572115384615385 0.8401442307692307 0.038461538461538464 0.04326923076923077
0 0.3629807692307692 0.5661057692307693 0.052884615384615384 0.0673076923076923
0 0.8882211538461539 0.6081730769230769 0.028846153846153848 0.04326923076923077
3 0.8125 0.6670673076923077 0.028846153846153848 0.0625
3 0.6322115384615384 0.6947115384615384 0.02403846153846154 0.03125
3 0.3762019230769231 0.6911057692307693 0.028846153846153848 0.03365384615384615
2 0.8125 0.7283653846153846 0.03125 0.052884615384615384
0 0.5588942307692307 0.6826923076923077 0.014423076923076924 0.019230769230769232
0 0.6057692307692307 0.6754807692307693 0.014423076923076924 0.019230769230769232
0 0.9627403846153846 0.5961538461538461 0.02403846153846154 0.038461538461538464
3 0.9423076923076923 0.5685096153846154 0.0625 0.019230769230769232
3 0.03245192307692308 0.6225961538461539 0.014423076923076924 0.028846153846153848
5 0.3762019230769231 0.7307692307692307 0.028846153846153848 0.03365384615384615
2 0.6334134615384616 0.7355769230769231 0.026442307692307692 0.028846153846153848
1 0.13942307692307693 0.6322115384615384 0.10336538461538461 0.08653846153846154
0 0.010817307692307692 0.5384615384615384 0.021634615384615384 0.04807692307692308