3 0.3161057692307692 0.38822115384615385 0.0625 0.026442307692307692
2 0.24639423076923078 0.38461538461538464 0.06009615384615385 0.026442307692307692
2 0.2608173076923077 0.8701923076923077 0.0625 0.04326923076923077
0 0.38100961538461536 0.18389423076923078 0.03365384615384615 0.02403846153846154
0 0.3581730769230769 0.31971153846153844 0.03365384615384615 0.026442307692307692
3 0.3329326923076923 0.8689903846153846 0.057692307692307696 0.04807692307692308
0 0.35096153846153844 0.3557692307692308 0.03365384615384615 0.026442307692307692
0 0.32572115384615385 0.4206730769230769 0.02403846153846154 0.019230769230769232
3 0.42788461538461536 0.015625 0.12740384615384615 0.03125
6 0.11538461538461539 0.5456730769230769 0.08173076923076923 0.04326923076923077
0 0.3076923076923077 0.5036057692307693 0.02403846153846154 0.01201923076923077
0 0.30288461538461536 0.5336538461538461 0.019230769230769232 0.009615384615384616