0 0.39903846153846156 0.9627403846153846 0.10096153846153846 0.0673076923076923
3 0.5204326923076923 0.109375 0.07211538461538461 0.12980769230769232
0 0.36899038461538464 0.8677884615384616 0.038461538461538464 0.026442307692307692
0 0.34375 0.8185096153846154 0.02403846153846154 0.021634615384615384
0 0.16947115384615385 0.28725961538461536 0.03365384615384615 0.036057692307692304
0 0.34375 0.21394230769230768 0.03365384615384615 0.021634615384615384
0 0.31850961538461536 0.3605769230769231 0.02403846153846154 0.01201923076923077
2 0.2512019230769231 0.45552884615384615 0.028846153846153848 0.02403846153846154
6 0.21634615384615385 0.5697115384615384 0.016826923076923076 0.009615384615384616
3 0.3088942307692308 0.7283653846153846 0.038461538461538464 0.014423076923076924
3 0.28966346153846156 0.6814903846153846 0.02403846153846154 0.019230769230769232
3 0.40384615384615385 0.8581730769230769 0.019230769230769232 0.07211538461538461
4 0.25841346153846156 0.6814903846153846 0.028846153846153848 0.019230769230769232
4 0.25841346153846156 0.7307692307692307 0.04326923076923077 0.01201923076923077
3 0.2800480769230769 0.4567307692307692 0.03125 0.02403846153846154
0 0.3004807692307692 0.6442307692307693 0.01201923076923077 0.01201923076923077
0 0.3269230769230769 0.22596153846153846 0.019230769230769232 0.019230769230769232