0 0.23197115384615385 0.18389423076923078 0.04326923076923077 0.04807692307692308
0 0.4326923076923077 0.3473557692307692 0.038461538461538464 0.03365384615384615
0 0.4014423076923077 0.4651442307692308 0.02403846153846154 0.019230769230769232
0 0.4026442307692308 0.5180288461538461 0.02403846153846154 0.019230769230769232
0 0.3870192307692308 0.6189903846153846 0.014423076923076924 0.009615384615384616
0 0.4723557692307692 0.9086538461538461 0.038461538461538464 0.026442307692307692
0 0.4326923076923077 0.8185096153846154 0.02403846153846154 0.019230769230769232
0 0.4795673076923077 0.9891826923076923 0.019230769230769232 0.01201923076923077
3 0.3737980769230769 0.5492788461538461 0.03365384615384615 0.014423076923076924
0 0.45913461538461536 0.9338942307692307 0.028846153846153848 0.014423076923076924
3 0.5012019230769231 0.8870192307692307 0.019230769230769232 0.0673076923076923
5 0.3605769230769231 0.7764423076923077 0.02403846153846154 0.019230769230769232
0 0.32091346153846156 0.8269230769230769 0.019230769230769232 0.01201923076923077
0 0.47836538461538464 0.9651442307692307 0.019230769230769232 0.019230769230769232
3 0.38822115384615385 0.7776442307692307 0.028846153846153848 0.014423076923076924
0 0.3870192307692308 0.6370192307692307 0.014423076923076924 0.01201923076923077
2 0.33653846153846156 0.5480769230769231 0.03125 0.01201923076923077