3 0.22355769230769232 0.3942307692307692 0.04807692307692308 0.0625
2 0.22596153846153846 0.3173076923076923 0.04807692307692308 0.06009615384615385
3 0.7524038461538461 0.38100961538461536 0.036057692307692304 0.0625
5 0.7524038461538461 0.3112980769230769 0.036057692307692304 0.052884615384615384
3 0.7127403846153846 0.3798076923076923 0.019230769230769232 0.06009615384615385
2 0.7115384615384616 0.31009615384615385 0.016826923076923076 0.052884615384615384
0 0.18629807692307693 0.4266826923076923 0.019230769230769232 0.028846153846153848
0 0.08173076923076923 0.4411057692307692 0.02403846153846154 0.028846153846153848
0 0.040865384615384616 0.4567307692307692 0.02403846153846154 0.04326923076923077
1 0.9711538461538461 0.4411057692307692 0.052884615384615384 0.06971153846153846
0 0.9903846153846154 0.38461538461538464 0.016826923076923076 0.028846153846153848
3 0.8473557692307693 0.44350961538461536 0.055288461538461536 0.016826923076923076