0 0.5721153846153846 0.7740384615384616 0.03125 0.019230769230769232
0 0.5793269230769231 0.7463942307692307 0.019230769230769232 0.014423076923076924
0 0.5793269230769231 0.6526442307692307 0.02403846153846154 0.019230769230769232
3 0.6057692307692307 0.6081730769230769 0.057692307692307696 0.04326923076923077
3 0.5853365384615384 0.2091346153846154 0.05048076923076923 0.014423076923076924
3 0.5805288461538461 0.17548076923076922 0.052884615384615384 0.03125
5 0.6370192307692307 0.17307692307692307 0.05048076923076923 0.03125
2 0.6442307692307693 0.20793269230769232 0.04567307692307692 0.014423076923076924
2 0.6706730769230769 0.6045673076923077 0.052884615384615384 0.05048076923076923
3 0.47836538461538464 0.9507211538461539 0.22596153846153846 0.09134615384615384
2 0.703125 0.9555288461538461 0.18990384615384615 0.08653846153846154