3 0.6754807692307693 0.28125 0.10576923076923077 0.0673076923076923
3 0.6274038461538461 0.9519230769230769 0.08653846153846154 0.038461538461538464
3 0.6298076923076923 0.36658653846153844 0.014423076923076924 0.0625
0 0.5805288461538461 0.9831730769230769 0.040865384615384616 0.028846153846153848
0 0.6862980769230769 0.4567307692307692 0.019230769230769232 0.016826923076923076
2 0.7932692307692307 0.2800480769230769 0.11298076923076923 0.07211538461538461
5 0.7223557692307693 0.953125 0.09134615384615384 0.040865384615384616
0 0.6911057692307693 0.5769230769230769 0.016826923076923076 0.01201923076923077
0 0.6995192307692307 0.5901442307692307 0.019230769230769232 0.009615384615384616
0 0.6911057692307693 0.6862980769230769 0.01201923076923077 0.01201923076923077
0 0.6899038461538461 0.7091346153846154 0.016826923076923076 0.01201923076923077
0 0.6778846153846154 0.7884615384615384 0.014423076923076924 0.014423076923076924