0 0.39903846153846156 0.3245192307692308 0.019230769230769232 0.016826923076923076
3 0.46274038461538464 0.07451923076923077 0.08173076923076923 0.038461538461538464
4 0.36658653846153844 0.06610576923076923 0.07932692307692307 0.028846153846153848
3 0.37740384615384615 0.4723557692307692 0.038461538461538464 0.028846153846153848
2 0.3137019230769231 0.5853365384615384 0.06490384615384616 0.026442307692307692
2 0.33533653846153844 0.4699519230769231 0.03365384615384615 0.026442307692307692
0 0.4110576923076923 0.23798076923076922 0.02403846153846154 0.019230769230769232
0 0.40865384615384615 0.2668269230769231 0.019230769230769232 0.014423076923076924
3 0.3786057692307692 0.75 0.02403846153846154 0.014423076923076924
3 0.3870192307692308 0.5817307692307693 0.07211538461538461 0.021634615384615384
6 0.2932692307692308 0.31850961538461536 0.019230769230769232 0.014423076923076924
0 0.5384615384615384 0.007211538461538462 0.06009615384615385 0.014423076923076924