1 0.6911057692307693 0.6754807692307693 0.11298076923076923 0.14903846153846154
1 0.6442307692307693 0.4074519230769231 0.17067307692307693 0.22355769230769232
2 0.7836538461538461 0.9399038461538461 0.125 0.08653846153846154
2 0.7632211538461539 0.5372596153846154 0.052884615384615384 0.04567307692307692
4 0.7139423076923077 0.21634615384615385 0.052884615384615384 0.038461538461538464
3 0.7019230769230769 0.5396634615384616 0.052884615384615384 0.04326923076923077
3 0.65625 0.22235576923076922 0.05048076923076923 0.04326923076923077
0 0.7175480769230769 0.41586538461538464 0.06490384615384616 0.0625
0 0.7572115384615384 0.6754807692307693 0.03365384615384615 0.03365384615384615
6 0.8401442307692307 0.39663461538461536 0.0673076923076923 0.038461538461538464
3 0.6189903846153846 0.9375 0.15384615384615385 0.10336538461538461