0 0.0829326923076923 0.6141826923076923 0.028846153846153848 0.040865384615384616
0 0.19591346153846154 0.6658653846153846 0.019230769230769232 0.02403846153846154
0 0.25600961538461536 0.6538461538461539 0.03125 0.03365384615384615
0 0.01201923076923077 0.5865384615384616 0.019230769230769232 0.04807692307692308
3 0.7704326923076923 0.4735576923076923 0.1778846153846154 0.07692307692307693
0 0.390625 0.6826923076923077 0.021634615384615384 0.028846153846153848
0 0.23677884615384615 0.6682692307692307 0.019230769230769232 0.028846153846153848
0 0.5901442307692307 0.6947115384615384 0.016826923076923076 0.019230769230769232
0 0.9206730769230769 0.6382211538461539 0.016826923076923076 0.028846153846153848
0 0.9002403846153846 0.6322115384615384 0.02403846153846154 0.03125
3 0.8088942307692307 0.6959134615384616 0.016826923076923076 0.02403846153846154
5 0.8100961538461539 0.7235576923076923 0.016826923076923076 0.028846153846153848