0 0.7596153846153846 0.38341346153846156 0.04326923076923077 0.052884615384615384
0 0.6622596153846154 0.3641826923076923 0.038461538461538464 0.038461538461538464
0 0.5372596153846154 0.30408653846153844 0.009615384615384616 0.016826923076923076
0 0.13701923076923078 0.3786057692307692 0.03365384615384615 0.038461538461538464
3 0.5612980769230769 0.2860576923076923 0.02403846153846154 0.03125
3 0.6129807692307693 0.30288461538461536 0.014423076923076924 0.06009615384615385
5 0.31850961538461536 0.25240384615384615 0.02403846153846154 0.028846153846153848
2 0.5612980769230769 0.24879807692307693 0.026442307692307692 0.03125
2 0.6153846153846154 0.23317307692307693 0.014423076923076924 0.057692307692307696
0 0.2848557692307692 0.3125 0.014423076923076924 0.016826923076923076
0 0.23197115384615385 0.3137019230769231 0.014423076923076924 0.019230769230769232
0 0.15745192307692307 0.19831730769230768 0.03125 0.038461538461538464
3 0.31971153846153844 0.28966346153846156 0.021634615384615384 0.028846153846153848
3 0.6935096153846154 0.4074519230769231 0.08413461538461539 0.03365384615384615
0 0.008413461538461538 0.3798076923076923 0.016826923076923076 0.04326923076923077
0 0.5901442307692307 0.3016826923076923 0.01201923076923077 0.016826923076923076