3 0.36538461538461536 0.28846153846153844 0.17307692307692307 0.055288461538461536
0 0.5997596153846154 0.10096153846153846 0.16346153846153846 0.11298076923076923
3 0.2956730769230769 0.44711538461538464 0.05048076923076923 0.040865384615384616
2 0.24278846153846154 0.44591346153846156 0.04807692307692308 0.04326923076923077
5 0.2608173076923077 0.7908653846153846 0.04567307692307692 0.028846153846153848
2 0.19591346153846154 0.2848557692307692 0.14903846153846154 0.057692307692307696
0 0.3245192307692308 0.4807692307692308 0.028846153846153848 0.021634615384615384
0 0.3161057692307692 0.41225961538461536 0.02403846153846154 0.016826923076923076
3 0.3112980769230769 0.7908653846153846 0.04807692307692308 0.026442307692307692
0 0.3473557692307692 0.828125 0.028846153846153848 0.021634615384615384
0 0.33052884615384615 0.7512019230769231 0.028846153846153848 0.019230769230769232
0 0.35096153846153844 0.8846153846153846 0.02403846153846154 0.016826923076923076
0 0.31490384615384615 0.5048076923076923 0.016826923076923076 0.014423076923076924
0 0.328125 0.7668269230769231 0.019230769230769232 0.014423076923076924