3 0.3161057692307692 0.2848557692307692 0.04326923076923077 0.0673076923076923
3 0.3557692307692308 0.2956730769230769 0.021634615384615384 0.0673076923076923
3 0.8209134615384616 0.34134615384615385 0.038461538461538464 0.0673076923076923
4 0.3581730769230769 0.2283653846153846 0.019230769230769232 0.052884615384615384
2 0.31971153846153844 0.21634615384615385 0.04326923076923077 0.057692307692307696
4 0.8221153846153846 0.27403846153846156 0.040865384615384616 0.06009615384615385
0 0.2956730769230769 0.32572115384615385 0.021634615384615384 0.019230769230769232
0 0.9783653846153846 0.41225961538461536 0.019230769230769232 0.028846153846153848
6 0.5961538461538461 0.05889423076923077 0.04326923076923077 0.07692307692307693
3 0.5060096153846154 0.2776442307692308 0.014423076923076924 0.016826923076923076
3 0.6490384615384616 0.28846153846153844 0.01201923076923077 0.019230769230769232
0 0.8533653846153846 0.3581730769230769 0.014423076923076924 0.016826923076923076
0 0.7007211538461539 0.3269230769230769 0.009615384615384616 0.019230769230769232
0 0.6670673076923077 0.3161057692307692 0.014423076923076924 0.016826923076923076
0 0.7788461538461539 0.3317307692307692 0.014423076923076924 0.028846153846153848