3 0.6430288461538461 0.6141826923076923 0.03125 0.02403846153846154
2 0.6838942307692307 0.38221153846153844 0.038461538461538464 0.028846153846153848
0 0.53125 0.20192307692307693 0.0673076923076923 0.052884615384615384
0 0.5444711538461539 0.8990384615384616 0.038461538461538464 0.03125
0 0.6502403846153846 0.8509615384615384 0.028846153846153848 0.02403846153846154
6 0.734375 0.49759615384615385 0.04326923076923077 0.019230769230769232
4 0.6826923076923077 0.6141826923076923 0.03125 0.02403846153846154
3 0.6165865384615384 0.7716346153846154 0.0673076923076923 0.03125
3 0.6418269230769231 0.38341346153846156 0.038461538461538464 0.028846153846153848
0 0.6310096153846154 0.46274038461538464 0.016826923076923076 0.014423076923076924
0 0.5504807692307693 0.9651442307692307 0.03125 0.021634615384615384
1 0.6021634615384616 0.84375 0.0673076923076923 0.09615384615384616
4 0.6850961538461539 0.78125 0.0625 0.028846153846153848
3 0.6021634615384616 0.25721153846153844 0.08173076923076923 0.03365384615384615
0 0.5949519230769231 0.12139423076923077 0.019230769230769232 0.014423076923076924
3 0.5036057692307693 0.8882211538461539 0.028846153846153848 0.0889423076923077
2 0.6923076923076923 0.2512019230769231 0.08173076923076923 0.028846153846153848