3 0.6814903846153846 0.5649038461538461 0.052884615384615384 0.036057692307692304
0 0.5865384615384616 0.31971153846153844 0.0673076923076923 0.0625
3 0.6538461538461539 0.4098557692307692 0.125 0.055288461538461536
3 0.6117788461538461 0.9567307692307693 0.057692307692307696 0.03365384615384615
2 0.7391826923076923 0.5685096153846154 0.04567307692307692 0.03365384615384615
4 0.6706730769230769 0.9615384615384616 0.05048076923076923 0.028846153846153848
2 0.7884615384615384 0.4074519230769231 0.10576923076923077 0.052884615384615384
0 0.6069711538461539 0.9182692307692307 0.02403846153846154 0.016826923076923076
0 0.578125 0.9747596153846154 0.02403846153846154 0.016826923076923076
0 0.6899038461538461 0.9278846153846154 0.016826923076923076 0.014423076923076924
6 0.8125 0.8149038461538461 0.0625 0.03365384615384615