3 0.5649038461538461 0.6814903846153846 0.036057692307692304 0.052884615384615384
0 0.31971153846153844 0.5865384615384616 0.0625 0.0673076923076923
3 0.4098557692307692 0.6538461538461539 0.055288461538461536 0.125
3 0.9567307692307693 0.6117788461538461 0.03365384615384615 0.057692307692307696
2 0.5685096153846154 0.7391826923076923 0.03365384615384615 0.04567307692307692
4 0.9615384615384616 0.6706730769230769 0.028846153846153848 0.05048076923076923
2 0.4074519230769231 0.7884615384615384 0.052884615384615384 0.10576923076923077
0 0.9182692307692307 0.6069711538461539 0.014423076923076924 0.02403846153846154
0 0.9747596153846154 0.578125 0.014423076923076924 0.02403846153846154
0 0.9278846153846154 0.6899038461538461 0.014423076923076924 0.016826923076923076
6 0.8149038461538461 0.8125 0.03365384615384615 0.0625