3 0.6754807692307693 0.71875 0.10576923076923077 0.0673076923076923
3 0.6274038461538461 0.04807692307692308 0.08653846153846154 0.038461538461538464
3 0.6298076923076923 0.6334134615384616 0.014423076923076924 0.0625
0 0.5817307692307693 0.015625 0.038461538461538464 0.03125
0 0.6862980769230769 0.5432692307692307 0.019230769230769232 0.016826923076923076
2 0.7932692307692307 0.7199519230769231 0.11298076923076923 0.07211538461538461
5 0.7223557692307693 0.046875 0.09134615384615384 0.040865384615384616
0 0.6911057692307693 0.4230769230769231 0.016826923076923076 0.01201923076923077
0 0.6995192307692307 0.4098557692307692 0.019230769230769232 0.009615384615384616
0 0.6911057692307693 0.3137019230769231 0.01201923076923077 0.01201923076923077
0 0.6899038461538461 0.29086538461538464 0.016826923076923076 0.01201923076923077
0 0.6778846153846154 0.21153846153846154 0.014423076923076924 0.014423076923076924