0 0.8329326923076923 0.18269230769230768 0.05048076923076923 0.057692307692307696
0 0.5733173076923077 0.3545673076923077 0.04326923076923077 0.038461538461538464
0 0.6129807692307693 0.44591346153846156 0.02403846153846154 0.019230769230769232
0 0.6153846153846154 0.4987980769230769 0.02403846153846154 0.014423076923076924
5 0.6682692307692307 0.7355769230769231 0.019230769230769232 0.01201923076923077
0 0.5528846153846154 0.9278846153846154 0.038461538461538464 0.019230769230769232
0 0.5949519230769231 0.8076923076923077 0.02403846153846154 0.014423076923076924
0 0.7103365384615384 0.8100961538461539 0.016826923076923076 0.014423076923076924
3 0.6418269230769231 0.7367788461538461 0.019230769230769232 0.014423076923076924
0 0.6358173076923077 0.5709134615384616 0.016826923076923076 0.014423076923076924
3 0.5276442307692307 0.9194711538461539 0.019230769230769232 0.04326923076923077
0 0.5745192307692307 0.9507211538461539 0.019230769230769232 0.007211538461538462
0 0.5769230769230769 0.9663461538461539 0.016826923076923076 0.014423076923076924
0 0.6370192307692307 0.5841346153846154 0.01201923076923077 0.014423076923076924
0 0.6394230769230769 0.5348557692307693 0.016826923076923076 0.014423076923076924