0 0.18389423076923078 0.7680288461538461 0.04807692307692308 0.04326923076923077
0 0.3473557692307692 0.5673076923076923 0.03365384615384615 0.038461538461538464
0 0.4651442307692308 0.5985576923076923 0.019230769230769232 0.02403846153846154
0 0.5180288461538461 0.5973557692307693 0.019230769230769232 0.02403846153846154
0 0.6189903846153846 0.6129807692307693 0.009615384615384616 0.014423076923076924
0 0.9086538461538461 0.5276442307692307 0.026442307692307692 0.038461538461538464
0 0.8185096153846154 0.5673076923076923 0.019230769230769232 0.02403846153846154
0 0.9891826923076923 0.5204326923076923 0.01201923076923077 0.019230769230769232
3 0.5492788461538461 0.6262019230769231 0.014423076923076924 0.03365384615384615
0 0.9338942307692307 0.5408653846153846 0.014423076923076924 0.028846153846153848
3 0.8870192307692307 0.4987980769230769 0.0673076923076923 0.019230769230769232
5 0.7764423076923077 0.6394230769230769 0.019230769230769232 0.02403846153846154
0 0.8269230769230769 0.6790865384615384 0.01201923076923077 0.019230769230769232
0 0.9651442307692307 0.5216346153846154 0.019230769230769232 0.019230769230769232
3 0.7776442307692307 0.6117788461538461 0.014423076923076924 0.028846153846153848
0 0.6370192307692307 0.6129807692307693 0.01201923076923077 0.014423076923076924
2 0.5480769230769231 0.6634615384615384 0.01201923076923077 0.03125