0 0.6778846153846154 0.3389423076923077 0.021634615384615384 0.03125
0 0.6033653846153846 0.33653846153846156 0.028846153846153848 0.038461538461538464
3 0.7956730769230769 0.33413461538461536 0.057692307692307696 0.08173076923076923
3 0.7319711538461539 0.3317307692307692 0.055288461538461536 0.09615384615384616
5 0.796875 0.24879807692307693 0.05048076923076923 0.08173076923076923
2 0.7427884615384616 0.23557692307692307 0.04326923076923077 0.08173076923076923
3 0.0625 0.38221153846153844 0.057692307692307696 0.10576923076923077
0 0.18389423076923078 0.21754807692307693 0.026442307692307692 0.028846153846153848
0 0.24519230769230768 0.34615384615384615 0.021634615384615384 0.02403846153846154
0 0.3161057692307692 0.3161057692307692 0.014423076923076924 0.019230769230769232
0 0.2932692307692308 0.3245192307692308 0.014423076923076924 0.019230769230769232
2 0.056490384615384616 0.2692307692307692 0.052884615384615384 0.09615384615384616
0 0.5228365384615384 0.30408653846153844 0.014423076923076924 0.016826923076923076
0 0.5096153846153846 0.30528846153846156 0.009615384615384616 0.019230769230769232