3 0.6021634615384616 0.8161057692307693 0.08173076923076923 0.028846153846153848
3 0.5588942307692307 0.5336538461538461 0.019230769230769232 0.07211538461538461
2 0.6838942307692307 0.24278846153846154 0.057692307692307696 0.03365384615384615
3 0.609375 0.2439903846153846 0.0673076923076923 0.040865384615384616
2 0.6887019230769231 0.8173076923076923 0.07692307692307693 0.028846153846153848
0 0.5721153846153846 0.7007211538461539 0.04807692307692308 0.038461538461538464
0 0.5757211538461539 0.640625 0.04807692307692308 0.040865384615384616
0 0.59375 0.5276442307692307 0.038461538461538464 0.036057692307692304
3 0.6141826923076923 0.28725961538461536 0.07211538461538461 0.028846153846153848
4 0.6899038461538461 0.2860576923076923 0.0673076923076923 0.03125
6 0.9278846153846154 0.46875 0.12259615384615384 0.0625