0 0.4423076923076923 0.13221153846153846 0.08653846153846154 0.057692307692307696
0 0.3401442307692308 0.40625 0.038461538461538464 0.03365384615384615
0 0.3918269230769231 0.8894230769230769 0.04567307692307692 0.03125
3 0.30649038461538464 0.7668269230769231 0.04326923076923077 0.014423076923076924
3 0.28966346153846156 0.6935096153846154 0.02403846153846154 0.019230769230769232
4 0.25961538461538464 0.6947115384615384 0.02403846153846154 0.014423076923076924
3 0.27283653846153844 0.4723557692307692 0.019230769230769232 0.014423076923076924
2 0.2439903846153846 0.47115384615384615 0.019230769230769232 0.014423076923076924
0 0.36658653846153844 0.8641826923076923 0.03365384615384615 0.026442307692307692
6 0.20793269230769232 0.5997596153846154 0.02403846153846154 0.009615384615384616
4 0.2608173076923077 0.765625 0.038461538461538464 0.009615384615384616
3 0.4567307692307692 0.9675480769230769 0.028846153846153848 0.0625