0 0.21153846153846154 0.4567307692307692 0.04567307692307692 0.06490384615384616
0 0.3016826923076923 0.41225961538461536 0.03125 0.038461538461538464
3 0.8004807692307693 0.39302884615384615 0.052884615384615384 0.08173076923076923
0 0.9050480769230769 0.43990384615384615 0.026442307692307692 0.038461538461538464
0 0.8473557692307693 0.4495192307692308 0.03365384615384615 0.04567307692307692
0 0.7103365384615384 0.4230769230769231 0.03365384615384615 0.04326923076923077
5 0.8028846153846154 0.3004807692307692 0.052884615384615384 0.08173076923076923
3 0.13221153846153846 0.4170673076923077 0.057692307692307696 0.10576923076923077
2 0.12860576923076922 0.3088942307692308 0.055288461538461536 0.09615384615384616
0 0.9338942307692307 0.32572115384615385 0.014423076923076924 0.019230769230769232
0 0.8377403846153846 0.3942307692307692 0.01201923076923077 0.016826923076923076
3 0.17668269230769232 0.40384615384615385 0.019230769230769232 0.09134615384615384
5 0.17548076923076922 0.31009615384615385 0.014423076923076924 0.07451923076923077
3 0.515625 0.34375 0.014423076923076924 0.019230769230769232
5 0.515625 0.32091346153846156 0.014423076923076924 0.019230769230769232