0 0.8810096153846154 0.5240384615384616 0.038461538461538464 0.06009615384615385
0 0.7692307692307693 0.5745192307692307 0.03125 0.04326923076923077
0 0.09495192307692307 0.53125 0.03365384615384615 0.05048076923076923
0 0.20793269230769232 0.5697115384615384 0.028846153846153848 0.036057692307692304
0 0.18389423076923078 0.5817307692307693 0.019230769230769232 0.03125
1 0.31971153846153844 0.6478365384615384 0.028846153846153848 0.019230769230769232
0 0.5685096153846154 0.6129807692307693 0.02403846153846154 0.028846153846153848
4 0.2644230769230769 0.6682692307692307 0.019230769230769232 0.02403846153846154
3 0.2644230769230769 0.6346153846153846 0.016826923076923076 0.019230769230769232
3 0.9699519230769231 0.5588942307692307 0.055288461538461536 0.12259615384615384
3 0.15504807692307693 0.5216346153846154 0.07692307692307693 0.019230769230769232
0 0.09254807692307693 0.6610576923076923 0.014423076923076924 0.019230769230769232
0 0.12139423076923077 0.5985576923076923 0.014423076923076924 0.014423076923076924
0 0.15384615384615385 0.6069711538461539 0.009615384615384616 0.014423076923076924
0 0.6814903846153846 0.7079326923076923 0.009615384615384616 0.01201923076923077
6 0.36778846153846156 0.7103365384615384 0.01201923076923077 0.019230769230769232
2 0.46274038461538464 0.6850961538461539 0.014423076923076924 0.019230769230769232
3 0.46033653846153844 0.65625 0.016826923076923076 0.019230769230769232