3 0.27524038461538464 0.38341346153846156 0.028846153846153848 0.04567307692307692
3 0.6730769230769231 0.3858173076923077 0.038461538461538464 0.05048076923076923
5 0.27524038461538464 0.3317307692307692 0.03125 0.04326923076923077
0 0.7175480769230769 0.41225961538461536 0.02403846153846154 0.019230769230769232
0 0.8185096153846154 0.4254807692307692 0.019230769230769232 0.02403846153846154
0 0.09254807692307693 0.3737980769230769 0.021634615384615384 0.028846153846153848
3 0.3088942307692308 0.38100961538461536 0.014423076923076924 0.04567307692307692
3 0.9230769230769231 0.484375 0.08653846153846154 0.16826923076923078
2 0.6706730769230769 0.3293269230769231 0.038461538461538464 0.05048076923076923
2 0.3088942307692308 0.328125 0.014423076923076924 0.04326923076923077
2 0.9230769230769231 0.3088942307692308 0.07451923076923077 0.14182692307692307
1 0.09134615384615384 0.42788461538461536 0.09615384615384616 0.07211538461538461
0 0.8473557692307693 0.4326923076923077 0.021634615384615384 0.03125
3 0.8016826923076923 0.4411057692307692 0.04807692307692308 0.016826923076923076