3 0.4338942307692308 0.7091346153846154 0.10576923076923077 0.03365384615384615
3 0.3762019230769231 0.578125 0.03365384615384615 0.03125
3 0.3918269230769231 0.28125 0.038461538461538464 0.028846153846153848
2 0.3317307692307692 0.5769230769230769 0.038461538461538464 0.03125
0 0.41225961538461536 0.23197115384615385 0.028846153846153848 0.026442307692307692
0 0.4254807692307692 0.14423076923076922 0.02403846153846154 0.014423076923076924
3 0.4375 0.6334134615384616 0.016826923076923076 0.04567307692307692
0 0.3762019230769231 0.5372596153846154 0.014423076923076924 0.01201923076923077
0 0.37259615384615385 0.46875 0.016826923076923076 0.01201923076923077
0 0.38822115384615385 0.3473557692307692 0.019230769230769232 0.014423076923076924
0 0.39783653846153844 0.3161057692307692 0.02403846153846154 0.019230769230769232
0 0.43509615384615385 0.07572115384615384 0.016826923076923076 0.014423076923076924
2 0.33052884615384615 0.7127403846153846 0.08653846153846154 0.028846153846153848
6 0.28125 0.4050480769230769 0.03365384615384615 0.021634615384615384
4 0.3473557692307692 0.27884615384615385 0.038461538461538464 0.028846153846153848
0 0.4110576923076923 0.6262019230769231 0.03125 0.036057692307692304