0 0.47475961538461536 0.8786057692307693 0.0625 0.040865384615384616
0 0.4266826923076923 0.7668269230769231 0.04326923076923077 0.028846153846153848
5 0.31971153846153844 0.9759615384615384 0.09615384615384616 0.040865384615384616
3 0.44471153846153844 0.96875 0.11538461538461539 0.052884615384615384
0 0.46875 0.09375 0.04567307692307692 0.03125
0 0.42908653846153844 0.20793269230769232 0.038461538461538464 0.03125
0 0.41586538461538464 0.18269230769230768 0.03125 0.021634615384615384
0 0.3894230769230769 0.5709134615384616 0.02403846153846154 0.02403846153846154
3 0.3581730769230769 0.5168269230769231 0.038461538461538464 0.014423076923076924
3 0.3401442307692308 0.46153846153846156 0.019230769230769232 0.014423076923076924
6 0.28846153846153844 0.36899038461538464 0.019230769230769232 0.01201923076923077