3 0.6213942307692307 0.6995192307692307 0.04326923076923077 0.03125
3 0.6322115384615384 0.42908653846153844 0.038461538461538464 0.026442307692307692
3 0.5925480769230769 0.21153846153846154 0.09134615384615384 0.05048076923076923
4 0.6802884615384616 0.42788461538461536 0.038461538461538464 0.026442307692307692
2 0.6754807692307693 0.6995192307692307 0.04326923076923077 0.03365384615384615
1 0.5973557692307693 0.31009615384615385 0.10096153846153846 0.13221153846153846
3 0.5444711538461539 0.9158653846153846 0.1201923076923077 0.0673076923076923
2 0.6754807692307693 0.9254807692307693 0.10096153846153846 0.04807692307692308
0 0.6670673076923077 0.2956730769230769 0.03365384615384615 0.026442307692307692
0 0.6153846153846154 0.6033653846153846 0.02403846153846154 0.014423076923076924
0 0.5901442307692307 0.8353365384615384 0.028846153846153848 0.019230769230769232
0 0.5204326923076923 0.01201923076923077 0.04567307692307692 0.014423076923076924
0 0.5901442307692307 0.11899038461538461 0.019230769230769232 0.014423076923076924
6 0.7487980769230769 0.5661057692307693 0.04326923076923077 0.028846153846153848
3 0.43509615384615385 0.05048076923076923 0.05048076923076923 0.10096153846153846
0 0.5036057692307693 0.05889423076923077 0.06009615384615385 0.038461538461538464
4 0.6887019230769231 0.19230769230769232 0.08173076923076923 0.052884615384615384