3 0.6742788461538461 0.953125 0.09615384615384616 0.07932692307692307
0 0.5192307692307693 0.921875 0.07451923076923077 0.05048076923076923
1 0.4098557692307692 0.30649038461538464 0.14903846153846154 0.18269230769230768
3 0.421875 0.1346153846153846 0.07692307692307693 0.04326923076923077
6 0.26802884615384615 0.46153846153846156 0.019230769230769232 0.014423076923076924
2 0.31971153846153844 0.6310096153846154 0.038461538461538464 0.026442307692307692
3 0.36538461538461536 0.6310096153846154 0.03125 0.026442307692307692
0 0.3894230769230769 0.6959134615384616 0.019230769230769232 0.014423076923076924
0 0.375 0.5961538461538461 0.019230769230769232 0.014423076923076924
6 0.31490384615384615 0.5012019230769231 0.016826923076923076 0.014423076923076924
0 0.41466346153846156 0.9026442307692307 0.019230769230769232 0.009615384615384616
0 0.38341346153846156 0.6670673076923077 0.019230769230769232 0.01201923076923077
4 0.33052884615384615 0.12860576923076922 0.07692307692307693 0.036057692307692304