0 0.65625 0.06610576923076923 0.16826923076923078 0.10336538461538461
0 0.4651442307692308 0.3317307692307692 0.0673076923076923 0.052884615384615384
0 0.4807692307692308 0.1875 0.0673076923076923 0.05048076923076923
0 0.4483173076923077 0.10817307692307693 0.038461538461538464 0.026442307692307692
0 0.38100961538461536 0.6322115384615384 0.019230769230769232 0.014423076923076924
0 0.3786057692307692 0.6033653846153846 0.019230769230769232 0.019230769230769232
0 0.38461538461538464 0.6935096153846154 0.02403846153846154 0.016826923076923076
3 0.39302884615384615 0.4411057692307692 0.09375 0.036057692307692304
3 0.390625 0.8449519230769231 0.04326923076923077 0.02403846153846154
2 0.3473557692307692 0.8449519230769231 0.038461538461538464 0.028846153846153848
6 0.2704326923076923 0.7067307692307693 0.02403846153846154 0.016826923076923076
0 0.43149038461538464 0.24158653846153846 0.04567307692307692 0.03365384615384615
4 0.29447115384615385 0.43509615384615385 0.08653846153846154 0.028846153846153848
0 0.4375 0.08413461538461539 0.03365384615384615 0.019230769230769232
3 0.43028846153846156 0.9771634615384616 0.07692307692307693 0.03365384615384615
2 0.3473557692307692 0.9819711538461539 0.07211538461538461 0.026442307692307692
0 0.38100961538461536 0.2764423076923077 0.019230769230769232 0.014423076923076924
0 0.390625 0.17668269230769232 0.019230769230769232 0.014423076923076924
3 0.3858173076923077 0.8197115384615384 0.04326923076923077 0.01201923076923077