0 0.3161057692307692 0.5889423076923077 0.02403846153846154 0.019230769230769232
0 0.3389423076923077 0.7055288461538461 0.028846153846153848 0.02403846153846154
0 0.36658653846153844 0.8581730769230769 0.038461538461538464 0.026442307692307692
0 0.3870192307692308 0.9290865384615384 0.038461538461538464 0.02403846153846154
3 0.4567307692307692 0.2848557692307692 0.038461538461538464 0.12980769230769232
5 0.2824519230769231 0.19951923076923078 0.02403846153846154 0.014423076923076924
3 0.3088942307692308 0.19951923076923078 0.02403846153846154 0.014423076923076924
0 0.3088942307692308 0.4074519230769231 0.019230769230769232 0.014423076923076924
0 0.3269230769230769 0.7295673076923077 0.02403846153846154 0.019230769230769232
0 0.3293269230769231 0.7692307692307693 0.02403846153846154 0.019230769230769232
0 0.359375 0.13221153846153846 0.02403846153846154 0.014423076923076924