2 0.2860576923076923 0.4074519230769231 0.09615384615384616 0.036057692307692304
2 0.30408653846153844 0.5444711538461539 0.038461538461538464 0.028846153846153848
3 0.3870192307692308 0.8461538461538461 0.04326923076923077 0.02403846153846154
3 0.35216346153846156 0.5444711538461539 0.038461538461538464 0.03365384615384615
0 0.39302884615384615 0.8052884615384616 0.028846153846153848 0.019230769230769232
4 0.3425480769230769 0.8497596153846154 0.038461538461538464 0.026442307692307692
3 0.4098557692307692 0.40625 0.1201923076923077 0.03365384615384615
0 0.38461538461538464 0.49278846153846156 0.03365384615384615 0.038461538461538464
0 0.41346153846153844 0.8918269230769231 0.02403846153846154 0.02403846153846154
0 0.4362980769230769 0.9783653846153846 0.019230769230769232 0.014423076923076924
0 0.3786057692307692 0.7716346153846154 0.019230769230769232 0.014423076923076924
0 0.3581730769230769 0.6454326923076923 0.016826923076923076 0.014423076923076924
0 0.35697115384615385 0.5829326923076923 0.019230769230769232 0.01201923076923077
6 0.2536057692307692 0.7355769230769231 0.05048076923076923 0.02403846153846154