4 0.7548076923076923 0.28846153846153844 0.04807692307692308 0.038461538461538464
4 0.75 0.7752403846153846 0.057692307692307696 0.021634615384615384
2 0.75 0.8137019230769231 0.052884615384615384 0.04326923076923077
2 0.7584134615384616 0.32572115384615385 0.04567307692307692 0.02403846153846154
3 0.6742788461538461 0.8112980769230769 0.0673076923076923 0.04326923076923077
0 0.6742788461538461 0.4026442307692308 0.03125 0.028846153846153848
3 0.6971153846153846 0.32572115384615385 0.057692307692307696 0.026442307692307692
3 0.6875 0.2860576923076923 0.04567307692307692 0.03125
6 0.9098557692307693 0.4807692307692308 0.07451923076923077 0.05048076923076923
3 0.6778846153846154 0.7728365384615384 0.0673076923076923 0.016826923076923076
0 0.6598557692307693 0.6814903846153846 0.038461538461538464 0.03125
0 0.65625 0.12379807692307693 0.019230769230769232 0.014423076923076924
0 0.6706730769230769 0.18028846153846154 0.019230769230769232 0.014423076923076924
3 0.6334134615384616 0.49158653846153844 0.019230769230769232 0.0625