0 0.9495192307692307 0.5108173076923077 0.036057692307692304 0.05048076923076923
0 0.25961538461538464 0.5709134615384616 0.02403846153846154 0.03365384615384615
0 0.18269230769230768 0.5552884615384616 0.021634615384615384 0.028846153846153848
0 0.03485576923076923 0.5180288461538461 0.021634615384615384 0.03365384615384615
3 0.09975961538461539 0.5540865384615384 0.04326923076923077 0.07932692307692307
3 0.9350961538461539 0.32211538461538464 0.125 0.10576923076923077
3 0.7572115384615384 0.5889423076923077 0.0625 0.10336538461538461
2 0.7572115384615384 0.7007211538461539 0.0673076923076923 0.10096153846153846
0 0.9098557692307693 0.5252403846153846 0.02403846153846154 0.052884615384615384
0 0.21754807692307693 0.5889423076923077 0.014423076923076924 0.014423076923076924
4 0.09495192307692307 0.6430288461538461 0.038461538461538464 0.08173076923076923
1 0.5300480769230769 0.5 0.4182692307692308 0.3125
3 0.40024038461538464 0.6394230769230769 0.014423076923076924 0.019230769230769232
6 0.07932692307692307 0.9615384615384616 0.11538461538461539 0.07211538461538461
5 0.39903846153846156 0.6634615384615384 0.014423076923076924 0.019230769230769232
3 0.3713942307692308 0.6310096153846154 0.014423076923076924 0.028846153846153848
0 0.8918269230769231 0.5456730769230769 0.021634615384615384 0.04326923076923077