0 0.8161057692307693 0.5564903846153846 0.04807692307692308 0.052884615384615384
0 0.9206730769230769 0.5673076923076923 0.03125 0.04326923076923077
3 0.8689903846153846 0.5276442307692307 0.07211538461538461 0.03125
3 0.14423076923076922 0.6442307692307693 0.04807692307692308 0.10576923076923077
2 0.13822115384615385 0.7596153846153846 0.036057692307692304 0.09615384615384616
2 0.27884615384615385 0.7355769230769231 0.03365384615384615 0.04326923076923077
3 0.2800480769230769 0.6875 0.03365384615384615 0.038461538461538464
3 0.5733173076923077 0.6899038461538461 0.028846153846153848 0.03365384615384615
4 0.5721153846153846 0.7319711538461539 0.03125 0.038461538461538464
0 0.9651442307692307 0.7283653846153846 0.02403846153846154 0.028846153846153848
6 0.44591346153846156 0.8004807692307693 0.019230769230769232 0.03125