0 0.47596153846153844 0.8810096153846154 0.06009615384615385 0.038461538461538464
0 0.4254807692307692 0.7692307692307693 0.04326923076923077 0.03125
0 0.46875 0.09495192307692307 0.05048076923076923 0.03365384615384615
0 0.43028846153846156 0.20793269230769232 0.03365384615384615 0.028846153846153848
0 0.4182692307692308 0.18389423076923078 0.03125 0.019230769230769232
1 0.35216346153846156 0.31971153846153844 0.019230769230769232 0.028846153846153848
0 0.3870192307692308 0.5685096153846154 0.028846153846153848 0.02403846153846154
4 0.3317307692307692 0.2644230769230769 0.02403846153846154 0.019230769230769232
3 0.36538461538461536 0.2644230769230769 0.019230769230769232 0.014423076923076924
3 0.4411057692307692 0.9699519230769231 0.12259615384615384 0.055288461538461536
3 0.47836538461538464 0.15504807692307693 0.019230769230769232 0.07692307692307693
0 0.3389423076923077 0.09254807692307693 0.019230769230769232 0.014423076923076924
0 0.4014423076923077 0.12139423076923077 0.014423076923076924 0.014423076923076924
0 0.39302884615384615 0.15384615384615385 0.014423076923076924 0.009615384615384616
0 0.2920673076923077 0.6814903846153846 0.01201923076923077 0.009615384615384616
6 0.28966346153846156 0.36778846153846156 0.019230769230769232 0.01201923076923077
2 0.31490384615384615 0.46274038461538464 0.019230769230769232 0.014423076923076924
3 0.34375 0.46033653846153844 0.019230769230769232 0.016826923076923076