0 0.09975961538461539 0.6189903846153846 0.026442307692307692 0.038461538461538464
0 0.1502403846153846 0.6213942307692307 0.03365384615384615 0.04326923076923077
0 0.22355769230769232 0.6310096153846154 0.038461538461538464 0.03365384615384615
0 0.3449519230769231 0.6947115384615384 0.007211538461538462 0.019230769230769232
3 0.7860576923076923 0.6706730769230769 0.019230769230769232 0.04567307692307692
3 0.7019230769230769 0.6935096153846154 0.02403846153846154 0.03365384615384615
0 0.8798076923076923 0.6057692307692307 0.028846153846153848 0.038461538461538464
0 0.11899038461538461 0.6514423076923077 0.016826923076923076 0.02403846153846154
0 0.03485576923076923 0.6394230769230769 0.014423076923076924 0.019230769230769232
5 0.7896634615384616 0.7271634615384616 0.02403846153846154 0.052884615384615384
5 0.7043269230769231 0.7271634615384616 0.019230769230769232 0.028846153846153848
2 0.46274038461538464 0.7463942307692307 0.02403846153846154 0.03365384615384615
3 0.36899038461538464 0.6225961538461539 0.07692307692307693 0.019230769230769232
3 0.46153846153846156 0.7067307692307693 0.019230769230769232 0.02403846153846154
0 0.13581730769230768 0.6730769230769231 0.01201923076923077 0.016826923076923076
0 0.1935096153846154 0.7908653846153846 0.02403846153846154 0.028846153846153848