0 0.10096153846153846 0.5108173076923077 0.057692307692307696 0.07932692307692307
0 0.31850961538461536 0.42788461538461536 0.038461538461538464 0.04807692307692308
0 0.4026442307692308 0.40865384615384615 0.03365384615384615 0.04326923076923077
6 0.9519230769230769 0.3329326923076923 0.009615384615384616 0.01201923076923077
3 0.7980769230769231 0.3786057692307692 0.014423076923076924 0.038461538461538464
3 0.8605769230769231 0.38341346153846156 0.019230769230769232 0.02403846153846154
2 0.7980769230769231 0.3317307692307692 0.014423076923076924 0.038461538461538464
0 0.26322115384615385 0.42908653846153844 0.036057692307692304 0.04567307692307692
2 0.8605769230769231 0.35336538461538464 0.014423076923076924 0.02403846153846154
0 0.6262019230769231 0.3942307692307692 0.02403846153846154 0.028846153846153848
3 0.6454326923076923 0.4170673076923077 0.052884615384615384 0.016826923076923076
0 0.7560096153846154 0.3858173076923077 0.014423076923076924 0.019230769230769232