0 0.7896634615384616 0.6370192307692307 0.08173076923076923 0.09615384615384616
3 0.5817307692307693 0.7019230769230769 0.02403846153846154 0.028846153846153848
3 0.4026442307692308 0.6935096153846154 0.019230769230769232 0.019230769230769232
3 0.3161057692307692 0.6766826923076923 0.014423076923076924 0.038461538461538464
0 0.2247596153846154 0.6298076923076923 0.019230769230769232 0.028846153846153848
0 0.039663461538461536 0.7788461538461539 0.036057692307692304 0.04326923076923077
0 0.13701923076923078 0.6237980769230769 0.019230769230769232 0.028846153846153848
0 0.6802884615384616 0.6526442307692307 0.028846153846153848 0.038461538461538464
3 0.8245192307692307 0.5336538461538461 0.12980769230769232 0.038461538461538464
4 0.40024038461538464 0.7259615384615384 0.021634615384615384 0.028846153846153848
2 0.5817307692307693 0.7355769230769231 0.02403846153846154 0.02403846153846154
6 0.4963942307692308 0.7620192307692307 0.014423076923076924 0.019230769230769232