3 0.6141826923076923 0.35697115384615385 0.02403846153846154 0.03125
2 0.38221153846153844 0.3161057692307692 0.028846153846153848 0.038461538461538464
0 0.20192307692307693 0.46875 0.052884615384615384 0.0673076923076923
0 0.8990384615384616 0.45552884615384615 0.03125 0.038461538461538464
0 0.8509615384615384 0.34975961538461536 0.02403846153846154 0.028846153846153848
6 0.49759615384615385 0.265625 0.019230769230769232 0.04326923076923077
4 0.6141826923076923 0.3173076923076923 0.02403846153846154 0.03125
3 0.7716346153846154 0.38341346153846156 0.03125 0.0673076923076923
3 0.38341346153846156 0.3581730769230769 0.028846153846153848 0.038461538461538464
0 0.46274038461538464 0.36899038461538464 0.014423076923076924 0.016826923076923076
0 0.9651442307692307 0.4495192307692308 0.019230769230769232 0.03125
1 0.84375 0.39783653846153844 0.09615384615384616 0.0673076923076923
4 0.78125 0.31490384615384615 0.028846153846153848 0.0625
3 0.25721153846153844 0.39783653846153844 0.03365384615384615 0.08173076923076923
0 0.12139423076923077 0.4050480769230769 0.014423076923076924 0.019230769230769232
3 0.8882211538461539 0.4963942307692308 0.0889423076923077 0.028846153846153848
2 0.2512019230769231 0.3076923076923077 0.028846153846153848 0.08173076923076923