0 0.1935096153846154 0.5889423076923077 0.028846153846153848 0.03365384615384615
0 0.1310096153846154 0.5733173076923077 0.028846153846153848 0.03365384615384615
0 0.6802884615384616 0.6730769230769231 0.019230769230769232 0.019230769230769232
3 0.7175480769230769 0.6442307692307693 0.01201923076923077 0.04567307692307692
5 0.7199519230769231 0.6959134615384616 0.014423076923076924 0.04567307692307692
5 0.6670673076923077 0.6911057692307693 0.021634615384615384 0.028846153846153848
3 0.43028846153846156 0.6622596153846154 0.02403846153846154 0.028846153846153848
3 0.3713942307692308 0.6526442307692307 0.014423076923076924 0.04567307692307692
2 0.3701923076923077 0.703125 0.014423076923076924 0.04326923076923077
2 0.43149038461538464 0.6947115384615384 0.019230769230769232 0.028846153846153848
3 0.3088942307692308 0.5805288461538461 0.06971153846153846 0.019230769230769232
1 0.6622596153846154 0.640625 0.08653846153846154 0.04326923076923077
0 0.9783653846153846 0.47596153846153844 0.038461538461538464 0.08173076923076923
0 0.9387019230769231 0.5745192307692307 0.019230769230769232 0.028846153846153848
0 0.09254807692307693 0.5709134615384616 0.02403846153846154 0.03365384615384615
0 0.31971153846153844 0.640625 0.014423076923076924 0.019230769230769232
0 0.33413461538461536 0.640625 0.014423076923076924 0.019230769230769232
0 0.39903846153846156 0.6442307692307693 0.014423076923076924 0.016826923076923076