0 0.8365384615384616 0.4987980769230769 0.04567307692307692 0.06490384615384616
0 0.7848557692307693 0.4795673076923077 0.04326923076923077 0.06009615384615385
0 0.5901442307692307 0.38822115384615385 0.016826923076923076 0.019230769230769232
0 0.5384615384615384 0.3798076923076923 0.01201923076923077 0.014423076923076924
2 0.6802884615384616 0.3112980769230769 0.055288461538461536 0.08173076923076923
0 0.9879807692307693 0.5576923076923077 0.019230769230769232 0.06490384615384616
0 0.0673076923076923 0.4723557692307692 0.028846153846153848 0.038461538461538464
0 0.2127403846153846 0.43149038461538464 0.019230769230769232 0.03365384615384615
0 0.22716346153846154 0.4182692307692308 0.019230769230769232 0.026442307692307692
0 0.2800480769230769 0.4050480769230769 0.014423076923076924 0.019230769230769232
0 0.2980769230769231 0.39783653846153844 0.014423076923076924 0.019230769230769232
4 0.11899038461538461 0.3557692307692308 0.04326923076923077 0.07211538461538461
3 0.6802884615384616 0.39783653846153844 0.055288461538461536 0.07932692307692307
3 0.12139423076923077 0.4338942307692308 0.04807692307692308 0.07692307692307693
6 0.2920673076923077 0.09014423076923077 0.07211538461538461 0.12980769230769232
3 0.9158653846153846 0.5973557692307693 0.14423076923076922 0.06490384615384616