0 0.5504807692307693 0.8233173076923077 0.09375 0.07692307692307693
0 0.4519230769230769 0.7680288461538461 0.05048076923076923 0.038461538461538464
0 0.4206730769230769 0.7379807692307693 0.03365384615384615 0.02403846153846154
0 0.4423076923076923 0.6502403846153846 0.057692307692307696 0.04567307692307692
0 0.4326923076923077 0.8629807692307693 0.03365384615384615 0.02403846153846154
0 0.4266826923076923 0.8918269230769231 0.028846153846153848 0.021634615384615384
4 0.31009615384615385 0.5697115384615384 0.057692307692307696 0.019230769230769232
3 0.41947115384615385 0.10096153846153846 0.06009615384615385 0.02403846153846154
0 0.38221153846153844 0.7247596153846154 0.019230769230769232 0.014423076923076924
0 0.3798076923076923 0.4254807692307692 0.019230769230769232 0.014423076923076924
0 0.38461538461538464 0.39783653846153844 0.019230769230769232 0.014423076923076924
0 0.38341346153846156 0.3425480769230769 0.016826923076923076 0.014423076923076924
2 0.34975961538461536 0.19951923076923078 0.03365384615384615 0.021634615384615384
6 0.28725961538461536 0.33653846153846156 0.019230769230769232 0.014423076923076924
3 0.3858173076923077 0.5673076923076923 0.07211538461538461 0.02403846153846154
2 0.3473557692307692 0.09495192307692307 0.052884615384615384 0.02403846153846154
3 0.3894230769230769 0.20192307692307693 0.03365384615384615 0.02403846153846154