0 0.009615384615384616 0.4326923076923077 0.014423076923076924 0.04326923076923077
0 0.30528846153846156 0.3641826923076923 0.02403846153846154 0.038461538461538464
0 0.38461538461538464 0.36177884615384615 0.02403846153846154 0.038461538461538464
0 0.9290865384615384 0.5084134615384616 0.052884615384615384 0.07451923076923077
0 0.9663461538461539 0.20673076923076922 0.038461538461538464 0.04807692307692308
2 0.4723557692307692 0.2548076923076923 0.03125 0.052884615384615384
2 0.6502403846153846 0.2776442307692308 0.02403846153846154 0.028846153846153848
5 0.9050480769230769 0.32211538461538464 0.026442307692307692 0.038461538461538464
0 0.6802884615384616 0.3425480769230769 0.014423076923076924 0.019230769230769232
0 0.7199519230769231 0.3425480769230769 0.014423076923076924 0.019230769230769232
3 0.46875 0.32091346153846156 0.03125 0.05048076923076923
3 0.6502403846153846 0.3173076923076923 0.02403846153846154 0.03365384615384615
3 0.9050480769230769 0.36778846153846156 0.028846153846153848 0.038461538461538464