0 0.4795673076923077 0.6021634615384616 0.03125 0.03365384615384615
0 0.5264423076923077 0.6057692307692307 0.028846153846153848 0.03365384615384615
0 0.41586538461538464 0.6033653846153846 0.028846153846153848 0.03365384615384615
0 0.6442307692307693 0.5877403846153846 0.03365384615384615 0.03365384615384615
0 0.44591346153846156 0.7331730769230769 0.019230769230769232 0.02403846153846154
0 0.3173076923076923 0.6334134615384616 0.021634615384615384 0.019230769230769232
3 0.20673076923076922 0.6370192307692307 0.019230769230769232 0.03125
3 0.2920673076923077 0.5733173076923077 0.0673076923076923 0.019230769230769232
0 0.7127403846153846 0.5949519230769231 0.02403846153846154 0.03125
2 0.20673076923076922 0.6694711538461539 0.02403846153846154 0.03125
1 0.026442307692307692 0.5973557692307693 0.052884615384615384 0.07932692307692307