0 0.8173076923076923 0.31009615384615385 0.11538461538461539 0.125
0 0.03245192307692308 0.5228365384615384 0.0625 0.11298076923076923
0 0.38822115384615385 0.3762019230769231 0.04567307692307692 0.057692307692307696
1 0.7764423076923077 0.5036057692307693 0.38461538461538464 0.34615384615384615
0 0.44711538461538464 0.3245192307692308 0.026442307692307692 0.028846153846153848
0 0.24879807692307693 0.3473557692307692 0.028846153846153848 0.03365384615384615
4 0.49278846153846156 0.25961538461538464 0.02403846153846154 0.03125
4 0.4026442307692308 0.24519230769230768 0.014423076923076924 0.04326923076923077
3 0.4951923076923077 0.2920673076923077 0.02403846153846154 0.028846153846153848
3 0.40384615384615385 0.2980769230769231 0.016826923076923076 0.04567307692307692
6 0.6009615384615384 0.21153846153846154 0.021634615384615384 0.028846153846153848