0 0.4963942307692308 0.9326923076923077 0.05048076923076923 0.040865384615384616
3 0.4098557692307692 0.8617788461538461 0.07932692307692307 0.036057692307692304
2 0.30408653846153844 0.2860576923076923 0.07451923076923077 0.03365384615384615
3 0.39663461538461536 0.2848557692307692 0.09134615384615384 0.028846153846153848
5 0.3269230769230769 0.8641826923076923 0.07211538461538461 0.036057692307692304
0 0.4579326923076923 0.019230769230769232 0.03365384615384615 0.019230769230769232
0 0.4098557692307692 0.16826923076923078 0.02403846153846154 0.016826923076923076
0 0.39783653846153844 0.734375 0.02403846153846154 0.019230769230769232
0 0.38461538461538464 0.3786057692307692 0.019230769230769232 0.014423076923076924
0 0.3798076923076923 0.35336538461538464 0.019230769230769232 0.014423076923076924
0 0.4014423076923077 0.7908653846153846 0.019230769230769232 0.014423076923076924
3 0.359375 0.43028846153846156 0.038461538461538464 0.028846153846153848
3 0.3713942307692308 0.734375 0.038461538461538464 0.02403846153846154
5 0.3317307692307692 0.7367788461538461 0.03365384615384615 0.026442307692307692
2 0.3161057692307692 0.43028846153846156 0.03365384615384615 0.028846153846153848
0 0.4723557692307692 0.9471153846153846 0.03365384615384615 0.02403846153846154
0 0.4230769230769231 0.03485576923076923 0.019230769230769232 0.014423076923076924
0 0.32211538461538464 0.13822115384615385 0.019230769230769232 0.014423076923076924