1 0.2848557692307692 0.8942307692307693 0.5240384615384616 0.2091346153846154
0 0.4879807692307692 0.8112980769230769 0.09375 0.06971153846153846
3 0.6478365384615384 0.20432692307692307 0.10096153846153846 0.0625
2 0.7524038461538461 0.20192307692307693 0.09134615384615384 0.0625
3 0.6442307692307693 0.8161057692307693 0.0673076923076923 0.038461538461538464
4 0.7199519230769231 0.8197115384615384 0.06009615384615385 0.038461538461538464
6 0.9423076923076923 0.8317307692307693 0.09375 0.0673076923076923
3 0.6574519230769231 0.2536057692307692 0.10576923076923077 0.02403846153846154
4 0.765625 0.25240384615384615 0.09134615384615384 0.02403846153846154
0 0.6490384615384616 0.7007211538461539 0.03125 0.019230769230769232
0 0.6838942307692307 0.5252403846153846 0.019230769230769232 0.016826923076923076
0 0.6875 0.44350961538461536 0.019230769230769232 0.01201923076923077