0 0.42908653846153844 0.7560096153846154 0.07211538461538461 0.0625
1 0.4338942307692308 0.13942307692307693 0.2668269230769231 0.25
0 0.3545673076923077 0.5144230769230769 0.038461538461538464 0.028846153846153848
4 0.2283653846153846 0.5961538461538461 0.09375 0.0673076923076923
3 0.33774038461538464 0.5961538461538461 0.09615384615384616 0.07932692307692307
0 0.32091346153846156 0.6971153846153846 0.016826923076923076 0.01201923076923077
0 0.3245192307692308 0.7403846153846154 0.019230769230769232 0.01201923076923077
0 0.32572115384615385 0.7596153846153846 0.019230769230769232 0.014423076923076924
3 0.39903846153846156 0.4254807692307692 0.03125 0.09134615384615384
0 0.32091346153846156 0.7115384615384616 0.016826923076923076 0.01201923076923077
0 0.328125 0.7752403846153846 0.019230769230769232 0.014423076923076924