0 0.1346153846153846 0.36899038461538464 0.10096153846153846 0.14182692307692307
0 0.8918269230769231 0.5985576923076923 0.03365384615384615 0.04326923076923077
0 0.1346153846153846 0.5985576923076923 0.03365384615384615 0.03365384615384615
0 0.9675480769230769 0.5805288461538461 0.028846153846153848 0.04326923076923077
3 0.3425480769230769 0.6983173076923077 0.014423076923076924 0.03365384615384615
3 0.6057692307692307 0.7067307692307693 0.02403846153846154 0.028846153846153848
0 0.23798076923076922 0.6189903846153846 0.03365384615384615 0.04567307692307692
0 0.09975961538461539 0.5901442307692307 0.016826923076923076 0.038461538461538464
0 0.9050480769230769 0.7752403846153846 0.02403846153846154 0.028846153846153848
0 0.6454326923076923 0.6838942307692307 0.01201923076923077 0.019230769230769232
0 0.96875 0.6225961538461539 0.01201923076923077 0.016826923076923076
3 0.24278846153846154 0.6682692307692307 0.02403846153846154 0.052884615384615384
5 0.24158653846153846 0.7331730769230769 0.02403846153846154 0.052884615384615384
5 0.3401442307692308 0.734375 0.021634615384615384 0.028846153846153848
2 0.6033653846153846 0.7403846153846154 0.02403846153846154 0.03125
3 0.7367788461538461 0.5901442307692307 0.09615384615384616 0.03365384615384615