0 0.4050480769230769 0.05889423076923077 0.12740384615384615 0.07932692307692307
0 0.6033653846153846 0.24158653846153846 0.038461538461538464 0.036057692307692304
0 0.625 0.20673076923076922 0.028846153846153848 0.028846153846153848
3 0.6622596153846154 0.21995192307692307 0.028846153846153848 0.021634615384615384
3 0.6201923076923077 0.10336538461538461 0.0673076923076923 0.028846153846153848
0 0.5973557692307693 0.7319711538461539 0.052884615384615384 0.028846153846153848
0 0.6430288461538461 0.65625 0.028846153846153848 0.028846153846153848
0 0.6730769230769231 0.6394230769230769 0.016826923076923076 0.01201923076923077
0 0.6634615384615384 0.4807692307692308 0.028846153846153848 0.019230769230769232
0 0.5877403846153846 0.030048076923076924 0.019230769230769232 0.01201923076923077
0 0.6598557692307693 0.2776442307692308 0.01201923076923077 0.01201923076923077
3 0.6971153846153846 0.5120192307692307 0.03365384615384615 0.026442307692307692
2 0.7367788461538461 0.5096153846153846 0.03125 0.028846153846153848
4 0.6911057692307693 0.09975961538461539 0.052884615384615384 0.026442307692307692
0 0.6550480769230769 0.2956730769230769 0.019230769230769232 0.01201923076923077
3 0.6682692307692307 0.24519230769230768 0.028846153846153848 0.01201923076923077
3 0.6778846153846154 0.5588942307692307 0.0673076923076923 0.014423076923076924
4 0.7055288461538461 0.21995192307692307 0.03365384615384615 0.02403846153846154