0 0.4206730769230769 0.5012019230769231 0.10576923076923077 0.12740384615384615
0 0.22716346153846154 0.3629807692307692 0.03365384615384615 0.038461538461538464
3 0.9387019230769231 0.4567307692307692 0.07692307692307693 0.038461538461538464
0 0.44591346153846156 0.31971153846153844 0.02403846153846154 0.03125
0 0.5072115384615384 0.3161057692307692 0.02403846153846154 0.028846153846153848
0 0.5841346153846154 0.30288461538461536 0.014423076923076924 0.019230769230769232
0 0.6177884615384616 0.30649038461538464 0.014423076923076924 0.016826923076923076
0 0.6430288461538461 0.32091346153846156 0.016826923076923076 0.02403846153846154
3 0.26322115384615385 0.38100961538461536 0.07211538461538461 0.02403846153846154
0 0.7427884615384616 0.32091346153846156 0.014423076923076924 0.016826923076923076
0 0.8137019230769231 0.3473557692307692 0.019230769230769232 0.02403846153846154
0 0.8413461538461539 0.34975961538461536 0.019230769230769232 0.028846153846153848
0 0.9050480769230769 0.3425480769230769 0.014423076923076924 0.014423076923076924