0 0.265625 0.7668269230769231 0.21153846153846154 0.15625
0 0.47475961538461536 0.09254807692307693 0.07211538461538461 0.04326923076923077
0 0.4567307692307692 0.04927884615384615 0.08173076923076923 0.052884615384615384
0 0.5216346153846154 0.796875 0.06009615384615385 0.040865384615384616
0 0.5853365384615384 0.5096153846153846 0.03365384615384615 0.026442307692307692
0 0.6045673076923077 0.6033653846153846 0.019230769230769232 0.014423076923076924
0 0.6105769230769231 0.5817307692307693 0.019230769230769232 0.014423076923076924
0 0.5877403846153846 0.7884615384615384 0.016826923076923076 0.014423076923076924
0 0.5600961538461539 0.25600961538461536 0.038461538461538464 0.03125
0 0.5168269230769231 0.9699519230769231 0.04326923076923077 0.028846153846153848
0 0.5901442307692307 0.5384615384615384 0.028846153846153848 0.02403846153846154
0 0.7127403846153846 0.4675480769230769 0.019230769230769232 0.019230769230769232
0 0.5661057692307693 0.7704326923076923 0.038461538461538464 0.02403846153846154