0 0.4170673076923077 0.6658653846153846 0.04567307692307692 0.038461538461538464
0 0.390625 0.6105769230769231 0.03125 0.019230769230769232
0 0.25600961538461536 0.8161057692307693 0.02403846153846154 0.026442307692307692
0 0.4338942307692308 0.125 0.03365384615384615 0.021634615384615384
0 0.3954326923076923 0.20673076923076922 0.019230769230769232 0.016826923076923076
0 0.5384615384615384 0.014423076923076924 0.07211538461538461 0.028846153846153848
1 0.4170673076923077 0.4182692307692308 0.17067307692307693 0.23076923076923078
3 0.3786057692307692 0.5588942307692307 0.10817307692307693 0.07211538461538461
2 0.26802884615384615 0.5576923076923077 0.10576923076923077 0.07692307692307693
0 0.42427884615384615 0.9074519230769231 0.028846153846153848 0.019230769230769232
0 0.38341346153846156 0.9735576923076923 0.04326923076923077 0.02403846153846154
1 0.4375 0.9591346153846154 0.10817307692307693 0.07451923076923077