0 0.5721153846153846 0.7355769230769231 0.16826923076923078 0.2620192307692308
0 0.78125 0.7223557692307693 0.15865384615384615 0.21153846153846154
0 0.8245192307692307 0.4807692307692308 0.04807692307692308 0.07211538461538461
0 0.40024038461538464 0.421875 0.040865384615384616 0.04807692307692308
3 0.5012019230769231 0.35336538461538464 0.040865384615384616 0.06009615384615385
3 0.7259615384615384 0.47836538461538464 0.07932692307692307 0.03365384615384615
1 0.09254807692307693 0.4338942307692308 0.1778846153846154 0.14423076923076922
0 0.6634615384615384 0.46634615384615385 0.055288461538461536 0.07211538461538461
0 0.6394230769230769 0.40024038461538464 0.028846153846153848 0.03365384615384615
0 0.5096153846153846 0.24278846153846154 0.028846153846153848 0.028846153846153848
0 0.36658653846153844 0.38221153846153844 0.02403846153846154 0.02403846153846154
6 0.33774038461538464 0.1502403846153846 0.052884615384615384 0.07932692307692307
2 0.046875 0.3401442307692308 0.040865384615384616 0.07211538461538461
4 0.5012019230769231 0.29086538461538464 0.038461538461538464 0.057692307692307696
0 0.3125 0.3762019230769231 0.014423076923076924 0.019230769230769232