0 0.42908653846153844 0.2439903846153846 0.07211538461538461 0.0625
1 0.4338942307692308 0.8605769230769231 0.2668269230769231 0.25
0 0.3545673076923077 0.4855769230769231 0.038461538461538464 0.028846153846153848
4 0.2283653846153846 0.40384615384615385 0.09375 0.0673076923076923
3 0.33774038461538464 0.40384615384615385 0.09615384615384616 0.07932692307692307
0 0.32091346153846156 0.30288461538461536 0.016826923076923076 0.01201923076923077
0 0.3245192307692308 0.25961538461538464 0.019230769230769232 0.01201923076923077
0 0.32572115384615385 0.2403846153846154 0.019230769230769232 0.014423076923076924
3 0.39903846153846156 0.5745192307692307 0.03125 0.09134615384615384
0 0.32091346153846156 0.28846153846153844 0.016826923076923076 0.01201923076923077
0 0.328125 0.2247596153846154 0.019230769230769232 0.014423076923076924