0 0.12740384615384615 0.6177884615384616 0.22115384615384615 0.23798076923076922
0 0.140625 0.8533653846153846 0.2644230769230769 0.18269230769230768
0 0.3125 0.8040865384615384 0.16826923076923078 0.12980769230769232
0 0.5973557692307693 0.7043269230769231 0.038461538461538464 0.03125
0 0.5925480769230769 0.5552884615384616 0.04326923076923077 0.038461538461538464
3 0.6346153846153846 0.5 0.08173076923076923 0.057692307692307696
2 0.7247596153846154 0.4987980769230769 0.07451923076923077 0.057692307692307696
0 0.5072115384615384 0.10216346153846154 0.06490384615384616 0.04807692307692308
0 0.6057692307692307 0.33774038461538464 0.038461538461538464 0.02403846153846154
0 0.6021634615384616 0.1935096153846154 0.02403846153846154 0.019230769230769232
0 0.5961538461538461 0.1466346153846154 0.02403846153846154 0.01201923076923077
6 0.9615384615384616 0.6935096153846154 0.07211538461538461 0.07451923076923077
0 0.5961538461538461 0.10216346153846154 0.019230769230769232 0.014423076923076924
0 0.5877403846153846 0.0733173076923077 0.019230769230769232 0.014423076923076924
0 0.5709134615384616 0.052884615384615384 0.019230769230769232 0.014423076923076924