0 0.18629807692307693 0.36778846153846156 0.03125 0.03365384615384615
0 0.7283653846153846 0.4795673076923077 0.06971153846153846 0.08653846153846154
0 0.1201923076923077 0.38221153846153844 0.028846153846153848 0.04326923076923077
0 0.15985576923076922 0.22235576923076922 0.019230769230769232 0.019230769230769232
3 0.41346153846153844 0.296875 0.021634615384615384 0.02403846153846154
2 0.41466346153846156 0.2608173076923077 0.019230769230769232 0.02403846153846154
3 0.6514423076923077 0.30288461538461536 0.019230769230769232 0.028846153846153848
5 0.6526442307692307 0.2704326923076923 0.019230769230769232 0.02403846153846154
0 0.7199519230769231 0.3629807692307692 0.02403846153846154 0.03365384615384615
0 0.8137019230769231 0.3798076923076923 0.028846153846153848 0.03365384615384615
0 0.0733173076923077 0.3870192307692308 0.03125 0.04326923076923077
0 0.08774038461538461 0.3581730769230769 0.019230769230769232 0.02403846153846154
0 0.2956730769230769 0.31490384615384615 0.014423076923076924 0.019230769230769232
3 0.32211538461538464 0.38100961538461536 0.07451923076923077 0.019230769230769232
5 0.7283653846153846 0.27163461538461536 0.019230769230769232 0.04807692307692308
0 0.9519230769230769 0.4807692307692308 0.04326923076923077 0.0673076923076923