0 0.6838942307692307 0.9759615384615384 0.009615384615384616 0.014423076923076924
0 0.4855769230769231 0.027644230769230768 0.052884615384615384 0.040865384615384616
0 0.5805288461538461 0.3004807692307692 0.02403846153846154 0.019230769230769232
3 0.4963942307692308 0.23677884615384615 0.038461538461538464 0.10096153846153846
4 0.7199519230769231 0.3894230769230769 0.11538461538461539 0.07211538461538461
0 0.5733173076923077 0.8737980769230769 0.019230769230769232 0.009615384615384616
0 0.6009615384615384 0.7055288461538461 0.019230769230769232 0.014423076923076924
0 0.6057692307692307 0.6887019230769231 0.019230769230769232 0.01201923076923077
0 0.6057692307692307 0.6658653846153846 0.016826923076923076 0.014423076923076924
0 0.6057692307692307 0.6177884615384616 0.01201923076923077 0.009615384615384616
0 0.5625 0.07692307692307693 0.019230769230769232 0.009615384615384616
3 0.578125 0.38822115384615385 0.14423076923076922 0.0889423076923077