0 0.6033653846153846 0.6995192307692307 0.057692307692307696 0.04326923076923077
0 0.5709134615384616 0.8269230769230769 0.07451923076923077 0.055288461538461536
0 0.5961538461538461 0.09735576923076923 0.05048076923076923 0.03125
3 0.5360576923076923 0.7391826923076923 0.04807692307692308 0.1201923076923077
0 0.796875 0.12379807692307693 0.03125 0.028846153846153848
0 0.6802884615384616 0.2920673076923077 0.019230769230769232 0.01201923076923077
0 0.6778846153846154 0.2403846153846154 0.019230769230769232 0.014423076923076924
0 0.6911057692307693 0.5637019230769231 0.019230769230769232 0.014423076923076924
3 0.6862980769230769 0.6454326923076923 0.07211538461538461 0.014423076923076924
3 0.7103365384615384 0.5901442307692307 0.038461538461538464 0.028846153846153848
0 0.6213942307692307 0.020432692307692308 0.02403846153846154 0.019230769230769232