0 0.48197115384615385 0.37259615384615385 0.12980769230769232 0.08653846153846154
0 0.4987980769230769 0.25961538461538464 0.10576923076923077 0.06971153846153846
3 0.6802884615384616 0.5264423076923077 0.08653846153846154 0.05048076923076923
4 0.765625 0.5252403846153846 0.07211538461538461 0.04567307692307692
0 0.390625 0.5252403846153846 0.18509615384615385 0.14903846153846154
0 0.6598557692307693 0.6598557692307693 0.03125 0.02403846153846154
0 0.6117788461538461 0.14423076923076922 0.03125 0.019230769230769232
0 0.6490384615384616 0.9242788461538461 0.019230769230769232 0.01201923076923077
0 0.7644230769230769 0.6911057692307693 0.016826923076923076 0.01201923076923077
0 0.6262019230769231 0.12139423076923077 0.019230769230769232 0.014423076923076924
0 0.6201923076923077 0.07692307692307693 0.019230769230769232 0.007211538461538462
0 0.6814903846153846 0.41346153846153844 0.019230769230769232 0.014423076923076924