0 0.5949519230769231 0.05889423076923077 0.12740384615384615 0.07932692307692307
0 0.39663461538461536 0.24158653846153846 0.038461538461538464 0.036057692307692304
0 0.375 0.20673076923076922 0.028846153846153848 0.028846153846153848
3 0.33774038461538464 0.21995192307692307 0.028846153846153848 0.021634615384615384
3 0.3798076923076923 0.10336538461538461 0.0673076923076923 0.028846153846153848
0 0.4026442307692308 0.7319711538461539 0.052884615384615384 0.028846153846153848
0 0.35697115384615385 0.65625 0.028846153846153848 0.028846153846153848
0 0.3269230769230769 0.6394230769230769 0.016826923076923076 0.01201923076923077
0 0.33653846153846156 0.4807692307692308 0.028846153846153848 0.019230769230769232
0 0.41225961538461536 0.030048076923076924 0.019230769230769232 0.01201923076923077
0 0.3401442307692308 0.2776442307692308 0.01201923076923077 0.01201923076923077
3 0.30288461538461536 0.5120192307692307 0.03365384615384615 0.026442307692307692
2 0.26322115384615385 0.5096153846153846 0.03125 0.028846153846153848
4 0.3088942307692308 0.09975961538461539 0.052884615384615384 0.026442307692307692
0 0.3449519230769231 0.2956730769230769 0.019230769230769232 0.01201923076923077
3 0.3317307692307692 0.24519230769230768 0.028846153846153848 0.01201923076923077
3 0.32211538461538464 0.5588942307692307 0.0673076923076923 0.014423076923076924
4 0.29447115384615385 0.21995192307692307 0.03365384615384615 0.02403846153846154