0 0.9314903846153846 0.8125 0.03365384615384615 0.04326923076923077
0 0.43028846153846156 0.6959134615384616 0.009615384615384616 0.01201923076923077
0 0.41586538461538464 0.6875 0.014423076923076924 0.016826923076923076
3 0.30288461538461536 0.6634615384615384 0.026442307692307692 0.10096153846153846
3 0.14182692307692307 0.4254807692307692 0.18269230769230768 0.09134615384615384
0 0.21754807692307693 0.5456730769230769 0.0673076923076923 0.0889423076923077
0 0.04567307692307692 0.4891826923076923 0.06490384615384616 0.10576923076923077
0 0.9747596153846154 0.5673076923076923 0.03365384615384615 0.057692307692307696
0 0.7908653846153846 0.6911057692307693 0.009615384615384616 0.016826923076923076
0 0.7716346153846154 0.6802884615384616 0.01201923076923077 0.014423076923076924
0 0.7163461538461539 0.6838942307692307 0.014423076923076924 0.016826923076923076
0 0.6502403846153846 0.6911057692307693 0.014423076923076924 0.014423076923076924
0 0.35216346153846156 0.6850961538461539 0.014423076923076924 0.019230769230769232
3 0.38461538461538464 0.7067307692307693 0.03125 0.038461538461538464
2 0.38221153846153844 0.7536057692307693 0.028846153846153848 0.038461538461538464
2 0.30288461538461536 0.7764423076923077 0.026442307692307692 0.08653846153846154