0 0.4987980769230769 0.4206730769230769 0.12740384615384615 0.10576923076923077
0 0.6370192307692307 0.22716346153846154 0.038461538461538464 0.03365384615384615
3 0.5432692307692307 0.9387019230769231 0.038461538461538464 0.07692307692307693
0 0.6802884615384616 0.44591346153846156 0.03125 0.02403846153846154
0 0.6838942307692307 0.5072115384615384 0.028846153846153848 0.02403846153846154
0 0.6971153846153846 0.5841346153846154 0.019230769230769232 0.014423076923076924
0 0.6935096153846154 0.6177884615384616 0.016826923076923076 0.014423076923076924
0 0.6790865384615384 0.6430288461538461 0.02403846153846154 0.016826923076923076
3 0.6189903846153846 0.26322115384615385 0.02403846153846154 0.07211538461538461
0 0.6790865384615384 0.7427884615384616 0.016826923076923076 0.014423076923076924
0 0.6526442307692307 0.8137019230769231 0.02403846153846154 0.019230769230769232
0 0.6502403846153846 0.8413461538461539 0.028846153846153848 0.019230769230769232
0 0.6574519230769231 0.9050480769230769 0.014423076923076924 0.014423076923076924