0 0.9471153846153846 0.5084134615384616 0.04326923076923077 0.0673076923076923
3 0.8918269230769231 0.5396634615384616 0.11057692307692307 0.04567307692307692
0 0.25721153846153844 0.4074519230769231 0.016826923076923076 0.028846153846153848
0 0.2860576923076923 0.40865384615384615 0.02403846153846154 0.028846153846153848
0 0.48197115384615385 0.3918269230769231 0.026442307692307692 0.028846153846153848
0 0.5240384615384616 0.3786057692307692 0.019230769230769232 0.02403846153846154
0 0.6237980769230769 0.40625 0.026442307692307692 0.03365384615384615
0 0.6911057692307693 0.41225961538461536 0.03125 0.038461538461538464
0 0.3894230769230769 0.3798076923076923 0.014423076923076924 0.019230769230769232
0 0.5661057692307693 0.3786057692307692 0.014423076923076924 0.019230769230769232
1 0.09254807692307693 0.41346153846153844 0.09615384615384616 0.09615384615384616