0 0.6322115384615384 0.18629807692307693 0.03365384615384615 0.03125
0 0.5204326923076923 0.7283653846153846 0.08653846153846154 0.06971153846153846
0 0.6177884615384616 0.1201923076923077 0.04326923076923077 0.028846153846153848
0 0.7776442307692307 0.15985576923076922 0.019230769230769232 0.019230769230769232
3 0.703125 0.41346153846153844 0.02403846153846154 0.021634615384615384
2 0.7391826923076923 0.41466346153846156 0.02403846153846154 0.019230769230769232
3 0.6971153846153846 0.6514423076923077 0.028846153846153848 0.019230769230769232
5 0.7295673076923077 0.6526442307692307 0.02403846153846154 0.019230769230769232
0 0.6370192307692307 0.7199519230769231 0.03365384615384615 0.02403846153846154
0 0.6201923076923077 0.8137019230769231 0.03365384615384615 0.028846153846153848
0 0.6129807692307693 0.0733173076923077 0.04326923076923077 0.03125
0 0.6418269230769231 0.08774038461538461 0.02403846153846154 0.019230769230769232
0 0.6850961538461539 0.2956730769230769 0.019230769230769232 0.014423076923076924
3 0.6189903846153846 0.32211538461538464 0.019230769230769232 0.07451923076923077
5 0.7283653846153846 0.7283653846153846 0.04807692307692308 0.019230769230769232
0 0.5192307692307693 0.9519230769230769 0.0673076923076923 0.04326923076923077