0 0.4495192307692308 0.2127403846153846 0.09134615384615384 0.0673076923076923
0 0.5721153846153846 0.9302884615384616 0.12259615384615384 0.07692307692307693
3 0.5216346153846154 0.3401442307692308 0.08653846153846154 0.19230769230769232
0 0.3942307692307692 0.47836538461538464 0.0625 0.04326923076923077
3 0.3293269230769231 0.5877403846153846 0.08653846153846154 0.07211538461538461
2 0.23197115384615385 0.5925480769230769 0.08653846153846154 0.0673076923076923
0 0.41225961538461536 0.42908653846153844 0.07211538461538461 0.057692307692307696
0 0.38822115384615385 0.8521634615384616 0.03365384615384615 0.019230769230769232
0 0.3942307692307692 0.9338942307692307 0.028846153846153848 0.014423076923076924
0 0.28725961538461536 0.8990384615384616 0.019230769230769232 0.014423076923076924
0 0.34134615384615385 0.8233173076923077 0.01201923076923077 0.01201923076923077
0 0.3473557692307692 0.7956730769230769 0.019230769230769232 0.014423076923076924
0 0.32572115384615385 0.6778846153846154 0.019230769230769232 0.014423076923076924