0 0.5540865384615384 0.8052884615384616 0.11298076923076923 0.07692307692307693
0 0.48677884615384615 0.18870192307692307 0.07211538461538461 0.04807692307692308
0 0.24158653846153846 0.45552884615384615 0.028846153846153848 0.026442307692307692
0 0.3798076923076923 0.5661057692307693 0.028846153846153848 0.014423076923076924
0 0.3737980769230769 0.6322115384615384 0.019230769230769232 0.01201923076923077
0 0.4014423076923077 0.7259615384615384 0.03125 0.021634615384615384
0 0.4026442307692308 0.8052884615384616 0.019230769230769232 0.019230769230769232
0 0.40024038461538464 0.375 0.028846153846153848 0.019230769230769232
3 0.5072115384615384 0.27163461538461536 0.04807692307692308 0.11538461538461539
0 0.38100961538461536 0.3137019230769231 0.019230769230769232 0.014423076923076924
0 0.4026442307692308 0.28725961538461536 0.02403846153846154 0.02403846153846154
0 0.4098557692307692 0.07692307692307693 0.019230769230769232 0.014423076923076924
0 0.27403846153846156 0.9362980769230769 0.019230769230769232 0.014423076923076924