3 0.5889423076923077 0.8762019230769231 0.14903846153846154 0.0889423076923077
2 0.7524038461538461 0.8858173076923077 0.14903846153846154 0.07692307692307693
0 0.5829326923076923 0.030048076923076924 0.04326923076923077 0.019230769230769232
0 0.6862980769230769 0.44471153846153844 0.019230769230769232 0.014423076923076924
0 0.7584134615384616 0.23076923076923078 0.016826923076923076 0.014423076923076924
0 0.6838942307692307 0.3894230769230769 0.009615384615384616 0.009615384615384616
6 0.7608173076923077 0.4855769230769231 0.019230769230769232 0.014423076923076924
3 0.6057692307692307 0.8040865384615384 0.18269230769230768 0.057692307692307696
0 0.6370192307692307 0.16346153846153846 0.019230769230769232 0.019230769230769232
0 0.6911057692307693 0.49278846153846156 0.016826923076923076 0.014423076923076924
0 0.6911057692307693 0.29086538461538464 0.016826923076923076 0.009615384615384616
0 0.6875 0.3112980769230769 0.016826923076923076 0.014423076923076924
4 0.7860576923076923 0.8088942307692307 0.15625 0.0625