0 0.49038461538461536 0.7475961538461539 0.12259615384615384 0.0889423076923077
0 0.5745192307692307 0.6862980769230769 0.08173076923076923 0.057692307692307696
0 0.5228365384615384 0.25841346153846156 0.08653846153846154 0.0625
0 0.4807692307692308 0.1875 0.10096153846153846 0.07692307692307693
0 0.6057692307692307 0.15985576923076922 0.03125 0.02403846153846154
3 0.6670673076923077 0.5552884615384616 0.09615384615384616 0.055288461538461536
0 0.6274038461538461 0.7199519230769231 0.05048076923076923 0.028846153846153848
0 0.6526442307692307 0.6442307692307693 0.03365384615384615 0.021634615384615384
0 0.6730769230769231 0.4026442307692308 0.019230769230769232 0.014423076923076924
0 0.6766826923076923 0.4411057692307692 0.016826923076923076 0.014423076923076924
0 0.6778846153846154 0.47475961538461536 0.019230769230769232 0.01201923076923077
3 0.6730769230769231 0.5060096153846154 0.09134615384615384 0.038461538461538464
2 0.7728365384615384 0.5552884615384616 0.09134615384615384 0.055288461538461536
0 0.6598557692307693 0.6694711538461539 0.03365384615384615 0.016826923076923076
0 0.6129807692307693 0.09014423076923077 0.019230769230769232 0.014423076923076924
3 0.4879807692307692 0.8317307692307693 0.07211538461538461 0.11538461538461539
4 0.7692307692307693 0.5036057692307693 0.08173076923076923 0.038461538461538464