0 0.7091346153846154 0.39903846153846156 0.021634615384615384 0.03125
0 0.10817307692307693 0.4254807692307692 0.021634615384615384 0.019230769230769232
0 0.18028846153846154 0.4050480769230769 0.016826923076923076 0.02403846153846154
3 0.9699519230769231 0.48677884615384615 0.04807692307692308 0.18509615384615385
3 0.6442307692307693 0.36177884615384615 0.03365384615384615 0.04807692307692308
3 0.23798076923076922 0.3713942307692308 0.03365384615384615 0.04326923076923077
3 0.27524038461538464 0.3713942307692308 0.019230769230769232 0.04326923076923077
5 0.23798076923076922 0.3161057692307692 0.028846153846153848 0.052884615384615384
2 0.6430288461538461 0.30408653846153844 0.038461538461538464 0.052884615384615384
0 0.7331730769230769 0.3942307692307692 0.014423076923076924 0.028846153846153848
0 0.2403846153846154 0.41225961538461536 0.021634615384615384 0.028846153846153848
0 0.9831730769230769 0.15504807692307693 0.019230769230769232 0.04807692307692308