0 0.5012019230769231 0.5661057692307693 0.040865384615384616 0.04807692307692308
0 0.27884615384615385 0.5817307692307693 0.03365384615384615 0.04326923076923077
0 0.019230769230769232 0.4807692307692308 0.03365384615384615 0.0673076923076923
0 0.8810096153846154 0.5372596153846154 0.03365384615384615 0.05048076923076923
0 0.8064903846153846 0.5949519230769231 0.019230769230769232 0.019230769230769232
0 0.6658653846153846 0.6237980769230769 0.014423076923076924 0.019230769230769232
0 0.4651442307692308 0.6274038461538461 0.01201923076923077 0.016826923076923076
0 0.7475961538461539 0.7223557692307693 0.02403846153846154 0.02403846153846154
0 0.6153846153846154 0.6322115384615384 0.014423076923076924 0.019230769230769232
0 0.53125 0.6225961538461539 0.014423076923076924 0.019230769230769232
3 0.8221153846153846 0.5276442307692307 0.07211538461538461 0.019230769230769232
3 0.06370192307692307 0.4495192307692308 0.08653846153846154 0.052884615384615384