0 0.052884615384615384 0.49158653846153844 0.04326923076923077 0.0673076923076923
3 0.10817307692307693 0.46033653846153844 0.11057692307692307 0.04567307692307692
0 0.7427884615384616 0.5925480769230769 0.016826923076923076 0.028846153846153848
0 0.7139423076923077 0.5913461538461539 0.02403846153846154 0.028846153846153848
0 0.5180288461538461 0.6081730769230769 0.026442307692307692 0.028846153846153848
0 0.47596153846153844 0.6213942307692307 0.019230769230769232 0.02403846153846154
0 0.3762019230769231 0.59375 0.026442307692307692 0.03365384615384615
0 0.3088942307692308 0.5877403846153846 0.03125 0.038461538461538464
0 0.6105769230769231 0.6201923076923077 0.014423076923076924 0.019230769230769232
0 0.4338942307692308 0.6213942307692307 0.014423076923076924 0.019230769230769232
1 0.9074519230769231 0.5865384615384616 0.09615384615384616 0.0985576923076923