0 0.4230769230769231 0.9314903846153846 0.052884615384615384 0.036057692307692304
0 0.5540865384615384 0.7487980769230769 0.14423076923076922 0.11057692307692307
0 0.37740384615384615 0.7824519230769231 0.04567307692307692 0.03365384615384615
0 0.3473557692307692 0.7079326923076923 0.038461538461538464 0.028846153846153848
0 0.359375 0.4735576923076923 0.052884615384615384 0.038461538461538464
0 0.33774038461538464 0.2668269230769231 0.02403846153846154 0.019230769230769232
0 0.19110576923076922 0.6586538461538461 0.028846153846153848 0.02403846153846154
0 0.3088942307692308 0.4110576923076923 0.019230769230769232 0.014423076923076924
0 0.31009615384615385 0.5180288461538461 0.016826923076923076 0.014423076923076924
0 0.22596153846153846 0.5661057692307693 0.019230769230769232 0.014423076923076924
0 0.3858173076923077 0.14302884615384615 0.04567307692307692 0.03365384615384615
3 0.39903846153846156 0.18870192307692307 0.019230769230769232 0.0625
0 0.3245192307692308 0.484375 0.02403846153846154 0.019230769230769232
0 0.31971153846153844 0.7379807692307693 0.019230769230769232 0.014423076923076924