0 0.5240384615384616 0.6550480769230769 0.07211538461538461 0.055288461538461536
0 0.5336538461538461 0.5372596153846154 0.0673076923076923 0.052884615384615384
0 0.5552884615384616 0.5865384615384616 0.052884615384615384 0.04567307692307692
0 0.5408653846153846 0.20192307692307693 0.052884615384615384 0.04807692307692308
0 0.47716346153846156 0.8028846153846154 0.08653846153846154 0.052884615384615384
0 0.6033653846153846 0.5492788461538461 0.028846153846153848 0.019230769230769232
0 0.6057692307692307 0.5276442307692307 0.028846153846153848 0.021634615384615384
0 0.6153846153846154 0.5048076923076923 0.02403846153846154 0.014423076923076924
3 0.5 0.08413461538461539 0.019230769230769232 0.07451923076923077
0 0.5913461538461539 0.32211538461538464 0.03365384615384615 0.026442307692307692
0 0.5649038461538461 0.16947115384615385 0.038461538461538464 0.028846153846153848
0 0.6033653846153846 0.29447115384615385 0.028846153846153848 0.019230769230769232
2 0.6682692307692307 0.29447115384615385 0.028846153846153848 0.016826923076923076
0 0.6045673076923077 0.5901442307692307 0.028846153846153848 0.02403846153846154