0 0.25240384615384615 0.5096153846153846 0.0889423076923077 0.12259615384615384
0 0.3137019230769231 0.4254807692307692 0.057692307692307696 0.08173076923076923
0 0.7415865384615384 0.47716346153846156 0.0625 0.08653846153846154
0 0.8125 0.5192307692307693 0.07692307692307693 0.10336538461538461
0 0.8401442307692307 0.3942307692307692 0.02403846153846154 0.03125
3 0.44471153846153844 0.3329326923076923 0.055288461538461536 0.09615384615384616
0 0.2800480769230769 0.37259615384615385 0.028846153846153848 0.05048076923076923
0 0.3557692307692308 0.3473557692307692 0.021634615384615384 0.03365384615384615
0 0.5973557692307693 0.3269230769230769 0.014423076923076924 0.019230769230769232
0 0.5588942307692307 0.3233173076923077 0.014423076923076924 0.016826923076923076
0 0.5252403846153846 0.32211538461538464 0.01201923076923077 0.019230769230769232
3 0.49399038461538464 0.3269230769230769 0.038461538461538464 0.09134615384615384
2 0.44471153846153844 0.22716346153846154 0.055288461538461536 0.09134615384615384
0 0.33052884615384615 0.3401442307692308 0.016826923076923076 0.03365384615384615
0 0.9098557692307693 0.3870192307692308 0.014423076923076924 0.019230769230769232
3 0.16826923076923078 0.5120192307692307 0.11538461538461539 0.07451923076923077
4 0.4963942307692308 0.23076923076923078 0.038461538461538464 0.08173076923076923