0 0.9206730769230769 0.5985576923076923 0.028846153846153848 0.04807692307692308
0 0.46875 0.6274038461538461 0.038461538461538464 0.04567307692307692
3 0.2247596153846154 0.6057692307692307 0.052884615384615384 0.1201923076923077
3 0.28725961538461536 0.6298076923076923 0.07451923076923077 0.11538461538461539
0 0.5264423076923077 0.6766826923076923 0.01201923076923077 0.019230769230769232
0 0.5492788461538461 0.6646634615384616 0.02403846153846154 0.028846153846153848
0 0.5793269230769231 0.6766826923076923 0.016826923076923076 0.019230769230769232
0 0.6141826923076923 0.671875 0.019230769230769232 0.02403846153846154
0 0.11298076923076923 0.7584134615384616 0.02403846153846154 0.02403846153846154
4 0.21153846153846154 0.7271634615384616 0.04807692307692308 0.11298076923076923
2 0.2764423076923077 0.7427884615384616 0.0673076923076923 0.11057692307692307
0 0.6225961538461539 0.6887019230769231 0.014423076923076924 0.019230769230769232
0 0.5913461538461539 0.6887019230769231 0.014423076923076924 0.019230769230769232
3 0.6694711538461539 0.703125 0.019230769230769232 0.028846153846153848
3 0.8581730769230769 0.6826923076923077 0.019230769230769232 0.028846153846153848