0 0.4807692307692308 0.7379807692307693 0.08653846153846154 0.0673076923076923
0 0.4831730769230769 0.9663461538461539 0.057692307692307696 0.038461538461538464
0 0.36778846153846156 0.18629807692307693 0.03365384615384615 0.02403846153846154
0 0.38221153846153844 0.11899038461538461 0.038461538461538464 0.02403846153846154
0 0.38100961538461536 0.8185096153846154 0.028846153846153848 0.028846153846153848
0 0.3870192307692308 0.07211538461538461 0.04326923076923077 0.028846153846153848
3 0.38100961538461536 0.32091346153846156 0.019230769230769232 0.0625
3 0.2932692307692308 0.41466346153846156 0.02403846153846154 0.02403846153846154
5 0.2692307692307692 0.6550480769230769 0.03125 0.021634615384615384
5 0.26802884615384615 0.7307692307692307 0.052884615384615384 0.019230769230769232
3 0.3016826923076923 0.6514423076923077 0.028846153846153848 0.021634615384615384
0 0.3125 0.2956730769230769 0.019230769230769232 0.01201923076923077
0 0.36177884615384615 0.7259615384615384 0.03365384615384615 0.028846153846153848
0 0.22235576923076922 0.15985576923076922 0.019230769230769232 0.014423076923076924