0 0.15985576923076922 0.5096153846153846 0.05048076923076923 0.0673076923076923
0 0.21153846153846154 0.4519230769230769 0.038461538461538464 0.055288461538461536
0 0.3389423076923077 0.41346153846153844 0.02403846153846154 0.038461538461538464
0 0.7620192307692307 0.6418269230769231 0.11538461538461539 0.18509615384615385
0 0.5793269230769231 0.4387019230769231 0.04326923076923077 0.057692307692307696
3 0.6286057692307693 0.35336538461538464 0.019230769230769232 0.02403846153846154
3 0.2800480769230769 0.4675480769230769 0.0889423076923077 0.028846153846153848
6 0.5084134615384616 0.31490384615384615 0.014423076923076924 0.016826923076923076
0 0.546875 0.3737980769230769 0.014423076923076924 0.019230769230769232
0 0.2512019230769231 0.40865384615384615 0.014423076923076924 0.03365384615384615
0 0.44591346153846156 0.375 0.014423076923076924 0.016826923076923076
0 0.32572115384615385 0.29927884615384615 0.014423076923076924 0.014423076923076924
0 0.515625 0.36658653846153844 0.014423076923076924 0.019230769230769232