0 0.8125 0.06850961538461539 0.04326923076923077 0.03365384615384615
0 0.6959134615384616 0.5697115384615384 0.01201923076923077 0.009615384615384616
0 0.6875 0.5841346153846154 0.016826923076923076 0.014423076923076924
3 0.6634615384615384 0.6971153846153846 0.10096153846153846 0.026442307692307692
3 0.4254807692307692 0.8581730769230769 0.09134615384615384 0.18269230769230768
0 0.5456730769230769 0.7824519230769231 0.08653846153846154 0.0673076923076923
0 0.4891826923076923 0.9543269230769231 0.10576923076923077 0.0625
0 0.5673076923076923 0.025240384615384616 0.057692307692307696 0.03365384615384615
0 0.6911057692307693 0.2091346153846154 0.016826923076923076 0.009615384615384616
0 0.6802884615384616 0.2283653846153846 0.014423076923076924 0.01201923076923077
0 0.6838942307692307 0.28365384615384615 0.016826923076923076 0.014423076923076924
0 0.6911057692307693 0.34975961538461536 0.014423076923076924 0.014423076923076924
0 0.6850961538461539 0.6478365384615384 0.019230769230769232 0.014423076923076924
3 0.7067307692307693 0.6153846153846154 0.038461538461538464 0.03125
2 0.7536057692307693 0.6177884615384616 0.038461538461538464 0.028846153846153848
2 0.7764423076923077 0.6971153846153846 0.08653846153846154 0.02403846153846154