2 0.5745192307692307 0.6634615384615384 0.04807692307692308 0.06009615384615385
2 0.12259615384615384 0.6514423076923077 0.026442307692307692 0.052884615384615384
5 0.08413461538461539 0.6430288461538461 0.028846153846153848 0.052884615384615384
0 0.21153846153846154 0.5793269230769231 0.016826923076923076 0.02403846153846154
3 0.5697115384615384 0.5925480769230769 0.04807692307692308 0.06490384615384616
3 0.12620192307692307 0.5817307692307693 0.02403846153846154 0.0673076923076923
3 0.08653846153846154 0.578125 0.03125 0.06009615384615385
0 0.15985576923076922 0.5745192307692307 0.014423076923076924 0.016826923076923076
0 0.5 0.59375 0.01201923076923077 0.016826923076923076
0 0.7463942307692307 0.5721153846153846 0.009615384615384616 0.019230769230769232
0 0.828125 0.5637019230769231 0.01201923076923077 0.009615384615384616