0 0.37740384615384615 0.3605769230769231 0.03365384615384615 0.04326923076923077
0 0.7620192307692307 0.4723557692307692 0.07692307692307693 0.10096153846153846
3 0.3557692307692308 0.39783653846153844 0.07932692307692307 0.016826923076923076
0 0.04927884615384615 0.5901442307692307 0.0889423076923077 0.14182692307692307
0 0.2932692307692308 0.3762019230769231 0.038461538461538464 0.04807692307692308
0 0.4651442307692308 0.3088942307692308 0.014423076923076924 0.019230769230769232
0 0.7007211538461539 0.3137019230769231 0.014423076923076924 0.019230769230769232
0 0.7512019230769231 0.3161057692307692 0.014423076923076924 0.019230769230769232
0 0.8329326923076923 0.36658653846153844 0.028846153846153848 0.038461538461538464
0 0.9651442307692307 0.37259615384615385 0.016826923076923076 0.02403846153846154
0 0.9435096153846154 0.3581730769230769 0.014423076923076924 0.02403846153846154
0 0.8161057692307693 0.20793269230769232 0.02403846153846154 0.028846153846153848
3 0.6682692307692307 0.2920673076923077 0.019230769230769232 0.028846153846153848
5 0.6682692307692307 0.25721153846153844 0.021634615384615384 0.03125
2 0.4411057692307692 0.25600961538461536 0.026442307692307692 0.03365384615384615
3 0.4411057692307692 0.2932692307692308 0.026442307692307692 0.03365384615384615