0 0.5949519230769231 0.9411057692307693 0.12740384615384615 0.07932692307692307
0 0.39663461538461536 0.7584134615384616 0.038461538461538464 0.036057692307692304
0 0.375 0.7932692307692307 0.028846153846153848 0.028846153846153848
3 0.33774038461538464 0.7800480769230769 0.028846153846153848 0.021634615384615384
3 0.3798076923076923 0.8966346153846154 0.0673076923076923 0.028846153846153848
0 0.4026442307692308 0.26802884615384615 0.052884615384615384 0.028846153846153848
0 0.35697115384615385 0.34375 0.028846153846153848 0.028846153846153848
0 0.3269230769230769 0.3605769230769231 0.016826923076923076 0.01201923076923077
0 0.33653846153846156 0.5192307692307693 0.028846153846153848 0.019230769230769232
0 0.41225961538461536 0.9699519230769231 0.019230769230769232 0.01201923076923077
0 0.3401442307692308 0.7223557692307693 0.01201923076923077 0.01201923076923077
3 0.30288461538461536 0.4879807692307692 0.03365384615384615 0.026442307692307692
2 0.26322115384615385 0.49038461538461536 0.03125 0.028846153846153848
4 0.3088942307692308 0.9002403846153846 0.052884615384615384 0.026442307692307692
0 0.3449519230769231 0.7043269230769231 0.019230769230769232 0.01201923076923077
3 0.3317307692307692 0.7548076923076923 0.028846153846153848 0.01201923076923077
3 0.32211538461538464 0.4411057692307692 0.0673076923076923 0.014423076923076924
4 0.29447115384615385 0.7800480769230769 0.03365384615384615 0.02403846153846154