0 0.4170673076923077 0.33413461538461536 0.04567307692307692 0.038461538461538464
0 0.390625 0.3894230769230769 0.03125 0.019230769230769232
0 0.25600961538461536 0.18389423076923078 0.02403846153846154 0.026442307692307692
0 0.4338942307692308 0.875 0.03365384615384615 0.021634615384615384
0 0.3954326923076923 0.7932692307692307 0.019230769230769232 0.016826923076923076
0 0.5396634615384616 0.984375 0.07451923076923077 0.026442307692307692
1 0.4170673076923077 0.5817307692307693 0.17067307692307693 0.23076923076923078
3 0.3786057692307692 0.4411057692307692 0.10817307692307693 0.07211538461538461
2 0.26802884615384615 0.4423076923076923 0.10576923076923077 0.07692307692307693
0 0.42427884615384615 0.09254807692307693 0.028846153846153848 0.019230769230769232
0 0.38341346153846156 0.026442307692307692 0.04326923076923077 0.02403846153846154
1 0.4375 0.040865384615384616 0.10817307692307693 0.07211538461538461