0 0.9110576923076923 0.38100961538461536 0.10096153846153846 0.15384615384615385
0 0.8016826923076923 0.453125 0.09375 0.12740384615384615
0 0.07451923076923077 0.33774038461538464 0.12740384615384615 0.20432692307692307
0 0.20432692307692307 0.5192307692307693 0.0673076923076923 0.11778846153846154
3 0.3762019230769231 0.6622596153846154 0.0673076923076923 0.11538461538461539
3 0.44591346153846156 0.6706730769230769 0.04807692307692308 0.11298076923076923
0 0.8521634615384616 0.6057692307692307 0.028846153846153848 0.040865384615384616
2 0.3786057692307692 0.796875 0.07211538461538461 0.12740384615384615
0 0.28846153846153844 0.6430288461538461 0.036057692307692304 0.038461538461538464
0 0.2668269230769231 0.65625 0.021634615384615384 0.028846153846153848
0 0.1971153846153846 0.6081730769230769 0.04567307692307692 0.052884615384615384
4 0.44591346153846156 0.7980769230769231 0.052884615384615384 0.10576923076923077
3 0.7175480769230769 0.7007211538461539 0.019230769230769232 0.028846153846153848
0 0.5721153846153846 0.6814903846153846 0.021634615384615384 0.02403846153846154
0 0.6298076923076923 0.6995192307692307 0.014423076923076924 0.019230769230769232
0 0.5264423076923077 0.6826923076923077 0.021634615384615384 0.02403846153846154
0 0.4891826923076923 0.6838942307692307 0.021634615384615384 0.02403846153846154
0 0.5372596153846154 0.7788461538461539 0.01201923076923077 0.016826923076923076