0 0.3605769230769231 0.6225961538461539 0.04326923076923077 0.03365384615384615
0 0.4723557692307692 0.23798076923076922 0.10096153846153846 0.07692307692307693
3 0.39783653846153844 0.6442307692307693 0.016826923076923076 0.07932692307692307
0 0.5901442307692307 0.9507211538461539 0.14182692307692307 0.0889423076923077
0 0.3762019230769231 0.7067307692307693 0.04807692307692308 0.038461538461538464
0 0.3088942307692308 0.5348557692307693 0.019230769230769232 0.014423076923076924
0 0.3137019230769231 0.29927884615384615 0.019230769230769232 0.014423076923076924
0 0.3161057692307692 0.24879807692307693 0.019230769230769232 0.014423076923076924
0 0.36658653846153844 0.16706730769230768 0.038461538461538464 0.028846153846153848
0 0.37259615384615385 0.03485576923076923 0.02403846153846154 0.016826923076923076
0 0.3581730769230769 0.056490384615384616 0.02403846153846154 0.014423076923076924
0 0.20793269230769232 0.18389423076923078 0.028846153846153848 0.02403846153846154
3 0.2920673076923077 0.3317307692307692 0.028846153846153848 0.019230769230769232
5 0.25721153846153844 0.3317307692307692 0.03125 0.021634615384615384
2 0.25600961538461536 0.5588942307692307 0.03365384615384615 0.026442307692307692
3 0.2932692307692308 0.5588942307692307 0.03365384615384615 0.026442307692307692