5 0.7463942307692307 0.75 0.03125 0.05048076923076923
3 0.3449519230769231 0.6875 0.05048076923076923 0.0625
3 0.05048076923076923 0.5228365384615384 0.08653846153846154 0.27884615384615385
0 0.38822115384615385 0.6598557692307693 0.02403846153846154 0.03125
0 0.41586538461538464 0.6778846153846154 0.019230769230769232 0.028846153846153848
0 0.7872596153846154 0.6574519230769231 0.021634615384615384 0.02403846153846154
0 0.8449519230769231 0.6550480769230769 0.019230769230769232 0.019230769230769232
3 0.7487980769230769 0.6947115384615384 0.03125 0.04807692307692308
2 0.3425480769230769 0.7548076923076923 0.052884615384615384 0.06009615384615385
0 0.3076923076923077 0.6658653846153846 0.009615384615384616 0.02403846153846154
0 0.6971153846153846 0.6694711538461539 0.019230769230769232 0.028846153846153848
0 0.7151442307692307 0.6754807692307693 0.014423076923076924 0.02403846153846154
0 0.9675480769230769 0.6382211538461539 0.014423076923076924 0.019230769230769232