2 0.8052884615384616 0.7475961538461539 0.09615384615384616 0.12980769230769232
3 0.7980769230769231 0.5961538461538461 0.10817307692307693 0.1466346153846154
0 0.6598557692307693 0.5889423076923077 0.055288461538461536 0.07692307692307693
0 0.6201923076923077 0.5997596153846154 0.040865384615384616 0.0673076923076923
0 0.5192307692307693 0.6442307692307693 0.038461538461538464 0.04567307692307692
0 0.2403846153846154 0.6754807692307693 0.014423076923076924 0.019230769230769232
0 0.2608173076923077 0.6382211538461539 0.038461538461538464 0.04807692307692308
0 0.2127403846153846 0.6382211538461539 0.03125 0.04326923076923077
0 0.49278846153846156 0.6610576923076923 0.02403846153846154 0.03365384615384615
0 0.11899038461538461 0.6442307692307693 0.028846153846153848 0.038461538461538464
0 0.057692307692307696 0.6526442307692307 0.014423076923076924 0.019230769230769232
0 0.21514423076923078 0.6875 0.014423076923076924 0.019230769230769232
1 0.8581730769230769 0.2692307692307692 0.28125 0.5360576923076923