0 0.4338942307692308 0.4987980769230769 0.04807692307692308 0.040865384615384616
0 0.4182692307692308 0.7211538461538461 0.04326923076923077 0.03365384615384615
0 0.5204326923076923 0.9807692307692307 0.06971153846153846 0.03365384615384615
0 0.46274038461538464 0.11899038461538461 0.05048076923076923 0.03365384615384615
0 0.4050480769230769 0.1935096153846154 0.019230769230769232 0.019230769230769232
0 0.3762019230769231 0.33413461538461536 0.019230769230769232 0.014423076923076924
0 0.37259615384615385 0.5348557692307693 0.016826923076923076 0.01201923076923077
0 0.2776442307692308 0.25240384615384615 0.02403846153846154 0.02403846153846154
0 0.36778846153846156 0.38461538461538464 0.019230769230769232 0.014423076923076924
0 0.37740384615384615 0.46875 0.019230769230769232 0.014423076923076924
3 0.4723557692307692 0.1778846153846154 0.019230769230769232 0.07211538461538461
3 0.5504807692307693 0.9362980769230769 0.052884615384615384 0.08653846153846154