0 0.5192307692307693 0.7211538461538461 0.11538461538461539 0.0889423076923077
1 0.71875 0.8786057692307693 0.5528846153846154 0.23798076923076922
3 0.37740384615384615 0.05889423076923077 0.09615384615384616 0.052884615384615384
3 0.34134615384615385 0.7127403846153846 0.0673076923076923 0.038461538461538464
2 0.2668269230769231 0.05889423076923077 0.08173076923076923 0.055288461538461536
4 0.24639423076923078 0.11057692307692307 0.08173076923076923 0.02403846153846154
4 0.2620192307692308 0.7199519230769231 0.057692307692307696 0.036057692307692304
0 0.49158653846153844 0.8233173076923077 0.09615384615384616 0.052884615384615384
3 0.3605769230769231 0.11298076923076923 0.10096153846153846 0.02403846153846154
0 0.3125 0.3245192307692308 0.016826923076923076 0.014423076923076924
0 0.3401442307692308 0.5889423076923077 0.028846153846153848 0.021634615384615384
0 0.35096153846153844 0.8112980769230769 0.019230769230769232 0.014423076923076924
0 0.3161057692307692 0.4050480769230769 0.019230769230769232 0.014423076923076924
0 0.24158653846153846 0.5564903846153846 0.016826923076923076 0.014423076923076924