0 0.44591346153846156 0.19471153846153846 0.11298076923076923 0.07692307692307693
0 0.5132211538461539 0.8112980769230769 0.07211538461538461 0.04807692307692308
0 0.7584134615384616 0.5444711538461539 0.028846153846153848 0.026442307692307692
0 0.6201923076923077 0.4338942307692308 0.028846153846153848 0.014423076923076924
0 0.6262019230769231 0.36778846153846156 0.019230769230769232 0.01201923076923077
0 0.5985576923076923 0.27403846153846156 0.03125 0.021634615384615384
0 0.5973557692307693 0.19471153846153846 0.019230769230769232 0.019230769230769232
0 0.5997596153846154 0.625 0.028846153846153848 0.019230769230769232
3 0.49278846153846156 0.7283653846153846 0.04807692307692308 0.11538461538461539
0 0.6189903846153846 0.6862980769230769 0.019230769230769232 0.014423076923076924
0 0.5973557692307693 0.7127403846153846 0.02403846153846154 0.02403846153846154
0 0.5901442307692307 0.9230769230769231 0.019230769230769232 0.014423076923076924
0 0.7259615384615384 0.06370192307692307 0.019230769230769232 0.014423076923076924