0 0.7668269230769231 0.734375 0.15625 0.21153846153846154
0 0.09254807692307693 0.5252403846153846 0.04326923076923077 0.07211538461538461
0 0.04927884615384615 0.5432692307692307 0.052884615384615384 0.08173076923076923
0 0.796875 0.47836538461538464 0.040865384615384616 0.06009615384615385
0 0.5096153846153846 0.41466346153846156 0.026442307692307692 0.03365384615384615
0 0.6033653846153846 0.3954326923076923 0.014423076923076924 0.019230769230769232
0 0.5817307692307693 0.3894230769230769 0.014423076923076924 0.019230769230769232
0 0.7884615384615384 0.41225961538461536 0.014423076923076924 0.016826923076923076
0 0.25600961538461536 0.43990384615384615 0.03125 0.038461538461538464
0 0.9699519230769231 0.4831730769230769 0.028846153846153848 0.04326923076923077
0 0.5384615384615384 0.4098557692307692 0.02403846153846154 0.028846153846153848
0 0.4675480769230769 0.28725961538461536 0.019230769230769232 0.019230769230769232
0 0.7704326923076923 0.4338942307692308 0.02403846153846154 0.038461538461538464