0 0.4326923076923077 0.42788461538461536 0.0673076923076923 0.09615384615384616
0 0.9699519230769231 0.4567307692307692 0.04326923076923077 0.0673076923076923
3 0.9122596153846154 0.4831730769230769 0.10817307692307693 0.04567307692307692
0 0.7548076923076923 0.35216346153846156 0.028846153846153848 0.03365384615384615
0 0.5612980769230769 0.3112980769230769 0.019230769230769232 0.02403846153846154
0 0.45072115384615385 0.3557692307692308 0.036057692307692304 0.04326923076923077
0 0.12860576923076922 0.3954326923076923 0.03365384615384615 0.05048076923076923
0 0.2091346153846154 0.16826923076923078 0.03125 0.03365384615384615
0 0.37259615384615385 0.2127403846153846 0.009615384615384616 0.016826923076923076
0 0.4230769230769231 0.3161057692307692 0.019230769230769232 0.02403846153846154
0 0.2824519230769231 0.3137019230769231 0.014423076923076924 0.019230769230769232