0 0.0889423076923077 0.6189903846153846 0.10096153846153846 0.15384615384615385
0 0.19831730769230768 0.546875 0.09375 0.12740384615384615
0 0.9254807692307693 0.6622596153846154 0.125 0.20432692307692307
0 0.7956730769230769 0.4807692307692308 0.0673076923076923 0.11538461538461539
3 0.6237980769230769 0.33774038461538464 0.0673076923076923 0.11538461538461539
3 0.5540865384615384 0.3293269230769231 0.04807692307692308 0.11298076923076923
0 0.14783653846153846 0.3942307692307692 0.028846153846153848 0.038461538461538464
2 0.6213942307692307 0.203125 0.07211538461538461 0.12740384615384615
0 0.7115384615384616 0.35697115384615385 0.03365384615384615 0.038461538461538464
0 0.7331730769230769 0.34375 0.021634615384615384 0.028846153846153848
0 0.8028846153846154 0.3918269230769231 0.04567307692307692 0.052884615384615384
4 0.5540865384615384 0.20192307692307693 0.052884615384615384 0.10576923076923077
3 0.2824519230769231 0.29927884615384615 0.019230769230769232 0.028846153846153848
0 0.42788461538461536 0.31850961538461536 0.021634615384615384 0.02403846153846154
0 0.3701923076923077 0.3004807692307692 0.014423076923076924 0.019230769230769232
0 0.4735576923076923 0.3173076923076923 0.021634615384615384 0.02403846153846154
0 0.5108173076923077 0.3161057692307692 0.021634615384615384 0.02403846153846154
0 0.46274038461538464 0.22115384615384615 0.01201923076923077 0.016826923076923076