0 0.1875 0.9314903846153846 0.04326923076923077 0.03365384615384615
0 0.30408653846153844 0.43028846153846156 0.01201923076923077 0.009615384615384616
0 0.3125 0.41586538461538464 0.016826923076923076 0.014423076923076924
3 0.33653846153846156 0.30288461538461536 0.10096153846153846 0.026442307692307692
3 0.5745192307692307 0.14182692307692307 0.09134615384615384 0.18269230769230768
0 0.4543269230769231 0.21754807692307693 0.08653846153846154 0.0673076923076923
0 0.5108173076923077 0.04567307692307692 0.10576923076923077 0.0625
0 0.4326923076923077 0.9747596153846154 0.057692307692307696 0.03365384615384615
0 0.3088942307692308 0.7908653846153846 0.016826923076923076 0.009615384615384616
0 0.31971153846153844 0.7716346153846154 0.014423076923076924 0.01201923076923077
0 0.3161057692307692 0.7163461538461539 0.016826923076923076 0.014423076923076924
0 0.3088942307692308 0.6502403846153846 0.014423076923076924 0.014423076923076924
0 0.31490384615384615 0.35216346153846156 0.019230769230769232 0.014423076923076924
3 0.2932692307692308 0.38461538461538464 0.038461538461538464 0.03125
2 0.24639423076923078 0.38221153846153844 0.038461538461538464 0.028846153846153848
2 0.22355769230769232 0.30288461538461536 0.08653846153846154 0.02403846153846154