0 0.5168269230769231 0.5961538461538461 0.03125 0.038461538461538464
3 0.8521634615384616 0.5552884615384616 0.11057692307692307 0.17307692307692307
4 0.8533653846153846 0.7259615384615384 0.10336538461538461 0.15625
0 0.15144230769230768 0.49278846153846156 0.052884615384615384 0.07692307692307693
0 0.04326923076923077 0.4807692307692308 0.05048076923076923 0.07451923076923077
0 0.20793269230769232 0.5685096153846154 0.03125 0.04326923076923077
3 0.43990384615384615 0.6298076923076923 0.019230769230769232 0.06009615384615385
2 0.43990384615384615 0.6995192307692307 0.019230769230769232 0.0625
0 0.6670673076923077 0.5853365384615384 0.03125 0.04326923076923077
0 0.48197115384615385 0.5973557692307693 0.028846153846153848 0.03365384615384615
1 0.17067307692307693 0.6021634615384616 0.08173076923076923 0.08173076923076923
0 0.375 0.625 0.01201923076923077 0.019230769230769232
6 0.21153846153846154 0.7800480769230769 0.028846153846153848 0.038461538461538464
1 0.08653846153846154 0.6057692307692307 0.04807692307692308 0.04326923076923077