0 0.6586538461538461 0.1310096153846154 0.14182692307692307 0.10576923076923077
0 0.4110576923076923 0.6754807692307693 0.028846153846153848 0.016826923076923076
3 0.3858173076923077 0.43028846153846156 0.04567307692307692 0.03125
2 0.3425480769230769 0.8173076923076923 0.052884615384615384 0.038461538461538464
4 0.3317307692307692 0.42908653846153844 0.04567307692307692 0.03365384615384615
0 0.4699519230769231 0.12259615384615384 0.03365384615384615 0.026442307692307692
0 0.4423076923076923 0.1658653846153846 0.028846153846153848 0.021634615384615384
3 0.5024038461538461 0.8846153846153846 0.03365384615384615 0.07211538461538461
3 0.4026442307692308 0.8161057692307693 0.06009615384615385 0.038461538461538464
0 0.4098557692307692 0.3233173076923077 0.019230769230769232 0.014423076923076924
0 0.43990384615384615 0.4567307692307692 0.04326923076923077 0.03365384615384615
6 0.22355769230769232 0.5865384615384616 0.06009615384615385 0.040865384615384616