0 0.4807692307692308 0.27884615384615385 0.11538461538461539 0.0889423076923077
1 0.28125 0.12139423076923077 0.5528846153846154 0.23798076923076922
3 0.6225961538461539 0.9411057692307693 0.09615384615384616 0.052884615384615384
3 0.6586538461538461 0.28725961538461536 0.0673076923076923 0.038461538461538464
2 0.7331730769230769 0.9411057692307693 0.08173076923076923 0.055288461538461536
4 0.7536057692307693 0.8894230769230769 0.08173076923076923 0.02403846153846154
4 0.7379807692307693 0.2800480769230769 0.057692307692307696 0.036057692307692304
0 0.5084134615384616 0.17668269230769232 0.09615384615384616 0.052884615384615384
3 0.6394230769230769 0.8870192307692307 0.10096153846153846 0.026442307692307692
0 0.6875 0.6754807692307693 0.016826923076923076 0.014423076923076924
0 0.6598557692307693 0.4110576923076923 0.028846153846153848 0.021634615384615384
0 0.6490384615384616 0.18870192307692307 0.019230769230769232 0.014423076923076924
0 0.6838942307692307 0.5949519230769231 0.019230769230769232 0.014423076923076924
0 0.7584134615384616 0.44350961538461536 0.016826923076923076 0.014423076923076924