0 0.4230769230769231 0.06850961538461539 0.052884615384615384 0.036057692307692304
0 0.5540865384615384 0.2512019230769231 0.14423076923076922 0.11057692307692307
0 0.37740384615384615 0.21754807692307693 0.04567307692307692 0.03365384615384615
0 0.3473557692307692 0.2920673076923077 0.038461538461538464 0.028846153846153848
0 0.359375 0.5264423076923077 0.052884615384615384 0.038461538461538464
0 0.33774038461538464 0.7331730769230769 0.02403846153846154 0.019230769230769232
0 0.19110576923076922 0.34134615384615385 0.028846153846153848 0.02403846153846154
0 0.3088942307692308 0.5889423076923077 0.019230769230769232 0.014423076923076924
0 0.31009615384615385 0.48197115384615385 0.016826923076923076 0.014423076923076924
0 0.22596153846153846 0.4338942307692308 0.019230769230769232 0.014423076923076924
0 0.3858173076923077 0.8569711538461539 0.04567307692307692 0.03365384615384615
3 0.39903846153846156 0.8112980769230769 0.019230769230769232 0.0625
0 0.3245192307692308 0.515625 0.02403846153846154 0.019230769230769232
0 0.31971153846153844 0.2620192307692308 0.019230769230769232 0.014423076923076924