0 0.5 0.43149038461538464 0.07211538461538461 0.0625
0 0.49038461538461536 0.12259615384615384 0.06009615384615385 0.052884615384615384
0 0.5649038461538461 0.2932692307692308 0.03365384615384615 0.028846153846153848
0 0.5673076923076923 0.21754807692307693 0.02403846153846154 0.019230769230769232
3 0.5757211538461539 0.09735576923076923 0.03125 0.028846153846153848
3 0.6177884615384616 0.3269230769230769 0.028846153846153848 0.026442307692307692
2 0.6550480769230769 0.3269230769230769 0.03125 0.021634615384615384
0 0.12139423076923077 0.17067307692307693 0.23317307692307693 0.19230769230769232
3 0.6009615384615384 0.43149038461538464 0.06009615384615385 0.021634615384615384
2 0.6682692307692307 0.43028846153846156 0.04567307692307692 0.014423076923076924
0 0.5973557692307693 0.26322115384615385 0.019230769230769232 0.014423076923076924
0 0.5685096153846154 0.16826923076923078 0.019230769230769232 0.019230769230769232
3 0.40024038461538464 0.9807692307692307 0.038461538461538464 0.03125
6 0.6766826923076923 0.21394230769230768 0.019230769230769232 0.019230769230769232