0 0.5084134615384616 0.052884615384615384 0.0673076923076923 0.04326923076923077
3 0.5396634615384616 0.10817307692307693 0.04567307692307692 0.11057692307692307
0 0.4074519230769231 0.7427884615384616 0.028846153846153848 0.016826923076923076
0 0.40865384615384615 0.7139423076923077 0.028846153846153848 0.02403846153846154
0 0.3918269230769231 0.5180288461538461 0.028846153846153848 0.026442307692307692
0 0.3786057692307692 0.47596153846153844 0.02403846153846154 0.019230769230769232
0 0.40625 0.3762019230769231 0.03365384615384615 0.026442307692307692
0 0.41225961538461536 0.3088942307692308 0.038461538461538464 0.03125
0 0.3798076923076923 0.6105769230769231 0.019230769230769232 0.014423076923076924
0 0.3786057692307692 0.4338942307692308 0.019230769230769232 0.014423076923076924
1 0.41346153846153844 0.9074519230769231 0.09615384615384616 0.09615384615384616