3 0.6646634615384616 0.6370192307692307 0.08653846153846154 0.02403846153846154
3 0.6875 0.5865384615384616 0.038461538461538464 0.03365384615384615
0 0.6502403846153846 0.3557692307692308 0.028846153846153848 0.028846153846153848
3 0.3786057692307692 0.9591346153846154 0.10576923076923077 0.07451923076923077
3 0.6887019230769231 0.25600961538461536 0.038461538461538464 0.028846153846153848
2 0.7620192307692307 0.640625 0.07451923076923077 0.021634615384615384
4 0.7331730769230769 0.25240384615384615 0.038461538461538464 0.026442307692307692
0 0.6394230769230769 0.7403846153846154 0.038461538461538464 0.02403846153846154
0 0.6057692307692307 0.7019230769230769 0.052884615384615384 0.040865384615384616
0 0.6370192307692307 0.24278846153846154 0.038461538461538464 0.028846153846153848
0 0.6490384615384616 0.2932692307692308 0.03365384615384615 0.028846153846153848
0 0.7956730769230769 0.027644230769230768 0.04567307692307692 0.03365384615384615
0 0.5973557692307693 0.3088942307692308 0.06490384615384616 0.05048076923076923
0 0.6802884615384616 0.28365384615384615 0.019230769230769232 0.016826923076923076
0 0.6670673076923077 0.23076923076923078 0.019230769230769232 0.016826923076923076
2 0.7355769230769231 0.5841346153846154 0.04326923076923077 0.028846153846153848