0 0.3449519230769231 0.5240384615384616 0.055288461538461536 0.07211538461538461
0 0.46274038461538464 0.5336538461538461 0.052884615384615384 0.0673076923076923
0 0.41346153846153844 0.5552884615384616 0.04567307692307692 0.052884615384615384
0 0.7980769230769231 0.5408653846153846 0.04807692307692308 0.052884615384615384
0 0.1971153846153846 0.47716346153846156 0.052884615384615384 0.08653846153846154
0 0.45072115384615385 0.6033653846153846 0.019230769230769232 0.028846153846153848
0 0.4723557692307692 0.6057692307692307 0.021634615384615384 0.028846153846153848
0 0.4951923076923077 0.6153846153846154 0.014423076923076924 0.02403846153846154
3 0.9158653846153846 0.5 0.07451923076923077 0.019230769230769232
0 0.6778846153846154 0.5913461538461539 0.026442307692307692 0.03365384615384615
0 0.8305288461538461 0.5649038461538461 0.028846153846153848 0.038461538461538464
0 0.7055288461538461 0.6033653846153846 0.019230769230769232 0.028846153846153848
2 0.7055288461538461 0.6682692307692307 0.016826923076923076 0.028846153846153848
0 0.4098557692307692 0.6045673076923077 0.02403846153846154 0.028846153846153848