0 0.6274038461538461 0.48197115384615385 0.08653846153846154 0.12980769230769232
0 0.7403846153846154 0.4987980769230769 0.06971153846153846 0.10576923076923077
3 0.4735576923076923 0.6802884615384616 0.05048076923076923 0.08653846153846154
4 0.47475961538461536 0.765625 0.04567307692307692 0.07211538461538461
0 0.47475961538461536 0.390625 0.14903846153846154 0.18509615384615385
0 0.3401442307692308 0.6598557692307693 0.02403846153846154 0.03125
0 0.8557692307692307 0.6117788461538461 0.019230769230769232 0.03125
0 0.07572115384615384 0.6490384615384616 0.009615384615384616 0.019230769230769232
0 0.3088942307692308 0.7644230769230769 0.01201923076923077 0.016826923076923076
0 0.8786057692307693 0.6262019230769231 0.014423076923076924 0.019230769230769232
0 0.9230769230769231 0.6201923076923077 0.007211538461538462 0.019230769230769232
0 0.5865384615384616 0.6814903846153846 0.014423076923076924 0.019230769230769232