3 0.3762019230769231 0.49278846153846156 0.038461538461538464 0.028846153846153848
2 0.3317307692307692 0.49399038461538464 0.03365384615384615 0.028846153846153848
0 0.4014423076923077 0.7680288461538461 0.014423076923076924 0.009615384615384616
0 0.4807692307692308 0.6838942307692307 0.07451923076923077 0.057692307692307696
0 0.39302884615384615 0.9579326923076923 0.04807692307692308 0.03365384615384615
3 0.40865384615384615 0.6189903846153846 0.08173076923076923 0.03125
2 0.3112980769230769 0.625 0.07211538461538461 0.021634615384615384
0 0.4266826923076923 0.7043269230769231 0.02403846153846154 0.014423076923076924
0 0.5384615384615384 0.02403846153846154 0.057692307692307696 0.04326923076923077
6 0.29086538461538464 0.3713942307692308 0.028846153846153848 0.028846153846153848
1 0.49399038461538464 0.23197115384615385 0.28365384615384615 0.32211538461538464
0 0.49158653846153844 0.8317307692307693 0.057692307692307696 0.019230769230769232