0 0.5997596153846154 0.6322115384615384 0.019230769230769232 0.019230769230769232
0 0.5997596153846154 0.7163461538461539 0.016826923076923076 0.009615384615384616
2 0.6838942307692307 0.5456730769230769 0.057692307692307696 0.04326923076923077
3 0.6213942307692307 0.5456730769230769 0.0625 0.04326923076923077
0 0.5997596153846154 0.2247596153846154 0.019230769230769232 0.021634615384615384
0 0.5901442307692307 0.17307692307692307 0.019230769230769232 0.014423076923076924
0 0.46875 0.953125 0.057692307692307696 0.040865384615384616
2 0.6610576923076923 0.14903846153846154 0.057692307692307696 0.026442307692307692
3 0.5877403846153846 0.11658653846153846 0.04326923076923077 0.028846153846153848
3 0.5973557692307693 0.15504807692307693 0.052884615384615384 0.02403846153846154
0 0.6009615384615384 0.6502403846153846 0.019230769230769232 0.014423076923076924
0 0.6153846153846154 0.4879807692307692 0.019230769230769232 0.014423076923076924
0 0.6213942307692307 0.4639423076923077 0.016826923076923076 0.01201923076923077