0 0.47596153846153844 0.6550480769230769 0.07211538461538461 0.055288461538461536
0 0.46634615384615385 0.5372596153846154 0.0673076923076923 0.052884615384615384
0 0.44471153846153844 0.5865384615384616 0.052884615384615384 0.04567307692307692
0 0.45913461538461536 0.20192307692307693 0.052884615384615384 0.04807692307692308
0 0.5228365384615384 0.8028846153846154 0.08653846153846154 0.052884615384615384
0 0.39663461538461536 0.5492788461538461 0.028846153846153848 0.019230769230769232
0 0.3942307692307692 0.5276442307692307 0.028846153846153848 0.021634615384615384
0 0.38461538461538464 0.5048076923076923 0.02403846153846154 0.014423076923076924
3 0.5 0.08413461538461539 0.019230769230769232 0.07451923076923077
0 0.40865384615384615 0.32211538461538464 0.03365384615384615 0.026442307692307692
0 0.43509615384615385 0.16947115384615385 0.038461538461538464 0.028846153846153848
0 0.39663461538461536 0.29447115384615385 0.028846153846153848 0.019230769230769232
2 0.3317307692307692 0.29447115384615385 0.028846153846153848 0.016826923076923076
0 0.3954326923076923 0.5901442307692307 0.028846153846153848 0.02403846153846154