0 0.2644230769230769 0.42788461538461536 0.2620192307692308 0.16826923076923078
0 0.2776442307692308 0.21875 0.21153846153846154 0.15865384615384615
0 0.5192307692307693 0.17548076923076922 0.07211538461538461 0.04807692307692308
0 0.578125 0.5997596153846154 0.04807692307692308 0.040865384615384616
3 0.6466346153846154 0.4987980769230769 0.06009615384615385 0.040865384615384616
3 0.5216346153846154 0.27403846153846156 0.03365384615384615 0.07932692307692307
1 0.5661057692307693 0.9074519230769231 0.14423076923076922 0.1778846153846154
0 0.5336538461538461 0.33653846153846156 0.07211538461538461 0.055288461538461536
0 0.5997596153846154 0.3605769230769231 0.03365384615384615 0.028846153846153848
0 0.7572115384615384 0.49038461538461536 0.028846153846153848 0.028846153846153848
0 0.6177884615384616 0.6334134615384616 0.02403846153846154 0.02403846153846154
6 0.8497596153846154 0.6622596153846154 0.07932692307692307 0.052884615384615384
2 0.6598557692307693 0.953125 0.07211538461538461 0.040865384615384616
4 0.7091346153846154 0.4987980769230769 0.057692307692307696 0.038461538461538464
0 0.6237980769230769 0.6875 0.019230769230769232 0.014423076923076924