0 0.39903846153846156 0.29086538461538464 0.03125 0.021634615384615384
0 0.4254807692307692 0.8918269230769231 0.019230769230769232 0.021634615384615384
0 0.4050480769230769 0.8197115384615384 0.02403846153846154 0.016826923076923076
3 0.48677884615384615 0.030048076923076924 0.18509615384615385 0.04807692307692308
3 0.36177884615384615 0.3557692307692308 0.04807692307692308 0.03365384615384615
3 0.3713942307692308 0.7620192307692307 0.04326923076923077 0.03365384615384615
3 0.3713942307692308 0.7247596153846154 0.04326923076923077 0.019230769230769232
5 0.3161057692307692 0.7620192307692307 0.052884615384615384 0.028846153846153848
2 0.30408653846153844 0.35697115384615385 0.052884615384615384 0.038461538461538464
0 0.3942307692307692 0.2668269230769231 0.028846153846153848 0.014423076923076924
0 0.41225961538461536 0.7596153846153846 0.028846153846153848 0.021634615384615384
0 0.15504807692307693 0.016826923076923076 0.04807692307692308 0.019230769230769232