0 0.40384615384615385 0.5168269230769231 0.038461538461538464 0.03125
3 0.44471153846153844 0.8521634615384616 0.17307692307692307 0.11057692307692307
4 0.27403846153846156 0.8533653846153846 0.15625 0.10336538461538461
0 0.5072115384615384 0.15144230769230768 0.07692307692307693 0.052884615384615384
0 0.5192307692307693 0.04326923076923077 0.07451923076923077 0.05048076923076923
0 0.43149038461538464 0.20793269230769232 0.04326923076923077 0.03125
3 0.3701923076923077 0.43990384615384615 0.06009615384615385 0.019230769230769232
2 0.3004807692307692 0.43990384615384615 0.0625 0.019230769230769232
0 0.41466346153846156 0.6670673076923077 0.04326923076923077 0.03125
0 0.4026442307692308 0.48197115384615385 0.03365384615384615 0.028846153846153848
1 0.39783653846153844 0.17067307692307693 0.08173076923076923 0.08173076923076923
0 0.375 0.375 0.019230769230769232 0.01201923076923077
6 0.21995192307692307 0.21153846153846154 0.038461538461538464 0.028846153846153848
1 0.3942307692307692 0.08653846153846154 0.04326923076923077 0.04807692307692308