1 0.10576923076923077 0.2848557692307692 0.20673076923076922 0.5240384615384616
0 0.18870192307692307 0.4879807692307692 0.06971153846153846 0.09375
3 0.7956730769230769 0.6478365384615384 0.0625 0.10096153846153846
2 0.7980769230769231 0.7524038461538461 0.0625 0.09134615384615384
3 0.18389423076923078 0.6442307692307693 0.038461538461538464 0.0673076923076923
4 0.18028846153846154 0.7199519230769231 0.038461538461538464 0.06009615384615385
6 0.16826923076923078 0.9423076923076923 0.0673076923076923 0.09375
3 0.7463942307692307 0.6574519230769231 0.02403846153846154 0.10576923076923077
4 0.7475961538461539 0.765625 0.02403846153846154 0.09134615384615384
0 0.29927884615384615 0.6490384615384616 0.019230769230769232 0.03125
0 0.47475961538461536 0.6838942307692307 0.016826923076923076 0.019230769230769232
0 0.5564903846153846 0.6875 0.01201923076923077 0.019230769230769232