0 0.5192307692307693 0.7379807692307693 0.08653846153846154 0.0673076923076923
0 0.5168269230769231 0.9663461538461539 0.057692307692307696 0.038461538461538464
0 0.6322115384615384 0.18629807692307693 0.03365384615384615 0.02403846153846154
0 0.6177884615384616 0.11899038461538461 0.038461538461538464 0.02403846153846154
0 0.6189903846153846 0.8185096153846154 0.028846153846153848 0.028846153846153848
0 0.6129807692307693 0.07211538461538461 0.04326923076923077 0.028846153846153848
3 0.6189903846153846 0.32091346153846156 0.019230769230769232 0.0625
3 0.7067307692307693 0.41466346153846156 0.02403846153846154 0.02403846153846154
5 0.7307692307692307 0.6550480769230769 0.03125 0.021634615384615384
5 0.7319711538461539 0.7307692307692307 0.052884615384615384 0.019230769230769232
3 0.6983173076923077 0.6514423076923077 0.028846153846153848 0.021634615384615384
0 0.6875 0.2956730769230769 0.019230769230769232 0.01201923076923077
0 0.6382211538461539 0.7259615384615384 0.03365384615384615 0.028846153846153848
0 0.7776442307692307 0.15985576923076922 0.019230769230769232 0.014423076923076924