0 0.46634615384615385 0.1971153846153846 0.09134615384615384 0.07211538461538461
0 0.35096153846153844 0.6971153846153846 0.03365384615384615 0.03365384615384615
3 0.28966346153846156 0.35697115384615385 0.028846153846153848 0.019230769230769232
3 0.2848557692307692 0.5480769230769231 0.028846153846153848 0.019230769230769232
2 0.25600961538461536 0.35697115384615385 0.02403846153846154 0.019230769230769232
0 0.32572115384615385 0.4110576923076923 0.03125 0.021634615384615384
0 0.3557692307692308 0.18629807692307693 0.038461538461538464 0.028846153846153848
3 0.31850961538461536 0.22716346153846154 0.05048076923076923 0.02403846153846154
3 0.3762019230769231 0.6454326923076923 0.019230769230769232 0.0625
4 0.2536057692307692 0.5480769230769231 0.028846153846153848 0.021634615384615384
6 0.2247596153846154 0.4182692307692308 0.02403846153846154 0.021634615384615384
0 0.09735576923076923 0.8725961538461539 0.057692307692307696 0.052884615384615384
0 0.3137019230769231 0.26322115384615385 0.019230769230769232 0.014423076923076924
2 0.2620192307692308 0.22355769230769232 0.04326923076923077 0.014423076923076924