0 0.5901442307692307 0.09495192307692307 0.16346153846153846 0.10817307692307693
0 0.3737980769230769 0.13942307692307693 0.038461538461538464 0.028846153846153848
0 0.35697115384615385 0.24158653846153846 0.03365384615384615 0.028846153846153848
0 0.3942307692307692 0.3317307692307692 0.0673076923076923 0.05048076923076923
0 0.47836538461538464 0.9254807692307693 0.07211538461538461 0.05048076923076923
0 0.375 0.7259615384615384 0.04326923076923077 0.03365384615384615
0 0.375 0.8557692307692307 0.02403846153846154 0.02403846153846154
0 0.4338942307692308 0.3786057692307692 0.09134615384615384 0.052884615384615384
0 0.42427884615384615 0.037259615384615384 0.057692307692307696 0.03365384615384615
1 0.4206730769230769 0.5504807692307693 0.22115384615384615 0.30528846153846156
3 0.6129807692307693 0.021634615384615384 0.11298076923076923 0.038461538461538464