0 0.7872596153846154 0.5504807692307693 0.0673076923076923 0.09134615384615384
0 0.06971153846153846 0.42788461538461536 0.07692307692307693 0.12259615384615384
3 0.6598557692307693 0.47836538461538464 0.19230769230769232 0.08653846153846154
0 0.5216346153846154 0.6057692307692307 0.04326923076923077 0.0625
3 0.41225961538461536 0.6706730769230769 0.07211538461538461 0.08653846153846154
2 0.4074519230769231 0.7680288461538461 0.0673076923076923 0.08653846153846154
0 0.5709134615384616 0.5877403846153846 0.057692307692307696 0.07211538461538461
0 0.14783653846153846 0.6117788461538461 0.019230769230769232 0.03365384615384615
0 0.06610576923076923 0.6057692307692307 0.016826923076923076 0.026442307692307692
0 0.10096153846153846 0.7127403846153846 0.014423076923076924 0.019230769230769232
0 0.17668269230769232 0.6586538461538461 0.01201923076923077 0.01201923076923077
0 0.20432692307692307 0.6526442307692307 0.014423076923076924 0.019230769230769232
0 0.32211538461538464 0.6742788461538461 0.014423076923076924 0.019230769230769232