0 0.1971153846153846 0.5336538461538461 0.07211538461538461 0.09134615384615384
0 0.6971153846153846 0.6490384615384616 0.03365384615384615 0.03365384615384615
3 0.35697115384615385 0.7103365384615384 0.019230769230769232 0.028846153846153848
3 0.5480769230769231 0.7151442307692307 0.019230769230769232 0.028846153846153848
2 0.35697115384615385 0.7439903846153846 0.019230769230769232 0.02403846153846154
0 0.4110576923076923 0.6742788461538461 0.021634615384615384 0.03125
0 0.18629807692307693 0.6442307692307693 0.028846153846153848 0.038461538461538464
3 0.22716346153846154 0.6814903846153846 0.02403846153846154 0.05048076923076923
3 0.6454326923076923 0.6237980769230769 0.0625 0.019230769230769232
4 0.5480769230769231 0.7463942307692307 0.021634615384615384 0.028846153846153848
6 0.4182692307692308 0.7752403846153846 0.021634615384615384 0.02403846153846154
0 0.8725961538461539 0.9026442307692307 0.052884615384615384 0.057692307692307696
0 0.26322115384615385 0.6862980769230769 0.014423076923076924 0.019230769230769232
2 0.22355769230769232 0.7379807692307693 0.014423076923076924 0.04326923076923077