0 0.49038461538461536 0.8401442307692307 0.0673076923076923 0.05048076923076923
0 0.5480769230769231 0.7884615384615384 0.052884615384615384 0.038461538461538464
0 0.5865384615384616 0.6610576923076923 0.038461538461538464 0.02403846153846154
0 0.3581730769230769 0.23798076923076922 0.18269230769230768 0.11538461538461539
0 0.5612980769230769 0.4206730769230769 0.057692307692307696 0.04326923076923077
3 0.6466346153846154 0.3713942307692308 0.02403846153846154 0.019230769230769232
3 0.5324519230769231 0.7199519230769231 0.028846153846153848 0.0889423076923077
6 0.6850961538461539 0.49158653846153844 0.016826923076923076 0.014423076923076924
0 0.6262019230769231 0.453125 0.019230769230769232 0.014423076923076924
0 0.5913461538461539 0.7487980769230769 0.03365384615384615 0.014423076923076924
0 0.625 0.5540865384615384 0.016826923076923076 0.014423076923076924
0 0.7007211538461539 0.6742788461538461 0.014423076923076924 0.014423076923076924
0 0.6334134615384616 0.484375 0.019230769230769232 0.014423076923076924