0 0.9759615384615384 0.3161057692307692 0.014423076923076924 0.009615384615384616
0 0.027644230769230768 0.5144230769230769 0.040865384615384616 0.052884615384615384
0 0.3004807692307692 0.41947115384615385 0.019230769230769232 0.02403846153846154
3 0.23677884615384615 0.5036057692307693 0.10096153846153846 0.040865384615384616
4 0.3894230769230769 0.2800480769230769 0.07211538461538461 0.11538461538461539
0 0.8737980769230769 0.4266826923076923 0.009615384615384616 0.019230769230769232
0 0.7055288461538461 0.39903846153846156 0.014423076923076924 0.019230769230769232
0 0.6887019230769231 0.3942307692307692 0.01201923076923077 0.019230769230769232
0 0.6658653846153846 0.3942307692307692 0.014423076923076924 0.016826923076923076
0 0.6177884615384616 0.3942307692307692 0.009615384615384616 0.01201923076923077
0 0.07692307692307693 0.4375 0.009615384615384616 0.019230769230769232
3 0.38822115384615385 0.421875 0.0889423076923077 0.14423076923076922