0 0.6310096153846154 0.8653846153846154 0.14182692307692307 0.10096153846153846
0 0.4014423076923077 0.10817307692307693 0.04326923076923077 0.03365384615384615
0 0.4014423076923077 0.8653846153846154 0.03365384615384615 0.03365384615384615
0 0.41947115384615385 0.03245192307692308 0.04326923076923077 0.028846153846153848
3 0.3016826923076923 0.6574519230769231 0.03365384615384615 0.014423076923076924
3 0.2932692307692308 0.3942307692307692 0.028846153846153848 0.02403846153846154
0 0.38100961538461536 0.7620192307692307 0.04567307692307692 0.03365384615384615
0 0.4098557692307692 0.9002403846153846 0.038461538461538464 0.016826923076923076
0 0.2247596153846154 0.09495192307692307 0.028846153846153848 0.02403846153846154
0 0.3161057692307692 0.3545673076923077 0.019230769230769232 0.01201923076923077
0 0.37740384615384615 0.03125 0.016826923076923076 0.01201923076923077
3 0.3317307692307692 0.7572115384615384 0.052884615384615384 0.02403846153846154
5 0.2668269230769231 0.7584134615384616 0.052884615384615384 0.02403846153846154
5 0.265625 0.6598557692307693 0.028846153846153848 0.021634615384615384
2 0.25961538461538464 0.39663461538461536 0.03125 0.02403846153846154
3 0.4098557692307692 0.26322115384615385 0.03365384615384615 0.09615384615384616