0 0.7223557692307693 0.5408653846153846 0.05048076923076923 0.06490384615384616
0 0.8365384615384616 0.5961538461538461 0.019230769230769232 0.028846153846153848
0 0.421875 0.6057692307692307 0.021634615384615384 0.028846153846153848
0 0.2932692307692308 0.7728365384615384 0.03365384615384615 0.038461538461538464
0 0.10336538461538461 0.47836538461538464 0.057692307692307696 0.06490384615384616
0 0.6610576923076923 0.6165865384615384 0.014423076923076924 0.019230769230769232
0 0.5252403846153846 0.6670673076923077 0.03125 0.028846153846153848
3 0.7259615384615384 0.6442307692307693 0.02403846153846154 0.028846153846153848
0 0.6442307692307693 0.625 0.014423076923076924 0.016826923076923076
3 0.9591346153846154 0.5048076923076923 0.057692307692307696 0.03125
1 0.5324519230769231 0.6201923076923077 0.1201923076923077 0.10096153846153846
6 0.6622596153846154 0.7067307692307693 0.021634615384615384 0.02403846153846154
3 0.8100961538461539 0.625 0.014423076923076924 0.04567307692307692