0 0.5036057692307693 0.0673076923076923 0.05048076923076923 0.040865384615384616
3 0.5901442307692307 0.13822115384615385 0.07932692307692307 0.036057692307692304
2 0.6959134615384616 0.7139423076923077 0.07451923076923077 0.03365384615384615
3 0.6033653846153846 0.7151442307692307 0.09134615384615384 0.028846153846153848
5 0.6730769230769231 0.13581730769230768 0.07211538461538461 0.03365384615384615
0 0.5420673076923077 0.9807692307692307 0.03365384615384615 0.019230769230769232
0 0.5901442307692307 0.8317307692307693 0.02403846153846154 0.016826923076923076
0 0.6021634615384616 0.265625 0.02403846153846154 0.019230769230769232
0 0.6153846153846154 0.6213942307692307 0.019230769230769232 0.014423076923076924
0 0.6201923076923077 0.6466346153846154 0.019230769230769232 0.014423076923076924
0 0.5985576923076923 0.2091346153846154 0.019230769230769232 0.014423076923076924
3 0.640625 0.5697115384615384 0.038461538461538464 0.028846153846153848
3 0.6286057692307693 0.265625 0.038461538461538464 0.02403846153846154
5 0.6682692307692307 0.26322115384615385 0.03365384615384615 0.026442307692307692
2 0.6838942307692307 0.5697115384615384 0.03365384615384615 0.028846153846153848
0 0.5276442307692307 0.052884615384615384 0.03365384615384615 0.02403846153846154
0 0.5769230769230769 0.9651442307692307 0.019230769230769232 0.014423076923076924
0 0.6778846153846154 0.8617788461538461 0.019230769230769232 0.014423076923076924