0 0.29086538461538464 0.6009615384615384 0.021634615384615384 0.03125
0 0.8918269230769231 0.5745192307692307 0.021634615384615384 0.019230769230769232
0 0.8197115384615384 0.5949519230769231 0.016826923076923076 0.02403846153846154
3 0.030048076923076924 0.5132211538461539 0.04807692307692308 0.18509615384615385
3 0.3557692307692308 0.6382211538461539 0.03365384615384615 0.04807692307692308
3 0.7620192307692307 0.6286057692307693 0.03365384615384615 0.04326923076923077
3 0.7247596153846154 0.6286057692307693 0.019230769230769232 0.04326923076923077
5 0.7620192307692307 0.6838942307692307 0.028846153846153848 0.052884615384615384
2 0.35697115384615385 0.6959134615384616 0.038461538461538464 0.052884615384615384
0 0.2668269230769231 0.6057692307692307 0.014423076923076924 0.028846153846153848
0 0.7596153846153846 0.5877403846153846 0.021634615384615384 0.028846153846153848
0 0.016826923076923076 0.8449519230769231 0.019230769230769232 0.04807692307692308