0 0.7079326923076923 0.18629807692307693 0.19951923076923078 0.1466346153846154
0 0.5877403846153846 0.9495192307692307 0.10576923076923077 0.0625
0 0.17307692307692307 0.46274038461538464 0.052884615384615384 0.052884615384615384
0 0.4074519230769231 0.7668269230769231 0.03125 0.021634615384615384
0 0.3858173076923077 0.7283653846153846 0.016826923076923076 0.014423076923076924
0 0.41346153846153844 0.4326923076923077 0.038461538461538464 0.021634615384615384
0 0.38341346153846156 0.5721153846153846 0.019230769230769232 0.019230769230769232
0 0.33052884615384615 0.3425480769230769 0.028846153846153848 0.028846153846153848
1 0.4098557692307692 0.06129807692307692 0.11538461538461539 0.11778846153846154
1 0.6045673076923077 0.030048076923076924 0.25 0.055288461538461536
0 0.4206730769230769 0.5576923076923077 0.05048076923076923 0.03125
0 0.3713942307692308 0.6778846153846154 0.019230769230769232 0.01201923076923077