0 0.59375 0.4699519230769231 0.07211538461538461 0.052884615384615384
0 0.6430288461538461 0.5673076923076923 0.04807692307692308 0.03365384615384615
3 0.6430288461538461 0.8329326923076923 0.10096153846153846 0.038461538461538464
0 0.8293269230769231 0.09975961538461539 0.05048076923076923 0.03365384615384615
0 0.5745192307692307 0.8990384615384616 0.052884615384615384 0.04326923076923077
3 0.6862980769230769 0.7379807692307693 0.04326923076923077 0.03125
2 0.7572115384615384 0.8377403846153846 0.09134615384615384 0.03365384615384615
2 0.7367788461538461 0.7367788461538461 0.04807692307692308 0.028846153846153848
6 0.8245192307692307 0.5300480769230769 0.03365384615384615 0.021634615384615384
0 0.640625 0.21514423076923078 0.028846153846153848 0.02403846153846154
3 0.703125 0.38221153846153844 0.03365384615384615 0.028846153846153848