0 0.43509615384615385 0.25841346153846156 0.10096153846153846 0.07932692307692307
0 0.4375 0.09014423076923077 0.08653846153846154 0.0625
0 0.5036057692307693 0.8365384615384616 0.0625 0.038461538461538464
3 0.5733173076923077 0.7055288461538461 0.09134615384615384 0.02403846153846154
2 0.671875 0.6322115384615384 0.03365384615384615 0.02403846153846154
3 0.6322115384615384 0.6310096153846154 0.03365384615384615 0.028846153846153848
3 0.6153846153846154 0.33653846153846156 0.038461538461538464 0.026442307692307692
0 0.5192307692307693 0.7884615384615384 0.057692307692307696 0.036057692307692304
0 0.5841346153846154 0.40024038461538464 0.03125 0.02403846153846154
0 0.5901442307692307 0.515625 0.028846153846153848 0.02403846153846154
4 0.6538461538461539 0.33413461538461536 0.03365384615384615 0.02403846153846154
4 0.6634615384615384 0.1875 0.06009615384615385 0.028846153846153848
3 0.5877403846153846 0.18629807692307693 0.07451923076923077 0.03365384615384615
6 0.7271634615384616 0.4495192307692308 0.02403846153846154 0.019230769230769232
2 0.6682692307692307 0.7091346153846154 0.0673076923076923 0.021634615384615384