0 0.4963942307692308 0.44711538461538464 0.057692307692307696 0.08173076923076923
3 0.17427884615384615 0.36658653846153844 0.08413461538461539 0.14423076923076922
2 0.4182692307692308 0.25721153846153844 0.038461538461538464 0.04326923076923077
3 0.4182692307692308 0.31009615384615385 0.03365384615384615 0.05048076923076923
3 0.7596153846153846 0.33774038461538464 0.03365384615384615 0.04567307692307692
0 0.3918269230769231 0.35096153846153844 0.026442307692307692 0.03365384615384615
0 0.44350961538461536 0.3641826923076923 0.028846153846153848 0.038461538461538464
0 0.7836538461538461 0.3918269230769231 0.02403846153846154 0.038461538461538464
0 0.6009615384615384 0.3557692307692308 0.019230769230769232 0.03125
0 0.5661057692307693 0.35336538461538464 0.021634615384615384 0.028846153846153848
2 0.16826923076923078 0.21514423076923078 0.07932692307692307 0.1346153846153846
4 0.7596153846153846 0.28846153846153844 0.03125 0.04326923076923077