0 0.7079326923076923 0.6298076923076923 0.03365384615384615 0.038461538461538464
0 0.4387019230769231 0.6574519230769231 0.026442307692307692 0.03125
0 0.28846153846153844 0.4495192307692308 0.10817307692307693 0.14903846153846154
3 0.2668269230769231 0.6875 0.04326923076923077 0.052884615384615384
3 0.6682692307692307 0.6911057692307693 0.038461538461538464 0.052884615384615384
2 0.265625 0.7487980769230769 0.04326923076923077 0.057692307692307696
0 0.6153846153846154 0.6754807692307693 0.014423076923076924 0.019230769230769232
0 0.5793269230769231 0.6790865384615384 0.014423076923076924 0.019230769230769232
0 0.4807692307692308 0.6550480769230769 0.028846153846153848 0.038461538461538464
0 0.27283653846153844 0.6153846153846154 0.038461538461538464 0.052884615384615384
0 0.23076923076923078 0.6346153846153846 0.028846153846153848 0.04326923076923077
1 0.8822115384615384 0.49399038461538464 0.23317307692307693 0.3701923076923077
4 0.6706730769230769 0.7512019230769231 0.038461538461538464 0.04807692307692308
6 0.4987980769230769 0.8677884615384616 0.038461538461538464 0.06009615384615385