0 0.43990384615384615 0.09735576923076923 0.08173076923076923 0.057692307692307696
0 0.5084134615384616 0.1814903846153846 0.04567307692307692 0.03365384615384615
0 0.5132211538461539 0.10216346153846154 0.04326923076923077 0.026442307692307692
0 0.4723557692307692 0.49278846153846156 0.08653846153846154 0.0673076923076923
0 0.5360576923076923 0.15264423076923078 0.038461538461538464 0.02403846153846154
0 0.5805288461538461 0.22115384615384615 0.02403846153846154 0.016826923076923076
0 0.546875 0.7271634615384616 0.03365384615384615 0.028846153846153848
3 0.6069711538461539 0.4495192307692308 0.06009615384615385 0.021634615384615384
3 0.6213942307692307 0.5733173076923077 0.03125 0.028846153846153848
0 0.5528846153846154 0.18870192307692307 0.03125 0.019230769230769232
0 0.546875 0.2512019230769231 0.04326923076923077 0.028846153846153848
0 0.5661057692307693 0.6911057692307693 0.028846153846153848 0.019230769230769232
0 0.5084134615384616 0.9771634615384616 0.03365384615384615 0.016826923076923076
0 0.4963942307692308 0.9387019230769231 0.04807692307692308 0.026442307692307692
0 0.7355769230769231 0.4362980769230769 0.028846153846153848 0.021634615384615384
2 0.6766826923076923 0.4519230769230769 0.0625 0.026442307692307692
2 0.6586538461538461 0.5733173076923077 0.028846153846153848 0.028846153846153848
0 0.5444711538461539 0.12860576923076922 0.028846153846153848 0.016826923076923076
0 0.59375 0.29447115384615385 0.016826923076923076 0.014423076923076924