0 0.46875 0.5012019230769231 0.09134615384615384 0.07451923076923077
0 0.43028846153846156 0.9086538461538461 0.09134615384615384 0.057692307692307696
3 0.46153846153846156 0.7908653846153846 0.04807692307692308 0.10576923076923077
0 0.5456730769230769 0.7475961538461539 0.038461538461538464 0.028846153846153848
0 0.5348557692307693 0.8485576923076923 0.038461538461538464 0.019230769230769232
0 0.5072115384615384 0.8197115384615384 0.052884615384615384 0.04326923076923077
0 0.5480769230769231 0.2620192307692308 0.03365384615384615 0.03125
2 0.6730769230769231 0.5432692307692307 0.05048076923076923 0.028846153846153848
2 0.6586538461538461 0.4206730769230769 0.028846153846153848 0.02403846153846154
3 0.609375 0.546875 0.057692307692307696 0.021634615384615384
3 0.6213942307692307 0.4230769230769231 0.03365384615384615 0.028846153846153848
0 0.5949519230769231 0.7043269230769231 0.019230769230769232 0.014423076923076924
0 0.5817307692307693 0.7776442307692307 0.019230769230769232 0.01201923076923077
0 0.5516826923076923 0.8100961538461539 0.028846153846153848 0.02403846153846154
0 0.5444711538461539 0.8701923076923077 0.03125 0.021634615384615384
0 0.5661057692307693 0.3016826923076923 0.03125 0.021634615384615384
0 0.4987980769230769 0.054086538461538464 0.038461538461538464 0.03365384615384615
3 0.5925480769230769 0.15985576923076922 0.03365384615384615 0.021634615384615384