0 0.47836538461538464 0.328125 0.0673076923076923 0.052884615384615384
3 0.38221153846153844 0.6574519230769231 0.08173076923076923 0.038461538461538464
3 0.3629807692307692 0.5144230769230769 0.038461538461538464 0.028846153846153848
2 0.296875 0.6598557692307693 0.07211538461538461 0.036057692307692304
4 0.3401442307692308 0.0625 0.07451923076923077 0.038461538461538464
6 0.2644230769230769 0.3557692307692308 0.038461538461538464 0.02403846153846154
2 0.32091346153846156 0.515625 0.03365384615384615 0.028846153846153848
0 0.41586538461538464 0.2668269230769231 0.03365384615384615 0.016826923076923076
0 0.39903846153846156 0.5697115384615384 0.03125 0.026442307692307692
0 0.4110576923076923 0.7247596153846154 0.03125 0.02403846153846154
3 0.44711538461538464 0.0733173076923077 0.10096153846153846 0.040865384615384616