0 0.5180288461538461 0.4074519230769231 0.016826923076923076 0.028846153846153848
0 0.44350961538461536 0.453125 0.04326923076923077 0.04807692307692308
0 0.36778846153846156 0.5036057692307693 0.0625 0.06490384615384616
0 0.36538461538461536 0.42427884615384615 0.026442307692307692 0.03125
0 0.8882211538461539 0.4375 0.016826923076923076 0.028846153846153848
0 0.8197115384615384 0.4230769230769231 0.014423076923076924 0.02403846153846154
3 0.49278846153846156 0.5216346153846154 0.12980769230769232 0.04326923076923077
3 0.6346153846153846 0.3713942307692308 0.021634615384615384 0.03365384615384615
0 0.3016826923076923 0.44350961538461536 0.03365384615384615 0.03365384615384615
3 0.5324519230769231 0.3713942307692308 0.014423076923076924 0.019230769230769232
2 0.6346153846153846 0.3317307692307692 0.021634615384615384 0.03125
2 0.5324519230769231 0.3389423076923077 0.016826923076923076 0.02403846153846154
6 0.46153846153846156 0.3088942307692308 0.019230769230769232 0.019230769230769232