0 0.5012019230769231 0.53125 0.07451923076923077 0.09134615384615384
0 0.9086538461538461 0.5697115384615384 0.057692307692307696 0.09134615384615384
3 0.7908653846153846 0.5384615384615384 0.10576923076923077 0.04807692307692308
0 0.7475961538461539 0.4543269230769231 0.028846153846153848 0.038461538461538464
0 0.8485576923076923 0.4651442307692308 0.019230769230769232 0.038461538461538464
0 0.8197115384615384 0.49278846153846156 0.04326923076923077 0.052884615384615384
0 0.2620192307692308 0.4519230769230769 0.03125 0.03365384615384615
2 0.5432692307692307 0.3269230769230769 0.028846153846153848 0.05048076923076923
2 0.4206730769230769 0.34134615384615385 0.02403846153846154 0.028846153846153848
3 0.546875 0.390625 0.021634615384615384 0.057692307692307696
3 0.4230769230769231 0.3786057692307692 0.028846153846153848 0.03365384615384615
0 0.7043269230769231 0.4050480769230769 0.014423076923076924 0.019230769230769232
0 0.7776442307692307 0.4182692307692308 0.01201923076923077 0.019230769230769232
0 0.8100961538461539 0.4483173076923077 0.02403846153846154 0.028846153846153848
0 0.8701923076923077 0.45552884615384615 0.021634615384615384 0.03125
0 0.3016826923076923 0.4338942307692308 0.021634615384615384 0.03125
0 0.054086538461538464 0.5012019230769231 0.03365384615384615 0.038461538461538464
3 0.15985576923076922 0.4074519230769231 0.021634615384615384 0.03365384615384615