0 0.5661057692307693 0.5168269230769231 0.0985576923076923 0.1346153846153846
0 0.2848557692307692 0.39302884615384615 0.040865384615384616 0.052884615384615384
3 0.47596153846153844 0.31850961538461536 0.03365384615384615 0.08653846153846154
0 0.21033653846153846 0.35697115384615385 0.021634615384615384 0.028846153846153848
0 0.33774038461538464 0.35336538461538464 0.02403846153846154 0.03125
0 0.3737980769230769 0.3401442307692308 0.016826923076923076 0.028846153846153848
3 0.3557692307692308 0.3112980769230769 0.02403846153846154 0.038461538461538464
2 0.4807692307692308 0.22596153846153846 0.028846153846153848 0.0673076923076923
0 0.23798076923076922 0.35216346153846156 0.016826923076923076 0.02403846153846154
2 0.3557692307692308 0.2692307692307692 0.028846153846153848 0.038461538461538464
1 0.04326923076923077 0.4170673076923077 0.08173076923076923 0.15144230769230768