0 0.6454326923076923 0.5769230769230769 0.20432692307692307 0.13942307692307693
0 0.3942307692307692 0.5588942307692307 0.0673076923076923 0.057692307692307696
0 0.39663461538461536 0.34975961538461536 0.06490384615384616 0.052884615384615384
0 0.4411057692307692 0.9411057692307693 0.0673076923076923 0.038461538461538464
0 0.37740384615384615 0.32572115384615385 0.05048076923076923 0.036057692307692304
0 0.3701923076923077 0.13701923076923078 0.028846153846153848 0.021634615384615384
0 0.3545673076923077 0.11057692307692307 0.016826923076923076 0.01201923076923077
0 0.35216346153846156 0.08653846153846154 0.016826923076923076 0.014423076923076924
0 0.3329326923076923 0.21634615384615385 0.019230769230769232 0.014423076923076924
0 0.3329326923076923 0.19110576923076922 0.019230769230769232 0.014423076923076924
0 0.31971153846153844 0.3269230769230769 0.014423076923076924 0.014423076923076924
0 0.3112980769230769 0.5192307692307693 0.019230769230769232 0.01201923076923077