0 0.3112980769230769 0.5396634615384616 0.055288461538461536 0.07211538461538461
0 0.4723557692307692 0.6009615384615384 0.028846153846153848 0.03365384615384615
0 0.5216346153846154 0.5973557692307693 0.028846153846153848 0.038461538461538464
3 0.38100961538461536 0.6370192307692307 0.03365384615384615 0.057692307692307696
2 0.38100961538461536 0.7007211538461539 0.03365384615384615 0.057692307692307696
0 0.9699519230769231 0.40384615384615385 0.052884615384615384 0.10576923076923077
0 0.13581730769230768 0.5733173076923077 0.021634615384615384 0.028846153846153848
3 0.8942307692307693 0.5685096153846154 0.057692307692307696 0.07451923076923077
2 0.8990384615384616 0.6610576923076923 0.057692307692307696 0.08653846153846154
0 0.6322115384615384 0.59375 0.03365384615384615 0.038461538461538464
6 0.4338942307692308 0.8641826923076923 0.04567307692307692 0.09134615384615384
3 0.5973557692307693 0.5661057692307693 0.057692307692307696 0.02403846153846154