4 0.6838942307692307 0.27163461538461536 0.0673076923076923 0.036057692307692304
4 0.6694711538461539 0.4423076923076923 0.03125 0.028846153846153848
2 0.65625 0.8713942307692307 0.09134615384615384 0.03125
2 0.6706730769230769 0.7596153846153846 0.04326923076923077 0.026442307692307692
3 0.6286057692307693 0.44711538461538464 0.03365384615384615 0.028846153846153848
3 0.6225961538461539 0.7620192307692307 0.038461538461538464 0.028846153846153848
3 0.6033653846153846 0.27283653846153844 0.07211538461538461 0.038461538461538464
0 0.3786057692307692 0.3269230769230769 0.12980769230769232 0.10336538461538461
0 0.41225961538461536 0.12139423076923077 0.10817307692307693 0.06971153846153846
0 0.5841346153846154 0.6418269230769231 0.03365384615384615 0.02403846153846154
3 0.5444711538461539 0.8677884615384616 0.09134615384615384 0.028846153846153848
0 0.4639423076923077 0.9639423076923077 0.0673076923076923 0.04807692307692308
0 0.5096153846153846 0.05889423076923077 0.03365384615384615 0.028846153846153848
0 0.5901442307692307 0.5144230769230769 0.028846153846153848 0.02403846153846154