0 0.5168269230769231 0.5012019230769231 0.0625 0.08173076923076923
0 0.36658653846153844 0.4879807692307692 0.052884615384615384 0.07211538461538461
3 0.4206730769230769 0.38100961538461536 0.026442307692307692 0.052884615384615384
3 0.5504807692307693 0.3737980769230769 0.02403846153846154 0.03125
0 0.6105769230769231 0.40625 0.014423076923076924 0.019230769230769232
0 0.7175480769230769 0.41346153846153844 0.014423076923076924 0.02403846153846154
6 0.6574519230769231 0.28125 0.014423076923076924 0.016826923076923076
4 0.4230769230769231 0.31850961538461536 0.02403846153846154 0.05048076923076923
0 0.9423076923076923 0.5024038461538461 0.03125 0.05048076923076923
4 0.5444711538461539 0.3317307692307692 0.019230769230769232 0.02403846153846154
2 0.8810096153846154 0.3605769230769231 0.014423076923076924 0.057692307692307696
3 0.8762019230769231 0.4411057692307692 0.016826923076923076 0.0625
3 0.8221153846153846 0.3870192307692308 0.019230769230769232 0.03365384615384615
2 0.8221153846153846 0.3485576923076923 0.021634615384615384 0.028846153846153848