0 0.4579326923076923 0.4567307692307692 0.05048076923076923 0.04326923076923077
0 0.4338942307692308 0.27283653846153844 0.03125 0.019230769230769232
0 0.5024038461538461 0.8882211538461539 0.052884615384615384 0.036057692307692304
3 0.4326923076923077 0.08173076923076923 0.08653846153846154 0.052884615384615384
3 0.4050480769230769 0.6286057692307693 0.07211538461538461 0.05048076923076923
0 0.4098557692307692 0.4182692307692308 0.019230769230769232 0.014423076923076924
0 0.5420673076923077 0.3557692307692308 0.09615384615384616 0.07211538461538461
4 0.3245192307692308 0.6274038461538461 0.07211538461538461 0.04567307692307692
6 0.08413461538461539 0.3473557692307692 0.12259615384615384 0.0625
2 0.3401442307692308 0.08052884615384616 0.08653846153846154 0.055288461538461536
6 0.3293269230769231 0.34615384615384615 0.019230769230769232 0.009615384615384616
3 0.5504807692307693 0.8509615384615384 0.05048076923076923 0.11538461538461539
3 0.40384615384615385 0.5877403846153846 0.07211538461538461 0.019230769230769232