0 0.27163461538461536 0.45552884615384615 0.07211538461538461 0.09134615384615384
0 0.38341346153846156 0.33774038461538464 0.028846153846153848 0.03365384615384615
1 0.24639423076923078 0.33052884615384615 0.10576923076923077 0.08653846153846154
2 0.5552884615384616 0.23557692307692307 0.038461538461538464 0.04567307692307692
0 0.11538461538461539 0.3786057692307692 0.02403846153846154 0.03365384615384615
3 0.5552884615384616 0.29086538461538464 0.040865384615384616 0.04326923076923077
2 0.8028846153846154 0.23076923076923078 0.0625 0.11778846153846154
3 0.7932692307692307 0.38461538461538464 0.0673076923076923 0.14903846153846154
0 0.6237980769230769 0.33653846153846156 0.019230769230769232 0.03125
1 0.49038461538461536 0.2860576923076923 0.0673076923076923 0.038461538461538464
6 0.3557692307692308 0.17548076923076922 0.026442307692307692 0.04567307692307692
0 0.6057692307692307 0.33052884615384615 0.02403846153846154 0.028846153846153848