0 0.40384615384615385 0.47596153846153844 0.07451923076923077 0.057692307692307696
0 0.35336538461538464 0.6887019230769231 0.038461538461538464 0.03125
0 0.4963942307692308 0.9603365384615384 0.09375 0.0625
3 0.2980769230769231 0.5372596153846154 0.0673076923076923 0.028846153846153848
2 0.2247596153846154 0.5336538461538461 0.052884615384615384 0.02403846153846154
0 0.4567307692307692 0.9362980769230769 0.07451923076923077 0.052884615384615384
0 0.33052884615384615 0.6598557692307693 0.03125 0.021634615384615384
0 0.3161057692307692 0.6322115384615384 0.019230769230769232 0.01201923076923077
0 0.33533653846153844 0.7764423076923077 0.02403846153846154 0.014423076923076924
0 0.3293269230769231 0.7524038461538461 0.019230769230769232 0.014423076923076924
2 0.2536057692307692 0.6490384615384616 0.028846153846153848 0.02403846153846154
3 0.2932692307692308 0.6490384615384616 0.03365384615384615 0.026442307692307692
6 0.22235576923076922 0.7728365384615384 0.019230769230769232 0.021634615384615384
1 0.3389423076923077 0.8762019230769231 0.10096153846153846 0.10576923076923077