0 0.6286057692307693 0.3762019230769231 0.04567307692307692 0.03125
0 0.6742788461538461 0.39663461538461536 0.019230769230769232 0.014423076923076924
1 0.6598557692307693 0.6057692307692307 0.09134615384615384 0.14182692307692307
0 0.4411057692307692 0.9735576923076923 0.11538461538461539 0.04326923076923077
0 0.8810096153846154 0.9110576923076923 0.05048076923076923 0.03365384615384615
0 0.5973557692307693 0.056490384615384616 0.04326923076923077 0.026442307692307692
0 0.6105769230769231 0.14182692307692307 0.04326923076923077 0.03125
3 0.6670673076923077 0.2247596153846154 0.0673076923076923 0.036057692307692304
4 0.7379807692307693 0.21754807692307693 0.0625 0.036057692307692304
0 0.6814903846153846 0.4411057692307692 0.016826923076923076 0.014423076923076924
6 0.7872596153846154 0.4675480769230769 0.02403846153846154 0.019230769230769232