0 0.5769230769230769 0.6622596153846154 0.08173076923076923 0.057692307692307696
0 0.5697115384615384 0.078125 0.06009615384615385 0.04326923076923077
0 0.6346153846153846 0.5324519230769231 0.04807692307692308 0.038461538461538464
3 0.6742788461538461 0.23557692307692307 0.07211538461538461 0.04567307692307692
2 0.7524038461538461 0.23557692307692307 0.0625 0.04807692307692308
0 0.6358173076923077 0.17427884615384615 0.04567307692307692 0.028846153846153848
0 0.6213942307692307 0.8233173076923077 0.04326923076923077 0.02403846153846154
3 0.6694711538461539 0.7932692307692307 0.06490384615384616 0.03365384615384615
0 0.6117788461538461 0.8605769230769231 0.038461538461538464 0.028846153846153848
6 0.9338942307692307 0.6081730769230769 0.09615384615384616 0.055288461538461536
2 0.7463942307692307 0.7932692307692307 0.06490384615384616 0.03365384615384615