3 0.9002403846153846 0.4026442307692308 0.040865384615384616 0.057692307692307696
3 0.5036057692307693 0.3581730769230769 0.04326923076923077 0.052884615384615384
5 0.5048076923076923 0.2980769230769231 0.040865384615384616 0.05048076923076923
2 0.9050480769230769 0.3401442307692308 0.038461538461538464 0.057692307692307696
0 0.046875 0.13942307692307693 0.057692307692307696 0.0673076923076923
0 0.5372596153846154 0.38822115384615385 0.019230769230769232 0.028846153846153848
0 0.44350961538461536 0.3942307692307692 0.021634615384615384 0.03365384615384615
0 0.8569711538461539 0.42788461538461536 0.02403846153846154 0.03125
0 0.36658653846153844 0.3870192307692308 0.016826923076923076 0.02403846153846154
0 0.8052884615384616 0.40865384615384615 0.019230769230769232 0.02403846153846154
0 0.20793269230769232 0.3954326923076923 0.014423076923076924 0.019230769230769232