0 0.5925480769230769 0.5180288461538461 0.028846153846153848 0.016826923076923076
0 0.546875 0.44350961538461536 0.04807692307692308 0.04326923076923077
0 0.4963942307692308 0.36778846153846156 0.06490384615384616 0.0625
0 0.5757211538461539 0.36538461538461536 0.03125 0.026442307692307692
0 0.5625 0.8882211538461539 0.028846153846153848 0.016826923076923076
0 0.5769230769230769 0.8197115384615384 0.02403846153846154 0.014423076923076924
3 0.47836538461538464 0.49278846153846156 0.04326923076923077 0.12980769230769232
3 0.6286057692307693 0.6346153846153846 0.03365384615384615 0.021634615384615384
0 0.5564903846153846 0.3016826923076923 0.03365384615384615 0.03365384615384615
3 0.6286057692307693 0.5324519230769231 0.019230769230769232 0.014423076923076924
2 0.6682692307692307 0.6346153846153846 0.03125 0.021634615384615384
2 0.6610576923076923 0.5324519230769231 0.02403846153846154 0.016826923076923076
6 0.6911057692307693 0.46153846153846156 0.019230769230769232 0.019230769230769232