0 0.421875 0.6466346153846154 0.12740384615384615 0.11538461538461539
4 0.6658653846153846 0.9134615384615384 0.06490384615384616 0.021634615384615384
4 0.7019230769230769 0.4254807692307692 0.057692307692307696 0.04326923076923077
2 0.6502403846153846 0.9519230769230769 0.0673076923076923 0.040865384615384616
0 0.5685096153846154 0.7908653846153846 0.04326923076923077 0.028846153846153848
0 0.5300480769230769 0.14182692307692307 0.057692307692307696 0.04807692307692308
3 0.5721153846153846 0.9459134615384616 0.07211538461538461 0.04326923076923077
3 0.5841346153846154 0.9110576923076923 0.07692307692307693 0.019230769230769232
6 0.8713942307692307 0.6286057692307693 0.09134615384615384 0.04807692307692308
0 0.1201923076923077 0.28966346153846156 0.23076923076923078 0.23317307692307693
3 0.6370192307692307 0.42788461538461536 0.0625 0.038461538461538464