0 0.43990384615384615 0.9026442307692307 0.08173076923076923 0.057692307692307696
0 0.5084134615384616 0.8185096153846154 0.04567307692307692 0.03365384615384615
0 0.5132211538461539 0.8978365384615384 0.04326923076923077 0.026442307692307692
0 0.4723557692307692 0.5072115384615384 0.08653846153846154 0.0673076923076923
0 0.5360576923076923 0.8473557692307693 0.038461538461538464 0.02403846153846154
0 0.5805288461538461 0.7788461538461539 0.02403846153846154 0.016826923076923076
0 0.546875 0.27283653846153844 0.03365384615384615 0.028846153846153848
3 0.6069711538461539 0.5504807692307693 0.06009615384615385 0.021634615384615384
3 0.6213942307692307 0.4266826923076923 0.03125 0.028846153846153848
0 0.5528846153846154 0.8112980769230769 0.03125 0.019230769230769232
0 0.546875 0.7487980769230769 0.04326923076923077 0.028846153846153848
0 0.5661057692307693 0.3088942307692308 0.028846153846153848 0.019230769230769232
0 0.5084134615384616 0.02283653846153846 0.03365384615384615 0.016826923076923076
0 0.4963942307692308 0.06129807692307692 0.04807692307692308 0.026442307692307692
0 0.7355769230769231 0.5637019230769231 0.028846153846153848 0.021634615384615384
2 0.6766826923076923 0.5480769230769231 0.0625 0.026442307692307692
2 0.6586538461538461 0.4266826923076923 0.028846153846153848 0.028846153846153848
0 0.5444711538461539 0.8713942307692307 0.028846153846153848 0.016826923076923076
0 0.59375 0.7055288461538461 0.016826923076923076 0.014423076923076924