0 0.5697115384615384 0.3737980769230769 0.04807692307692308 0.06009615384615385
3 0.22956730769230768 0.30288461538461536 0.040865384615384616 0.06009615384615385
4 0.22596153846153846 0.24278846153846154 0.040865384615384616 0.04807692307692308
3 0.6838942307692307 0.2860576923076923 0.04567307692307692 0.06009615384615385
2 0.6850961538461539 0.22235576923076922 0.04807692307692308 0.057692307692307696
0 0.5216346153846154 0.3125 0.021634615384615384 0.02403846153846154
0 0.39903846153846156 0.3088942307692308 0.019230769230769232 0.02403846153846154
3 0.6442307692307693 0.29447115384615385 0.014423076923076924 0.06490384615384616
6 0.38221153846153844 0.08533653846153846 0.052884615384615384 0.07211538461538461
4 0.6454326923076923 0.2283653846153846 0.014423076923076924 0.052884615384615384
0 0.08413461538461539 0.35336538461538464 0.014423076923076924 0.02403846153846154
0 0.04326923076923077 0.3605769230769231 0.014423076923076924 0.019230769230769232