0 0.4831730769230769 0.5661057692307693 0.1346153846153846 0.0985576923076923
0 0.6069711538461539 0.2848557692307692 0.052884615384615384 0.040865384615384616
3 0.6814903846153846 0.47596153846153844 0.08653846153846154 0.03365384615384615
0 0.6430288461538461 0.21033653846153846 0.028846153846153848 0.019230769230769232
0 0.6466346153846154 0.33774038461538464 0.03125 0.02403846153846154
0 0.6598557692307693 0.3737980769230769 0.028846153846153848 0.016826923076923076
3 0.6887019230769231 0.3557692307692308 0.038461538461538464 0.02403846153846154
2 0.7740384615384616 0.4807692307692308 0.0673076923076923 0.028846153846153848
0 0.6478365384615384 0.23798076923076922 0.02403846153846154 0.016826923076923076
2 0.7307692307692307 0.3557692307692308 0.038461538461538464 0.028846153846153848
1 0.5829326923076923 0.042067307692307696 0.14903846153846154 0.08413461538461539