0 0.6454326923076923 0.4230769230769231 0.20432692307692307 0.13942307692307693
0 0.3942307692307692 0.4411057692307692 0.0673076923076923 0.057692307692307696
0 0.39663461538461536 0.6502403846153846 0.06490384615384616 0.052884615384615384
0 0.4411057692307692 0.05889423076923077 0.0673076923076923 0.038461538461538464
0 0.37740384615384615 0.6742788461538461 0.05048076923076923 0.036057692307692304
0 0.3701923076923077 0.8629807692307693 0.028846153846153848 0.021634615384615384
0 0.3545673076923077 0.8894230769230769 0.016826923076923076 0.01201923076923077
0 0.35216346153846156 0.9134615384615384 0.016826923076923076 0.016826923076923076
0 0.3329326923076923 0.7836538461538461 0.019230769230769232 0.014423076923076924
0 0.3329326923076923 0.8088942307692307 0.019230769230769232 0.014423076923076924
0 0.31971153846153844 0.6730769230769231 0.014423076923076924 0.014423076923076924
0 0.3112980769230769 0.4807692307692308 0.019230769230769232 0.01201923076923077