0 0.5528846153846154 0.5036057692307693 0.08173076923076923 0.057692307692307696
3 0.6334134615384616 0.8257211538461539 0.14423076923076922 0.08173076923076923
2 0.7427884615384616 0.5817307692307693 0.04326923076923077 0.038461538461538464
3 0.6899038461538461 0.5817307692307693 0.05048076923076923 0.03365384615384615
3 0.6622596153846154 0.2403846153846154 0.04567307692307692 0.03365384615384615
0 0.6490384615384616 0.6081730769230769 0.03365384615384615 0.026442307692307692
0 0.6358173076923077 0.5564903846153846 0.038461538461538464 0.028846153846153848
0 0.6081730769230769 0.21634615384615385 0.038461538461538464 0.02403846153846154
0 0.6442307692307693 0.39903846153846156 0.03125 0.019230769230769232
0 0.6466346153846154 0.4338942307692308 0.028846153846153848 0.021634615384615384
2 0.7848557692307693 0.8317307692307693 0.1346153846153846 0.07932692307692307
4 0.7115384615384616 0.2403846153846154 0.04326923076923077 0.03125