0 0.9278846153846154 0.24639423076923078 0.1346153846153846 0.16346153846153846
0 0.24759615384615385 0.5540865384615384 0.03365384615384615 0.038461538461538464
0 0.21995192307692307 0.5625 0.014423076923076924 0.038461538461538464
3 0.34134615384615385 0.6069711538461539 0.052884615384615384 0.07692307692307693
5 0.9050480769230769 0.6442307692307693 0.028846153846153848 0.0625
0 0.9158653846153846 0.5168269230769231 0.02403846153846154 0.05048076923076923
3 0.9026442307692307 0.5757211538461539 0.03125 0.052884615384615384
2 0.8653846153846154 0.6514423076923077 0.028846153846153848 0.06490384615384616
3 0.8629807692307693 0.5757211538461539 0.03365384615384615 0.07211538461538461
2 0.34134615384615385 0.6911057692307693 0.052884615384615384 0.07451923076923077
0 0.9326923076923077 0.5372596153846154 0.01201923076923077 0.019230769230769232
0 0.036057692307692304 0.5504807692307693 0.016826923076923076 0.019230769230769232