0 0.48197115384615385 0.5925480769230769 0.016826923076923076 0.028846153846153848
0 0.5564903846153846 0.546875 0.04326923076923077 0.04807692307692308
0 0.6322115384615384 0.4963942307692308 0.0625 0.06490384615384616
0 0.6346153846153846 0.5757211538461539 0.026442307692307692 0.03125
0 0.11177884615384616 0.5625 0.016826923076923076 0.028846153846153848
0 0.18028846153846154 0.5769230769230769 0.014423076923076924 0.02403846153846154
3 0.5072115384615384 0.47836538461538464 0.12980769230769232 0.04326923076923077
3 0.36538461538461536 0.6286057692307693 0.021634615384615384 0.03365384615384615
0 0.6983173076923077 0.5564903846153846 0.03365384615384615 0.03365384615384615
3 0.4675480769230769 0.6286057692307693 0.014423076923076924 0.019230769230769232
2 0.36538461538461536 0.6682692307692307 0.021634615384615384 0.03125
2 0.4675480769230769 0.6610576923076923 0.016826923076923076 0.02403846153846154
6 0.5384615384615384 0.6911057692307693 0.019230769230769232 0.019230769230769232