0 0.35336538461538464 0.578125 0.11538461538461539 0.12740384615384615
4 0.08653846153846154 0.33413461538461536 0.021634615384615384 0.06490384615384616
4 0.5745192307692307 0.2980769230769231 0.04326923076923077 0.057692307692307696
2 0.04807692307692308 0.34975961538461536 0.040865384615384616 0.0673076923076923
0 0.2091346153846154 0.43149038461538464 0.028846153846153848 0.04326923076923077
0 0.8581730769230769 0.4699519230769231 0.04807692307692308 0.057692307692307696
3 0.054086538461538464 0.42788461538461536 0.04326923076923077 0.07211538461538461
3 0.0889423076923077 0.41586538461538464 0.019230769230769232 0.07692307692307693
6 0.3713942307692308 0.12860576923076922 0.04807692307692308 0.09134615384615384
0 0.7103365384615384 0.8798076923076923 0.23317307692307693 0.23076923076923078
3 0.5721153846153846 0.3629807692307692 0.038461538461538464 0.0625