0 0.5961538461538461 0.47596153846153844 0.07451923076923077 0.057692307692307696
0 0.6466346153846154 0.6887019230769231 0.038461538461538464 0.03125
0 0.5036057692307693 0.9603365384615384 0.09375 0.0625
3 0.7019230769230769 0.5372596153846154 0.0673076923076923 0.028846153846153848
2 0.7752403846153846 0.5336538461538461 0.052884615384615384 0.02403846153846154
0 0.5432692307692307 0.9362980769230769 0.07451923076923077 0.052884615384615384
0 0.6694711538461539 0.6598557692307693 0.03125 0.021634615384615384
0 0.6838942307692307 0.6322115384615384 0.019230769230769232 0.01201923076923077
0 0.6646634615384616 0.7764423076923077 0.02403846153846154 0.014423076923076924
0 0.6706730769230769 0.7524038461538461 0.019230769230769232 0.014423076923076924
2 0.7463942307692307 0.6490384615384616 0.028846153846153848 0.02403846153846154
3 0.7067307692307693 0.6490384615384616 0.03365384615384615 0.026442307692307692
6 0.7776442307692307 0.7728365384615384 0.019230769230769232 0.021634615384615384
1 0.6610576923076923 0.8762019230769231 0.10096153846153846 0.10576923076923077