0 0.5396634615384616 0.6887019230769231 0.07211538461538461 0.055288461538461536
0 0.6009615384615384 0.5276442307692307 0.03365384615384615 0.028846153846153848
0 0.5973557692307693 0.47836538461538464 0.038461538461538464 0.028846153846153848
3 0.6370192307692307 0.6189903846153846 0.057692307692307696 0.03365384615384615
2 0.7007211538461539 0.6189903846153846 0.057692307692307696 0.03365384615384615
0 0.40384615384615385 0.030048076923076924 0.10576923076923077 0.052884615384615384
0 0.5733173076923077 0.8641826923076923 0.028846153846153848 0.021634615384615384
3 0.5685096153846154 0.10576923076923077 0.07451923076923077 0.057692307692307696
2 0.6610576923076923 0.10096153846153846 0.08653846153846154 0.057692307692307696
0 0.59375 0.36778846153846156 0.038461538461538464 0.03365384615384615
6 0.8641826923076923 0.5661057692307693 0.09134615384615384 0.04567307692307692
3 0.5661057692307693 0.4026442307692308 0.02403846153846154 0.057692307692307696