0 0.8762019230769231 0.6694711538461539 0.14182692307692307 0.22355769230769232
0 0.5576923076923077 0.36658653846153844 0.040865384615384616 0.04567307692307692
3 0.34975961538461536 0.33774038461538464 0.057692307692307696 0.08653846153846154
3 0.40024038461538464 0.328125 0.021634615384615384 0.09375
3 0.9723557692307693 0.35697115384615385 0.03365384615384615 0.08173076923076923
2 0.3473557692307692 0.24158653846153846 0.057692307692307696 0.08173076923076923
0 0.6887019230769231 0.3233173076923077 0.016826923076923076 0.019230769230769232
0 0.8629807692307693 0.3557692307692308 0.019230769230769232 0.03125
4 0.39663461538461536 0.23197115384615385 0.026442307692307692 0.08653846153846154
4 0.9747596153846154 0.2800480769230769 0.03365384615384615 0.0673076923076923
1 0.6322115384615384 0.3076923076923077 0.09615384615384616 0.06009615384615385
6 0.9387019230769231 0.03125 0.07932692307692307 0.057692307692307696