0 0.4230769230769231 0.33774038461538464 0.08173076923076923 0.057692307692307696
0 0.43028846153846156 0.921875 0.06009615384615385 0.04326923076923077
0 0.36538461538461536 0.4675480769230769 0.04807692307692308 0.038461538461538464
3 0.32572115384615385 0.7644230769230769 0.07211538461538461 0.04567307692307692
2 0.24759615384615385 0.7644230769230769 0.0625 0.04807692307692308
0 0.3641826923076923 0.8257211538461539 0.04567307692307692 0.028846153846153848
0 0.3786057692307692 0.17668269230769232 0.04326923076923077 0.02403846153846154
3 0.33052884615384615 0.20673076923076922 0.06490384615384616 0.03365384615384615
0 0.38822115384615385 0.13942307692307693 0.038461538461538464 0.028846153846153848
6 0.06610576923076923 0.3918269230769231 0.09615384615384616 0.055288461538461536
2 0.2536057692307692 0.20673076923076922 0.06490384615384616 0.03365384615384615