0 0.9278846153846154 0.7536057692307693 0.1346153846153846 0.16346153846153846
0 0.24759615384615385 0.44591346153846156 0.03365384615384615 0.038461538461538464
0 0.21995192307692307 0.4375 0.014423076923076924 0.038461538461538464
3 0.34134615384615385 0.39302884615384615 0.052884615384615384 0.07692307692307693
5 0.9050480769230769 0.3557692307692308 0.028846153846153848 0.0625
0 0.9158653846153846 0.4831730769230769 0.02403846153846154 0.05048076923076923
3 0.9026442307692307 0.42427884615384615 0.03125 0.052884615384615384
2 0.8653846153846154 0.3485576923076923 0.028846153846153848 0.06490384615384616
3 0.8629807692307693 0.42427884615384615 0.03365384615384615 0.07211538461538461
2 0.34134615384615385 0.3088942307692308 0.052884615384615384 0.07451923076923077
0 0.9326923076923077 0.46274038461538464 0.01201923076923077 0.019230769230769232
0 0.036057692307692304 0.4495192307692308 0.014423076923076924 0.019230769230769232