0 0.45552884615384615 0.7283653846153846 0.09134615384615384 0.07211538461538461
0 0.33774038461538464 0.6165865384615384 0.03365384615384615 0.028846153846153848
1 0.33052884615384615 0.7536057692307693 0.08653846153846154 0.10576923076923077
2 0.23557692307692307 0.44471153846153844 0.04567307692307692 0.038461538461538464
0 0.3786057692307692 0.8846153846153846 0.03365384615384615 0.02403846153846154
3 0.29086538461538464 0.44471153846153844 0.04326923076923077 0.040865384615384616
2 0.23076923076923078 0.1971153846153846 0.11538461538461539 0.0625
3 0.38461538461538464 0.20673076923076922 0.14903846153846154 0.0673076923076923
0 0.33653846153846156 0.3762019230769231 0.03125 0.019230769230769232
1 0.2860576923076923 0.5096153846153846 0.038461538461538464 0.0673076923076923
6 0.17548076923076922 0.6442307692307693 0.04567307692307692 0.026442307692307692
0 0.33052884615384615 0.3942307692307692 0.028846153846153848 0.02403846153846154