0 0.3701923076923077 0.7079326923076923 0.038461538461538464 0.03365384615384615
0 0.3425480769230769 0.4387019230769231 0.03125 0.026442307692307692
0 0.5504807692307693 0.28846153846153844 0.14903846153846154 0.10817307692307693
3 0.3125 0.2668269230769231 0.052884615384615384 0.04326923076923077
3 0.3088942307692308 0.6682692307692307 0.052884615384615384 0.038461538461538464
2 0.2512019230769231 0.265625 0.057692307692307696 0.04326923076923077
0 0.3245192307692308 0.6153846153846154 0.019230769230769232 0.014423076923076924
0 0.32091346153846156 0.5793269230769231 0.019230769230769232 0.014423076923076924
0 0.3449519230769231 0.4807692307692308 0.038461538461538464 0.028846153846153848
0 0.38461538461538464 0.27283653846153844 0.052884615384615384 0.038461538461538464
0 0.36538461538461536 0.23076923076923078 0.04326923076923077 0.028846153846153848
1 0.5060096153846154 0.8822115384615384 0.3701923076923077 0.23317307692307693
4 0.24879807692307693 0.6706730769230769 0.04807692307692308 0.038461538461538464
6 0.13221153846153846 0.4987980769230769 0.06009615384615385 0.038461538461538464