0 0.5588942307692307 0.5420673076923077 0.05048076923076923 0.0625
0 0.6983173076923077 0.5276442307692307 0.057692307692307696 0.06009615384615385
3 0.6334134615384616 0.47836538461538464 0.13942307692307693 0.04807692307692308
3 0.46875 0.6177884615384616 0.028846153846153848 0.08173076923076923
3 0.36538461538461536 0.6370192307692307 0.036057692307692304 0.04326923076923077
2 0.4675480769230769 0.7043269230769231 0.026442307692307692 0.07451923076923077
2 0.36538461538461536 0.6838942307692307 0.028846153846153848 0.038461538461538464
0 0.057692307692307696 0.5697115384615384 0.014423076923076924 0.019230769230769232
0 0.33653846153846156 0.6129807692307693 0.014423076923076924 0.019230769230769232
5 0.09134615384615384 0.6490384615384616 0.028846153846153848 0.04326923076923077
3 0.09254807692307693 0.6009615384615384 0.028846153846153848 0.038461538461538464