0 0.4411057692307692 0.4579326923076923 0.05048076923076923 0.0625
0 0.3016826923076923 0.4723557692307692 0.057692307692307696 0.06009615384615385
3 0.36658653846153844 0.5216346153846154 0.13942307692307693 0.04807692307692308
3 0.53125 0.38221153846153844 0.028846153846153848 0.08173076923076923
3 0.6346153846153846 0.3629807692307692 0.036057692307692304 0.04326923076923077
2 0.5324519230769231 0.2956730769230769 0.026442307692307692 0.07451923076923077
2 0.6346153846153846 0.3161057692307692 0.028846153846153848 0.038461538461538464
0 0.9423076923076923 0.43028846153846156 0.014423076923076924 0.019230769230769232
0 0.6634615384615384 0.3870192307692308 0.014423076923076924 0.019230769230769232
5 0.9086538461538461 0.35096153846153844 0.028846153846153848 0.04326923076923077
3 0.9074519230769231 0.39903846153846156 0.028846153846153848 0.038461538461538464