0 0.6694711538461539 0.12379807692307693 0.22115384615384615 0.14182692307692307
0 0.36658653846153844 0.4423076923076923 0.04567307692307692 0.040865384615384616
3 0.33774038461538464 0.6502403846153846 0.08653846153846154 0.057692307692307696
3 0.328125 0.5997596153846154 0.09375 0.021634615384615384
3 0.35697115384615385 0.027644230769230768 0.08173076923076923 0.03365384615384615
2 0.24158653846153846 0.6526442307692307 0.08173076923076923 0.057692307692307696
0 0.3233173076923077 0.3112980769230769 0.019230769230769232 0.016826923076923076
0 0.3557692307692308 0.13701923076923078 0.03125 0.019230769230769232
4 0.23197115384615385 0.6033653846153846 0.08653846153846154 0.02403846153846154
4 0.2800480769230769 0.025240384615384616 0.0673076923076923 0.03365384615384615
1 0.3076923076923077 0.36778846153846156 0.06009615384615385 0.09615384615384616
6 0.030048076923076924 0.06129807692307692 0.06009615384615385 0.07692307692307693