0 0.7536057692307693 0.07211538461538461 0.16346153846153846 0.1346153846153846
0 0.44591346153846156 0.7524038461538461 0.038461538461538464 0.03365384615384615
0 0.4375 0.7800480769230769 0.038461538461538464 0.014423076923076924
3 0.39302884615384615 0.6586538461538461 0.07692307692307693 0.052884615384615384
5 0.3557692307692308 0.09495192307692307 0.0625 0.028846153846153848
0 0.4831730769230769 0.08413461538461539 0.05048076923076923 0.02403846153846154
3 0.42427884615384615 0.09735576923076923 0.052884615384615384 0.03125
2 0.3485576923076923 0.1346153846153846 0.06490384615384616 0.028846153846153848
3 0.42427884615384615 0.13701923076923078 0.07211538461538461 0.03365384615384615
2 0.3088942307692308 0.6586538461538461 0.07451923076923077 0.052884615384615384
0 0.46274038461538464 0.0673076923076923 0.019230769230769232 0.01201923076923077
0 0.4495192307692308 0.9639423076923077 0.019230769230769232 0.016826923076923076