0 0.43509615384615385 0.7415865384615384 0.10096153846153846 0.07932692307692307
0 0.4375 0.9098557692307693 0.08653846153846154 0.0625
0 0.5036057692307693 0.16346153846153846 0.0625 0.038461538461538464
3 0.5733173076923077 0.29447115384615385 0.09134615384615384 0.02403846153846154
2 0.671875 0.36778846153846156 0.03365384615384615 0.02403846153846154
3 0.6322115384615384 0.36899038461538464 0.03365384615384615 0.028846153846153848
3 0.6153846153846154 0.6634615384615384 0.038461538461538464 0.026442307692307692
0 0.5192307692307693 0.21153846153846154 0.057692307692307696 0.036057692307692304
0 0.5841346153846154 0.5997596153846154 0.03125 0.02403846153846154
0 0.5901442307692307 0.484375 0.028846153846153848 0.02403846153846154
4 0.6538461538461539 0.6658653846153846 0.03365384615384615 0.02403846153846154
4 0.6634615384615384 0.8125 0.06009615384615385 0.028846153846153848
3 0.5877403846153846 0.8137019230769231 0.07451923076923077 0.03365384615384615
6 0.7271634615384616 0.5504807692307693 0.02403846153846154 0.019230769230769232
2 0.6682692307692307 0.29086538461538464 0.0673076923076923 0.021634615384615384