0 0.8762019230769231 0.5721153846153846 0.03365384615384615 0.04807692307692308
0 0.9230769230769231 0.5168269230769231 0.05048076923076923 0.07211538461538461
5 0.8112980769230769 0.75 0.057692307692307696 0.08653846153846154
0 0.9615384615384616 0.5540865384615384 0.028846153846153848 0.04567307692307692
3 0.16105769230769232 0.6814903846153846 0.036057692307692304 0.05048076923076923
3 0.8064903846153846 0.6334134615384616 0.0625 0.11298076923076923
0 0.5504807692307693 0.6646634615384616 0.02403846153846154 0.028846153846153848
0 0.10096153846153846 0.6358173076923077 0.019230769230769232 0.028846153846153848
5 0.5492788461538461 0.7487980769230769 0.026442307692307692 0.038461538461538464
2 0.16105769230769232 0.7355769230769231 0.03125 0.04567307692307692
3 0.5480769230769231 0.7019230769230769 0.028846153846153848 0.03365384615384615