3 0.5396634615384616 0.9519230769230769 0.07932692307692307 0.040865384615384616
0 0.5192307692307693 0.8353365384615384 0.057692307692307696 0.03365384615384615
0 0.5276442307692307 0.7716346153846154 0.052884615384615384 0.04326923076923077
0 0.5540865384615384 0.6322115384615384 0.05048076923076923 0.038461538461538464
3 0.5913461538461539 0.2860576923076923 0.08173076923076923 0.057692307692307696
3 0.5973557692307693 0.3425480769230769 0.08653846153846154 0.03125
2 0.6838942307692307 0.2848557692307692 0.08173076923076923 0.05048076923076923
2 0.6394230769230769 0.9591346153846154 0.07932692307692307 0.036057692307692304
3 0.5072115384615384 0.6622596153846154 0.03365384615384615 0.08413461538461539
4 0.6947115384615384 0.3401442307692308 0.08653846153846154 0.03365384615384615
6 0.9603365384615384 0.8605769230769231 0.07451923076923077 0.0985576923076923