3 0.7439903846153846 0.43509615384615385 0.07211538461538461 0.1466346153846154
3 0.5084134615384616 0.36538461538461536 0.036057692307692304 0.04807692307692308
0 0.8497596153846154 0.48677884615384615 0.04326923076923077 0.057692307692307696
6 0.2860576923076923 0.23918269230769232 0.028846153846153848 0.05048076923076923
3 0.8689903846153846 0.5360576923076923 0.09375 0.038461538461538464
3 0.11298076923076923 0.3942307692307692 0.03125 0.05048076923076923
0 0.9435096153846154 0.49038461538461536 0.02403846153846154 0.038461538461538464
2 0.7572115384615384 0.29447115384615385 0.07451923076923077 0.12259615384615384
2 0.5120192307692307 0.3088942307692308 0.03365384615384615 0.04326923076923077
0 0.9711538461538461 0.4891826923076923 0.019230769230769232 0.04326923076923077
3 0.8449519230769231 0.4026442307692308 0.014423076923076924 0.019230769230769232
4 0.10817307692307693 0.3401442307692308 0.03125 0.05048076923076923