0 0.39302884615384615 0.14903846153846154 0.04326923076923077 0.038461538461538464
0 0.41225961538461536 0.052884615384615384 0.05048076923076923 0.028846153846153848
0 0.375 0.10576923076923077 0.03365384615384615 0.026442307692307692
2 0.2644230769230769 0.6730769230769231 0.03365384615384615 0.026442307692307692
3 0.30408653846153844 0.6730769230769231 0.038461538461538464 0.026442307692307692
3 0.33052884615384615 0.23798076923076922 0.07211538461538461 0.03365384615384615
0 0.3137019230769231 0.4387019230769231 0.019230769230769232 0.01201923076923077
0 0.3137019230769231 0.4675480769230769 0.019230769230769232 0.014423076923076924
0 0.3137019230769231 0.5276442307692307 0.019230769230769232 0.01201923076923077
6 0.20673076923076922 0.5012019230769231 0.019230769230769232 0.014423076923076924
2 0.2439903846153846 0.7439903846153846 0.0625 0.019230769230769232
3 0.32091346153846156 0.7403846153846154 0.07451923076923077 0.02403846153846154
4 0.2608173076923077 0.23317307692307693 0.0625 0.028846153846153848