0 0.21754807692307693 0.53125 0.05048076923076923 0.0889423076923077
0 0.38341346153846156 0.4495192307692308 0.04326923076923077 0.057692307692307696
0 0.4026442307692308 0.41586538461538464 0.028846153846153848 0.038461538461538464
0 0.46274038461538464 0.375 0.016826923076923076 0.019230769230769232
0 0.4182692307692308 0.3798076923076923 0.016826923076923076 0.019230769230769232
2 0.5721153846153846 0.3125 0.019230769230769232 0.02403846153846154
3 0.5709134615384616 0.34615384615384615 0.02403846153846154 0.028846153846153848
0 0.5036057692307693 0.40024038461538464 0.026442307692307692 0.02403846153846154
0 0.359375 0.3786057692307692 0.014423076923076924 0.019230769230769232
6 0.6730769230769231 0.2932692307692308 0.01201923076923077 0.014423076923076924
6 0.6442307692307693 0.3137019230769231 0.007211538461538462 0.019230769230769232
3 0.4651442307692308 0.4362980769230769 0.07211538461538461 0.019230769230769232
1 0.7307692307692307 0.37259615384615385 0.07451923076923077 0.057692307692307696