0 0.6983173076923077 0.5276442307692307 0.040865384615384616 0.06009615384615385
4 0.2548076923076923 0.6478365384615384 0.019230769230769232 0.028846153846153848
4 0.10576923076923077 0.6502403846153846 0.028846153846153848 0.052884615384615384
3 0.6153846153846154 0.578125 0.019230769230769232 0.07692307692307693
3 0.25721153846153844 0.6081730769230769 0.019230769230769232 0.028846153846153848
3 0.109375 0.578125 0.028846153846153848 0.0673076923076923
0 0.7415865384615384 0.5168269230769231 0.02403846153846154 0.0625
6 0.3641826923076923 0.7235576923076923 0.021634615384615384 0.028846153846153848
2 0.6165865384615384 0.671875 0.02403846153846154 0.07692307692307693
2 0.5480769230769231 0.6802884615384616 0.02403846153846154 0.03125
3 0.5492788461538461 0.6346153846153846 0.026442307692307692 0.03365384615384615