0 0.65625 0.09375 0.10817307692307693 0.07451923076923077
0 0.7391826923076923 0.8317307692307693 0.07932692307692307 0.055288461538461536
1 0.5709134615384616 0.8052884615384616 0.21153846153846154 0.2644230769230769
4 0.7475961538461539 0.3605769230769231 0.052884615384615384 0.040865384615384616
3 0.6802884615384616 0.3605769230769231 0.06009615384615385 0.040865384615384616
1 0.4795673076923077 0.12860576923076922 0.3581730769230769 0.25240384615384615
0 0.6610576923076923 0.47475961538461536 0.03125 0.028846153846153848
6 0.9194711538461539 0.6213942307692307 0.08653846153846154 0.05048076923076923
2 0.7223557692307693 0.90625 0.06009615384615385 0.036057692307692304
2 0.75 0.4050480769230769 0.052884615384615384 0.019230769230769232
3 0.6838942307692307 0.4026442307692308 0.06009615384615385 0.03125