1 0.6814903846153846 0.4495192307692308 0.25961538461538464 0.19471153846153846
4 0.3016826923076923 0.3125 0.026442307692307692 0.0673076923076923
2 0.2536057692307692 0.3112980769230769 0.055288461538461536 0.06490384615384616
3 0.25600961538461536 0.3954326923076923 0.052884615384615384 0.07932692307692307
3 0.30288461538461536 0.39663461538461536 0.028846153846153848 0.07692307692307693
3 0.8473557692307693 0.4170673076923077 0.038461538461538464 0.0673076923076923
0 0.4098557692307692 0.4254807692307692 0.02403846153846154 0.038461538461538464
4 0.8533653846153846 0.3449519230769231 0.038461538461538464 0.06009615384615385
0 0.056490384615384616 0.4567307692307692 0.02403846153846154 0.019230769230769232
0 0.1622596153846154 0.4567307692307692 0.028846153846153848 0.03365384615384615
6 0.7151442307692307 0.11538461538461539 0.055288461538461536 0.10576923076923077
0 0.47596153846153844 0.4074519230769231 0.028846153846153848 0.03125