0 0.12379807692307693 0.42788461538461536 0.03365384615384615 0.04807692307692308
0 0.07692307692307693 0.4831730769230769 0.05048076923076923 0.07211538461538461
5 0.18870192307692307 0.25 0.057692307692307696 0.08653846153846154
0 0.038461538461538464 0.44591346153846156 0.028846153846153848 0.04567307692307692
3 0.8389423076923077 0.31850961538461536 0.03365384615384615 0.05048076923076923
3 0.1935096153846154 0.36658653846153844 0.0625 0.11298076923076923
0 0.4495192307692308 0.33533653846153844 0.02403846153846154 0.028846153846153848
0 0.8990384615384616 0.3641826923076923 0.019230769230769232 0.028846153846153848
5 0.45072115384615385 0.2512019230769231 0.026442307692307692 0.038461538461538464
2 0.8389423076923077 0.2644230769230769 0.03125 0.04567307692307692
3 0.4519230769230769 0.2980769230769231 0.028846153846153848 0.03365384615384615