0 0.7091346153846154 0.3389423076923077 0.01201923076923077 0.019230769230769232
0 0.38221153846153844 0.3317307692307692 0.019230769230769232 0.019230769230769232
0 0.33774038461538464 0.3545673076923077 0.03125 0.038461538461538464
3 0.2776442307692308 0.34134615384615385 0.040865384615384616 0.11298076923076923
0 0.8221153846153846 0.390625 0.03125 0.038461538461538464
0 0.7692307692307693 0.35336538461538464 0.014423076923076924 0.019230769230769232
0 0.4230769230769231 0.34134615384615385 0.026442307692307692 0.028846153846153848
4 0.2776442307692308 0.22355769230769232 0.04567307692307692 0.10096153846153846
2 0.9471153846153846 0.3076923076923077 0.05048076923076923 0.09134615384615384
3 0.9759615384615384 0.421875 0.04326923076923077 0.09375
2 0.21754807692307693 0.21153846153846154 0.055288461538461536 0.10576923076923077
3 0.21995192307692307 0.3269230769230769 0.0625 0.10576923076923077
1 0.5877403846153846 0.3004807692307692 0.07211538461538461 0.05048076923076923
0 0.056490384615384616 0.3858173076923077 0.02403846153846154 0.03365384615384615