3 0.5865384615384616 0.8461538461538461 0.10576923076923077 0.0625
3 0.5925480769230769 0.21514423076923078 0.08173076923076923 0.03365384615384615
3 0.5853365384615384 0.16947115384615385 0.08653846153846154 0.04326923076923077
0 0.5252403846153846 0.9627403846153846 0.05048076923076923 0.028846153846153848
0 0.6033653846153846 0.7319711538461539 0.028846153846153848 0.014423076923076924
0 0.6346153846153846 0.7199519230769231 0.014423076923076924 0.009615384615384616
0 0.6129807692307693 0.7103365384615384 0.016826923076923076 0.014423076923076924
2 0.6947115384615384 0.8533653846153846 0.09375 0.057692307692307696
2 0.671875 0.2127403846153846 0.06009615384615385 0.028846153846153848
4 0.6754807692307693 0.17067307692307693 0.07932692307692307 0.040865384615384616
6 0.6959134615384616 0.5384615384615384 0.019230769230769232 0.01201923076923077