3 0.25600961538461536 0.5649038461538461 0.07211538461538461 0.14423076923076922
3 0.49158653846153844 0.6346153846153846 0.036057692307692304 0.04807692307692308
0 0.1502403846153846 0.5132211538461539 0.04326923076923077 0.057692307692307696
6 0.7139423076923077 0.7608173076923077 0.028846153846153848 0.05048076923076923
3 0.1310096153846154 0.4639423076923077 0.09375 0.038461538461538464
3 0.8870192307692307 0.6057692307692307 0.03125 0.05048076923076923
0 0.056490384615384616 0.5096153846153846 0.02403846153846154 0.038461538461538464
2 0.24278846153846154 0.7055288461538461 0.07451923076923077 0.12259615384615384
2 0.4879807692307692 0.6911057692307693 0.03365384615384615 0.04326923076923077
0 0.028846153846153848 0.5108173076923077 0.019230769230769232 0.04326923076923077
3 0.15504807692307693 0.5973557692307693 0.014423076923076924 0.019230769230769232
4 0.8918269230769231 0.6598557692307693 0.03125 0.05048076923076923