1 0.5504807692307693 0.6814903846153846 0.19230769230769232 0.25961538461538464
4 0.6875 0.3016826923076923 0.0673076923076923 0.02403846153846154
2 0.6887019230769231 0.2536057692307692 0.06490384615384616 0.055288461538461536
3 0.6045673076923077 0.25600961538461536 0.07932692307692307 0.052884615384615384
3 0.6033653846153846 0.30288461538461536 0.07692307692307693 0.028846153846153848
3 0.5829326923076923 0.8473557692307693 0.0673076923076923 0.038461538461538464
0 0.5745192307692307 0.4098557692307692 0.038461538461538464 0.02403846153846154
4 0.6550480769230769 0.8533653846153846 0.06009615384615385 0.038461538461538464
0 0.5432692307692307 0.056490384615384616 0.019230769230769232 0.02403846153846154
0 0.5432692307692307 0.1622596153846154 0.03365384615384615 0.028846153846153848
6 0.8846153846153846 0.7151442307692307 0.10576923076923077 0.055288461538461536
0 0.5925480769230769 0.47596153846153844 0.03125 0.028846153846153848