3 0.15384615384615385 0.41346153846153844 0.0625 0.10576923076923077
3 0.7848557692307693 0.4074519230769231 0.03365384615384615 0.08173076923076923
3 0.8305288461538461 0.41466346153846156 0.04326923076923077 0.08653846153846154
0 0.037259615384615384 0.47475961538461536 0.028846153846153848 0.05048076923076923
0 0.26802884615384615 0.39663461538461536 0.014423076923076924 0.028846153846153848
0 0.2800480769230769 0.36538461538461536 0.009615384615384616 0.014423076923076924
0 0.28966346153846156 0.3870192307692308 0.014423076923076924 0.016826923076923076
2 0.1466346153846154 0.30528846153846156 0.057692307692307696 0.09375
2 0.7872596153846154 0.328125 0.028846153846153848 0.06009615384615385
4 0.8293269230769231 0.3245192307692308 0.040865384615384616 0.07932692307692307
6 0.46153846153846156 0.30408653846153844 0.01201923076923077 0.019230769230769232