0 0.4855769230769231 0.8137019230769231 0.08173076923076923 0.057692307692307696
0 0.5540865384615384 0.5637019230769231 0.0625 0.04326923076923077
3 0.42908653846153844 0.7127403846153846 0.07451923076923077 0.14423076923076922
0 0.5877403846153846 0.6622596153846154 0.04326923076923077 0.026442307692307692
0 0.5997596153846154 0.6983173076923077 0.03365384615384615 0.02403846153846154
0 0.5985576923076923 0.5769230769230769 0.038461538461538464 0.03125
0 0.6310096153846154 0.5889423076923077 0.019230769230769232 0.014423076923076924
0 0.6310096153846154 0.5552884615384616 0.019230769230769232 0.014423076923076924
3 0.6442307692307693 0.7127403846153846 0.02403846153846154 0.014423076923076924
3 0.6346153846153846 0.8149038461538461 0.02403846153846154 0.014423076923076924
4 0.6706730769230769 0.7127403846153846 0.019230769230769232 0.014423076923076924
2 0.6862980769230769 0.3918269230769231 0.03365384615384615 0.026442307692307692
3 0.6490384615384616 0.390625 0.03365384615384615 0.028846153846153848
1 0.5985576923076923 0.16706730769230768 0.08173076923076923 0.11538461538461539
0 0.6598557692307693 0.1778846153846154 0.038461538461538464 0.02403846153846154