0 0.4723557692307692 0.6983173076923077 0.06009615384615385 0.040865384615384616
4 0.35216346153846156 0.2548076923076923 0.028846153846153848 0.019230769230769232
4 0.34975961538461536 0.10576923076923077 0.052884615384615384 0.028846153846153848
3 0.421875 0.6153846153846154 0.07692307692307693 0.019230769230769232
3 0.3918269230769231 0.25721153846153844 0.028846153846153848 0.019230769230769232
3 0.421875 0.109375 0.0673076923076923 0.028846153846153848
0 0.4831730769230769 0.7415865384615384 0.0625 0.02403846153846154
6 0.2764423076923077 0.3641826923076923 0.028846153846153848 0.021634615384615384
2 0.328125 0.6165865384615384 0.07692307692307693 0.02403846153846154
2 0.31971153846153844 0.5480769230769231 0.03125 0.02403846153846154
3 0.36538461538461536 0.5492788461538461 0.03365384615384615 0.026442307692307692