3 0.04807692307692308 0.5396634615384616 0.040865384615384616 0.07932692307692307
0 0.16466346153846154 0.5192307692307693 0.03365384615384615 0.057692307692307696
0 0.2283653846153846 0.5276442307692307 0.04326923076923077 0.055288461538461536
0 0.36778846153846156 0.5540865384615384 0.038461538461538464 0.05048076923076923
3 0.7139423076923077 0.5913461538461539 0.057692307692307696 0.08173076923076923
3 0.6574519230769231 0.5973557692307693 0.03125 0.08653846153846154
2 0.7151442307692307 0.6838942307692307 0.05048076923076923 0.08173076923076923
2 0.040865384615384616 0.6394230769230769 0.036057692307692304 0.07932692307692307
3 0.33774038461538464 0.5072115384615384 0.08413461538461539 0.03365384615384615
4 0.6598557692307693 0.6947115384615384 0.03365384615384615 0.08653846153846154
6 0.13942307692307693 0.9603365384615384 0.0985576923076923 0.07451923076923077