0 0.8509615384615384 0.39302884615384615 0.038461538461538464 0.04326923076923077
0 0.9471153846153846 0.41225961538461536 0.028846153846153848 0.05048076923076923
0 0.8942307692307693 0.375 0.026442307692307692 0.03365384615384615
2 0.3269230769230769 0.2644230769230769 0.026442307692307692 0.03365384615384615
3 0.3269230769230769 0.30408653846153844 0.026442307692307692 0.038461538461538464
3 0.7620192307692307 0.33052884615384615 0.03365384615384615 0.07211538461538461
0 0.5612980769230769 0.3137019230769231 0.01201923076923077 0.019230769230769232
0 0.5324519230769231 0.3137019230769231 0.014423076923076924 0.019230769230769232
0 0.4723557692307692 0.3137019230769231 0.01201923076923077 0.019230769230769232
6 0.4987980769230769 0.20673076923076922 0.014423076923076924 0.019230769230769232
2 0.25600961538461536 0.2439903846153846 0.019230769230769232 0.0625
3 0.25961538461538464 0.32091346153846156 0.02403846153846154 0.07451923076923077
4 0.7668269230769231 0.2608173076923077 0.028846153846153848 0.0625