0 0.21754807692307693 0.46875 0.05048076923076923 0.0889423076923077
0 0.38341346153846156 0.5504807692307693 0.04326923076923077 0.057692307692307696
0 0.4026442307692308 0.5841346153846154 0.028846153846153848 0.038461538461538464
0 0.46274038461538464 0.625 0.016826923076923076 0.019230769230769232
0 0.4182692307692308 0.6201923076923077 0.016826923076923076 0.019230769230769232
2 0.5721153846153846 0.6875 0.019230769230769232 0.02403846153846154
3 0.5709134615384616 0.6538461538461539 0.02403846153846154 0.028846153846153848
0 0.5036057692307693 0.5997596153846154 0.026442307692307692 0.02403846153846154
0 0.359375 0.6213942307692307 0.014423076923076924 0.019230769230769232
6 0.6730769230769231 0.7067307692307693 0.01201923076923077 0.014423076923076924
6 0.6442307692307693 0.6862980769230769 0.007211538461538462 0.019230769230769232
3 0.4651442307692308 0.5637019230769231 0.07211538461538461 0.019230769230769232
1 0.7307692307692307 0.6274038461538461 0.07451923076923077 0.057692307692307696