0 0.90625 0.65625 0.07451923076923077 0.10817307692307693
0 0.16826923076923078 0.7391826923076923 0.057692307692307696 0.07932692307692307
1 0.19471153846153846 0.5709134615384616 0.2644230769230769 0.21153846153846154
4 0.6394230769230769 0.7475961538461539 0.040865384615384616 0.052884615384615384
3 0.6394230769230769 0.6802884615384616 0.040865384615384616 0.06009615384615385
1 0.8713942307692307 0.4795673076923077 0.25240384615384615 0.3581730769230769
0 0.5252403846153846 0.6610576923076923 0.028846153846153848 0.03125
6 0.3786057692307692 0.9194711538461539 0.05048076923076923 0.08653846153846154
2 0.09375 0.7223557692307693 0.036057692307692304 0.06009615384615385
2 0.5949519230769231 0.75 0.019230769230769232 0.052884615384615384
3 0.5973557692307693 0.6838942307692307 0.03125 0.06009615384615385