0 0.6802884615384616 0.03485576923076923 0.1346153846153846 0.0625
0 0.5793269230769231 0.3762019230769231 0.11298076923076923 0.08413461538461539
0 0.4639423076923077 0.4723557692307692 0.052884615384615384 0.04807692307692308
0 0.47836538461538464 0.34615384615384615 0.057692307692307696 0.04807692307692308
0 0.4567307692307692 0.1971153846153846 0.03365384615384615 0.02403846153846154
0 0.4543269230769231 0.15745192307692307 0.016826923076923076 0.016826923076923076
6 0.3088942307692308 0.7307692307692307 0.019230769230769232 0.014423076923076924
3 0.40384615384615385 0.8413461538461539 0.028846153846153848 0.02403846153846154
2 0.3629807692307692 0.8425480769230769 0.03125 0.026442307692307692
2 0.3629807692307692 0.9603365384615384 0.057692307692307696 0.026442307692307692
3 0.4338942307692308 0.9579326923076923 0.0625 0.026442307692307692
0 0.4026442307692308 0.7067307692307693 0.014423076923076924 0.014423076923076924
0 0.4026442307692308 0.6586538461538461 0.016826923076923076 0.014423076923076924
0 0.4014423076923077 0.6286057692307693 0.014423076923076924 0.009615384615384616
0 0.43990384615384615 0.34134615384615385 0.03365384615384615 0.026442307692307692
3 0.8581730769230769 0.13942307692307693 0.27884615384615385 0.27403846153846156