0 0.31971153846153844 0.9651442307692307 0.1346153846153846 0.06490384615384616
0 0.4206730769230769 0.6237980769230769 0.11298076923076923 0.08413461538461539
0 0.5360576923076923 0.5276442307692307 0.052884615384615384 0.04807692307692308
0 0.5216346153846154 0.6538461538461539 0.057692307692307696 0.04807692307692308
0 0.5432692307692307 0.8028846153846154 0.03365384615384615 0.02403846153846154
0 0.5456730769230769 0.8425480769230769 0.016826923076923076 0.016826923076923076
6 0.6911057692307693 0.2692307692307692 0.019230769230769232 0.014423076923076924
3 0.5961538461538461 0.15865384615384615 0.028846153846153848 0.02403846153846154
2 0.6370192307692307 0.15745192307692307 0.03125 0.02403846153846154
2 0.6370192307692307 0.039663461538461536 0.057692307692307696 0.026442307692307692
3 0.5661057692307693 0.042067307692307696 0.0625 0.02403846153846154
0 0.5973557692307693 0.2932692307692308 0.014423076923076924 0.014423076923076924
0 0.5973557692307693 0.34134615384615385 0.016826923076923076 0.014423076923076924
0 0.5985576923076923 0.3713942307692308 0.014423076923076924 0.009615384615384616
0 0.5600961538461539 0.6586538461538461 0.03365384615384615 0.026442307692307692
3 0.14302884615384615 0.8605769230769231 0.2764423076923077 0.27403846153846156