3 0.4338942307692308 0.0733173076923077 0.052884615384615384 0.12980769230769232
0 0.5925480769230769 0.30408653846153844 0.03365384615384615 0.026442307692307692
0 0.49278846153846156 0.9278846153846154 0.0673076923076923 0.04807692307692308
0 0.5384615384615384 0.8810096153846154 0.038461538461538464 0.03365384615384615
0 0.6165865384615384 0.6322115384615384 0.019230769230769232 0.014423076923076924
0 0.6165865384615384 0.6153846153846154 0.016826923076923076 0.014423076923076924
0 0.625 0.47836538461538464 0.019230769230769232 0.014423076923076924
3 0.6286057692307693 0.8185096153846154 0.019230769230769232 0.014423076923076924
2 0.6514423076923077 0.8185096153846154 0.019230769230769232 0.014423076923076924
0 0.6310096153846154 0.4963942307692308 0.019230769230769232 0.014423076923076924
1 0.6129807692307693 0.8449519230769231 0.03125 0.038461538461538464
0 0.6225961538461539 0.7307692307692307 0.019230769230769232 0.014423076923076924
0 0.5625 0.9314903846153846 0.019230769230769232 0.016826923076923076
0 0.5432692307692307 0.9567307692307693 0.028846153846153848 0.021634615384615384
3 0.5336538461538461 0.7908653846153846 0.019230769230769232 0.08173076923076923