0 0.6826923076923077 0.6430288461538461 0.028846153846153848 0.019230769230769232
0 0.6875 0.71875 0.016826923076923076 0.014423076923076924
0 0.6983173076923077 0.6646634615384616 0.016826923076923076 0.014423076923076924
0 0.6947115384615384 0.49278846153846156 0.028846153846153848 0.014423076923076924
0 0.8004807692307693 0.8137019230769231 0.03125 0.03125
0 0.6478365384615384 0.8930288461538461 0.028846153846153848 0.026442307692307692
0 0.6213942307692307 0.9230769230769231 0.03365384615384615 0.021634615384615384
3 0.5564903846153846 0.7992788461538461 0.038461538461538464 0.09615384615384616
3 0.7151442307692307 0.5204326923076923 0.03365384615384615 0.019230769230769232
2 0.7572115384615384 0.5192307692307693 0.028846153846153848 0.019230769230769232
0 0.6201923076923077 0.1466346153846154 0.03365384615384615 0.026442307692307692
0 0.6730769230769231 0.35336538461538464 0.028846153846153848 0.014423076923076924