0 0.6129807692307693 0.5504807692307693 0.04807692307692308 0.057692307692307696
0 0.4699519230769231 0.5192307692307693 0.052884615384615384 0.07692307692307693
0 0.8737980769230769 0.5564903846153846 0.03365384615384615 0.04326923076923077
0 0.016826923076923076 0.3557692307692308 0.03365384615384615 0.11298076923076923
2 0.8112980769230769 0.6766826923076923 0.019230769230769232 0.04567307692307692
2 0.6887019230769231 0.6706730769230769 0.019230769230769232 0.028846153846153848
3 0.8088942307692307 0.6262019230769231 0.021634615384615384 0.04807692307692308
3 0.6875 0.640625 0.019230769230769232 0.028846153846153848
0 0.014423076923076924 0.43990384615384615 0.02403846153846154 0.0625
0 0.6995192307692307 0.5997596153846154 0.026442307692307692 0.03365384615384615
0 0.5817307692307693 0.6177884615384616 0.014423076923076924 0.019230769230769232
0 0.6033653846153846 0.6213942307692307 0.014423076923076924 0.019230769230769232