0 0.18629807692307693 0.5949519230769231 0.04326923076923077 0.06009615384615385
0 0.29086538461538464 0.6189903846153846 0.038461538461538464 0.05048076923076923
0 0.9230769230769231 0.12379807692307693 0.14903846153846154 0.23798076923076922
3 0.26322115384615385 0.5661057692307693 0.07692307692307693 0.03365384615384615
3 0.3473557692307692 0.6862980769230769 0.014423076923076924 0.06490384615384616
3 0.4098557692307692 0.7091346153846154 0.026442307692307692 0.03365384615384615
2 0.3449519230769231 0.7548076923076923 0.016826923076923076 0.052884615384615384
2 0.40865384615384615 0.7463942307692307 0.019230769230769232 0.03125
5 0.6622596153846154 0.7439903846153846 0.02403846153846154 0.028846153846153848
3 0.6622596153846154 0.7067307692307693 0.019230769230769232 0.03125
0 0.8810096153846154 0.6057692307692307 0.03365384615384615 0.04326923076923077
0 0.8305288461538461 0.8064903846153846 0.028846153846153848 0.028846153846153848