0 0.4411057692307692 0.2091346153846154 0.11298076923076923 0.08653846153846154
0 0.5336538461538461 0.07932692307692307 0.05048076923076923 0.038461538461538464
0 0.5649038461538461 0.28725961538461536 0.05048076923076923 0.038461538461538464
0 0.5120192307692307 0.7860576923076923 0.07451923076923077 0.0625
0 0.5588942307692307 0.19951923076923078 0.05048076923076923 0.03365384615384615
3 0.5925480769230769 0.7055288461538461 0.10576923076923077 0.055288461538461536
2 0.71875 0.7079326923076923 0.10817307692307693 0.05048076923076923
2 0.6887019230769231 0.5588942307692307 0.04807692307692308 0.03125
3 0.6322115384615384 0.5612980769230769 0.04326923076923077 0.03125
3 0.6177884615384616 0.1658653846153846 0.052884615384615384 0.03365384615384615
6 0.7848557692307693 0.31850961538461536 0.052884615384615384 0.03365384615384615
6 0.6911057692307693 0.3737980769230769 0.019230769230769232 0.01201923076923077
4 0.6694711538461539 0.16346153846153846 0.04326923076923077 0.028846153846153848