0 0.5649038461538461 0.6754807692307693 0.052884615384615384 0.040865384615384616
4 0.703125 0.6237980769230769 0.06009615384615385 0.04807692307692308
3 0.6274038461538461 0.6213942307692307 0.052884615384615384 0.052884615384615384
3 0.4567307692307692 0.15985576923076922 0.36538461538461536 0.20432692307692307
0 0.5757211538461539 0.8786057692307693 0.028846153846153848 0.014423076923076924
0 0.6105769230769231 0.3894230769230769 0.02403846153846154 0.016826923076923076
0 0.609375 0.3269230769230769 0.02403846153846154 0.021634615384615384
6 0.8149038461538461 0.9555288461538461 0.07451923076923077 0.038461538461538464
4 0.8197115384615384 0.16466346153846154 0.31009615384615385 0.1971153846153846
0 0.6141826923076923 0.8100961538461539 0.016826923076923076 0.009615384615384616
0 0.6189903846153846 0.7355769230769231 0.019230769230769232 0.01201923076923077
0 0.6201923076923077 0.5576923076923077 0.028846153846153848 0.021634615384615384
1 0.6418269230769231 0.7319711538461539 0.028846153846153848 0.036057692307692304