0 0.5324519230769231 0.6346153846153846 0.0673076923076923 0.04326923076923077
0 0.40384615384615385 0.47115384615384615 0.15384615384615385 0.125
3 0.5997596153846154 0.7163461538461539 0.08173076923076923 0.026442307692307692
3 0.6286057692307693 0.6622596153846154 0.03365384615384615 0.03125
3 0.5973557692307693 0.1875 0.07211538461538461 0.038461538461538464
3 0.6298076923076923 0.3581730769230769 0.03365384615384615 0.028846153846153848
5 0.6947115384615384 0.7175480769230769 0.08173076923076923 0.02403846153846154
5 0.671875 0.6634615384615384 0.03365384615384615 0.028846153846153848
2 0.6742788461538461 0.18629807692307693 0.06009615384615385 0.038461538461538464
2 0.6730769230769231 0.3605769230769231 0.03365384615384615 0.026442307692307692
0 0.6057692307692307 0.2824519230769231 0.016826923076923076 0.009615384615384616
0 0.4795673076923077 0.8737980769230769 0.07451923076923077 0.057692307692307696
0 0.6057692307692307 0.25841346153846156 0.016826923076923076 0.009615384615384616
0 0.609375 0.3329326923076923 0.014423076923076924 0.01201923076923077