0 0.6887019230769231 0.5492788461538461 0.16826923076923078 0.14903846153846154
0 0.5492788461538461 0.05889423076923077 0.0673076923076923 0.04807692307692308
0 0.47596153846153844 0.6129807692307693 0.06009615384615385 0.04807692307692308
3 0.4254807692307692 0.25841346153846156 0.08173076923076923 0.055288461538461536
3 0.4411057692307692 0.9038461538461539 0.09134615384615384 0.038461538461538464
2 0.3293269230769231 0.25961538461538464 0.08173076923076923 0.057692307692307696
0 0.4639423076923077 0.19110576923076922 0.04326923076923077 0.03125
0 0.2536057692307692 0.3088942307692308 0.03365384615384615 0.028846153846153848
0 0.3918269230769231 0.4362980769230769 0.019230769230769232 0.01201923076923077
0 0.3942307692307692 0.47475961538461536 0.019230769230769232 0.01201923076923077
0 0.38822115384615385 0.6274038461538461 0.019230769230769232 0.014423076923076924
0 0.40024038461538464 0.6875 0.016826923076923076 0.01201923076923077
0 0.4387019230769231 0.8269230769230769 0.03125 0.019230769230769232
0 0.4074519230769231 0.7235576923076923 0.019230769230769232 0.014423076923076924
0 0.5036057692307693 0.9699519230769231 0.052884615384615384 0.03365384615384615
0 0.4879807692307692 0.9302884615384616 0.04326923076923077 0.026442307692307692
6 0.07932692307692307 0.7512019230769231 0.13701923076923078 0.09134615384615384
2 0.34615384615384615 0.90625 0.08653846153846154 0.04326923076923077
0 0.3870192307692308 0.5336538461538461 0.016826923076923076 0.014423076923076924
0 0.39302884615384615 0.6009615384615384 0.019230769230769232 0.014423076923076924
0 0.390625 0.6550480769230769 0.019230769230769232 0.014423076923076924