4 0.9170673076923077 0.6778846153846154 0.057692307692307696 0.09134615384615384
4 0.6322115384615384 0.6899038461538461 0.028846153846153848 0.04326923076923077
3 0.6322115384615384 0.6394230769230769 0.028846153846153848 0.05048076923076923
3 0.2608173076923077 0.6189903846153846 0.03365384615384615 0.05048076923076923
3 0.03485576923076923 0.5408653846153846 0.0625 0.1778846153846154
2 0.25841346153846156 0.6706730769230769 0.028846153846153848 0.04567307692307692
0 0.7716346153846154 0.5240384615384616 0.04567307692307692 0.07211538461538461
3 0.9122596153846154 0.5685096153846154 0.0625 0.11298076923076923
2 0.03125 0.7163461538461539 0.057692307692307696 0.14903846153846154
0 0.8064903846153846 0.5913461538461539 0.02403846153846154 0.028846153846153848
0 0.5588942307692307 0.6033653846153846 0.026442307692307692 0.03365384615384615
0 0.6658653846153846 0.6177884615384616 0.014423076923076924 0.02403846153846154
6 0.4951923076923077 0.7764423076923077 0.03365384615384615 0.04326923076923077
0 0.13822115384615385 0.5757211538461539 0.019230769230769232 0.03125