2 0.6971153846153846 0.6742788461538461 0.02403846153846154 0.03125
5 0.43990384615384615 0.6862980769230769 0.026442307692307692 0.03365384615384615
3 0.4411057692307692 0.6418269230769231 0.028846153846153848 0.028846153846153848
0 0.27884615384615385 0.5384615384615384 0.04567307692307692 0.057692307692307696
0 0.3245192307692308 0.7776442307692307 0.038461538461538464 0.03365384615384615
0 0.9879807692307693 0.5144230769230769 0.014423076923076924 0.038461538461538464
2 0.8389423076923077 0.671875 0.021634615384615384 0.057692307692307696
3 0.6971153846153846 0.6358173076923077 0.02403846153846154 0.03365384615384615
3 0.8377403846153846 0.5973557692307693 0.03365384615384615 0.052884615384615384
0 0.11538461538461539 0.5745192307692307 0.019230769230769232 0.03125
0 0.9098557692307693 0.5360576923076923 0.03365384615384615 0.04807692307692308
0 0.671875 0.6213942307692307 0.009615384615384616 0.019230769230769232
0 0.6370192307692307 0.625 0.009615384615384616 0.01201923076923077