0 0.4795673076923077 0.3942307692307692 0.10576923076923077 0.07211538461538461
0 0.4543269230769231 0.7415865384615384 0.10817307692307693 0.07932692307692307
0 0.44350961538461536 0.8269230769230769 0.10576923076923077 0.07692307692307693
3 0.5973557692307693 0.49278846153846156 0.11057692307692307 0.028846153846153848
5 0.7175480769230769 0.4951923076923077 0.10576923076923077 0.028846153846153848
3 0.6346153846153846 0.41346153846153844 0.04326923076923077 0.03365384615384615
3 0.5901442307692307 0.0829326923076923 0.04326923076923077 0.02403846153846154
2 0.6382211538461539 0.0829326923076923 0.038461538461538464 0.021634615384615384
5 0.6790865384615384 0.41346153846153844 0.04326923076923077 0.028846153846153848
1 0.5072115384615384 0.02403846153846154 0.12259615384615384 0.04567307692307692
0 0.5228365384615384 0.9134615384615384 0.05048076923076923 0.03365384615384615
0 0.5444711538461539 0.7427884615384616 0.057692307692307696 0.04326923076923077