0 0.5853365384615384 0.7944711538461539 0.0625 0.04567307692307692
0 0.6514423076923077 0.5456730769230769 0.04326923076923077 0.03365384615384615
3 0.6911057692307693 0.4891826923076923 0.0673076923076923 0.021634615384615384
2 0.7644230769230769 0.4891826923076923 0.052884615384615384 0.021634615384615384
3 0.5372596153846154 0.7644230769230769 0.04567307692307692 0.11538461538461539
0 0.671875 0.5721153846153846 0.03125 0.02403846153846154
3 0.703125 0.43028846153846156 0.038461538461538464 0.03125
2 0.7451923076923077 0.43028846153846156 0.03125 0.026442307692307692
3 0.6778846153846154 0.1346153846153846 0.03365384615384615 0.028846153846153848
4 0.71875 0.13221153846153846 0.038461538461538464 0.028846153846153848
0 0.6177884615384616 0.24158653846153846 0.04807692307692308 0.036057692307692304
6 0.7872596153846154 0.2620192307692308 0.019230769230769232 0.01201923076923077
0 0.6454326923076923 0.21634615384615385 0.03365384615384615 0.02403846153846154
0 0.6237980769230769 0.08413461538461539 0.028846153846153848 0.021634615384615384
0 0.6057692307692307 0.026442307692307692 0.03125 0.02403846153846154