0 0.5673076923076923 0.5348557692307693 0.057692307692307696 0.07211538461538461
0 0.2800480769230769 0.59375 0.021634615384615384 0.038461538461538464
0 0.40024038461538464 0.6129807692307693 0.02403846153846154 0.028846153846153848
0 0.38100961538461536 0.6033653846153846 0.02403846153846154 0.03125
0 0.5144230769230769 0.6346153846153846 0.01201923076923077 0.014423076923076924
0 0.5504807692307693 0.6213942307692307 0.019230769230769232 0.019230769230769232
0 0.6081730769230769 0.5973557692307693 0.028846153846153848 0.03365384615384615
3 0.43028846153846156 0.6526442307692307 0.014423076923076924 0.019230769230769232
0 0.5324519230769231 0.6346153846153846 0.01201923076923077 0.014423076923076924
0 0.5925480769230769 0.6286057692307693 0.014423076923076924 0.019230769230769232
0 0.06370192307692307 0.5504807692307693 0.02403846153846154 0.04326923076923077
3 0.8377403846153846 0.4495192307692308 0.1346153846153846 0.052884615384615384
0 0.25841346153846156 0.6129807692307693 0.014423076923076924 0.019230769230769232
4 0.42788461538461536 0.6790865384615384 0.016826923076923076 0.02403846153846154
3 0.6117788461538461 0.6490384615384616 0.016826923076923076 0.02403846153846154
2 0.6117788461538461 0.6766826923076923 0.019230769230769232 0.02403846153846154
0 0.6177884615384616 0.6310096153846154 0.014423076923076924 0.016826923076923076
0 0.7067307692307693 0.6177884615384616 0.014423076923076924 0.014423076923076924
0 0.08173076923076923 0.5276442307692307 0.038461538461538464 0.04807692307692308