0 0.7103365384615384 0.4807692307692308 0.055288461538461536 0.06490384615384616
0 0.6213942307692307 0.21394230769230768 0.04807692307692308 0.04326923076923077
2 0.10697115384615384 0.35216346153846156 0.028846153846153848 0.038461538461538464
0 0.13942307692307693 0.4206730769230769 0.016826923076923076 0.028846153846153848
3 0.9411057692307693 0.4074519230769231 0.016826923076923076 0.028846153846153848
3 0.10817307692307693 0.40384615384615385 0.03125 0.04326923076923077
3 0.39783653846153844 0.36538461538461536 0.028846153846153848 0.04326923076923077
5 0.39783653846153844 0.32091346153846156 0.028846153846153848 0.04326923076923077
4 0.9423076923076923 0.37740384615384615 0.019230769230769232 0.019230769230769232
0 0.8329326923076923 0.43990384615384615 0.028846153846153848 0.038461538461538464
0 0.7548076923076923 0.4098557692307692 0.019230769230769232 0.02403846153846154
0 0.1658653846153846 0.4074519230769231 0.016826923076923076 0.019230769230769232