0 0.3485576923076923 0.39663461538461536 0.038461538461538464 0.03125
0 0.3641826923076923 0.18870192307692307 0.038461538461538464 0.028846153846153848
0 0.4266826923076923 0.08052884615384616 0.0625 0.04326923076923077
0 0.3798076923076923 0.10817307692307693 0.03365384615384615 0.026442307692307692
0 0.43509615384615385 0.8581730769230769 0.07451923076923077 0.0625
0 0.3629807692307692 0.1310096153846154 0.028846153846153848 0.019230769230769232
6 0.21634615384615385 0.4519230769230769 0.02403846153846154 0.019230769230769232
3 0.29447115384615385 0.5997596153846154 0.03365384615384615 0.02403846153846154
3 0.32211538461538464 0.2536057692307692 0.06009615384615385 0.02403846153846154
2 0.25841346153846156 0.6009615384615384 0.028846153846153848 0.019230769230769232
0 0.15504807692307693 0.8052884615384616 0.04807692307692308 0.04326923076923077
4 0.2608173076923077 0.24759615384615385 0.057692307692307696 0.02403846153846154
0 0.3173076923076923 0.5661057692307693 0.028846153846153848 0.019230769230769232