0 0.5012019230769231 0.9278846153846154 0.04807692307692308 0.03365384615384615
3 0.5252403846153846 0.8245192307692307 0.028846153846153848 0.09375
0 0.4026442307692308 0.4483173076923077 0.019230769230769232 0.014423076923076924
0 0.41225961538461536 0.6033653846153846 0.02403846153846154 0.019230769230769232
0 0.41225961538461536 0.6201923076923077 0.016826923076923076 0.01201923076923077
0 0.44350961538461536 0.2403846153846154 0.04326923076923077 0.03365384615384615
0 0.390625 0.4675480769230769 0.019230769230769232 0.014423076923076924
1 0.4050480769230769 0.8557692307692307 0.03365384615384615 0.03365384615384615
0 0.4651442307692308 0.9483173076923077 0.028846153846153848 0.019230769230769232
0 0.4879807692307692 0.9831730769230769 0.03365384615384615 0.02403846153846154
3 0.3918269230769231 0.8112980769230769 0.019230769230769232 0.014423076923076924
2 0.36658653846153844 0.8125 0.019230769230769232 0.01201923076923077