0 0.5300480769230769 0.6081730769230769 0.02403846153846154 0.03365384615384615
0 0.38461538461538464 0.5661057692307693 0.038461538461538464 0.05048076923076923
0 0.17067307692307693 0.7163461538461539 0.021634615384615384 0.02403846153846154
0 0.2800480769230769 0.625 0.009615384615384616 0.016826923076923076
0 0.3016826923076923 0.6237980769230769 0.01201923076923077 0.019230769230769232
0 0.5649038461538461 0.6322115384615384 0.009615384615384616 0.019230769230769232
0 0.6875 0.6189903846153846 0.014423076923076924 0.019230769230769232
3 0.6550480769230769 0.6442307692307693 0.021634615384615384 0.028846153846153848
3 0.42788461538461536 0.6442307692307693 0.019230769230769232 0.03125
4 0.42427884615384615 0.6754807692307693 0.02403846153846154 0.028846153846153848
6 0.5324519230769231 0.7163461538461539 0.014423076923076924 0.02403846153846154
0 0.09254807692307693 0.5769230769230769 0.021634615384615384 0.019230769230769232
0 0.13581730769230768 0.5841346153846154 0.014423076923076924 0.028846153846153848
0 0.3858173076923077 0.6298076923076923 0.014423076923076924 0.019230769230769232
2 0.6538461538461539 0.6778846153846154 0.02403846153846154 0.03125
3 0.7223557692307693 0.6081730769230769 0.016826923076923076 0.057692307692307696
2 0.7247596153846154 0.6730769230769231 0.014423076923076924 0.052884615384615384