0 0.9399038461538461 0.4411057692307692 0.057692307692307696 0.09375
0 0.8966346153846154 0.5072115384615384 0.04326923076923077 0.0673076923076923
0 0.5540865384615384 0.5276442307692307 0.055288461538461536 0.07211538461538461
0 0.4735576923076923 0.5204326923076923 0.057692307692307696 0.07211538461538461
0 0.18629807692307693 0.5036057692307693 0.05048076923076923 0.0673076923076923
0 0.020432692307692308 0.36658653846153844 0.038461538461538464 0.11298076923076923
3 0.7980769230769231 0.6021634615384616 0.04326923076923077 0.0889423076923077
3 0.109375 0.5685096153846154 0.0625 0.10336538461538461
3 0.7548076923076923 0.6129807692307693 0.03125 0.08173076923076923
2 0.8052884615384616 0.6911057692307693 0.04326923076923077 0.07932692307692307
4 0.7560096153846154 0.6983173076923077 0.028846153846153848 0.07211538461538461
4 0.10336538461538461 0.6850961538461539 0.0625 0.10096153846153846
0 0.21153846153846154 0.5661057692307693 0.028846153846153848 0.04326923076923077
0 0.23677884615384615 0.5853365384615384 0.016826923076923076 0.038461538461538464
0 0.2620192307692308 0.5841346153846154 0.028846153846153848 0.03365384615384615