0 0.45072115384615385 0.056490384615384616 0.12259615384615384 0.07932692307692307
0 0.6045673076923077 0.8689903846153846 0.04567307692307692 0.03365384615384615
3 0.6141826923076923 0.5829326923076923 0.019230769230769232 0.07692307692307693
0 0.6754807692307693 0.23677884615384615 0.016826923076923076 0.014423076923076924
0 0.7043269230769231 0.5132211538461539 0.016826923076923076 0.014423076923076924
0 0.6310096153846154 0.0733173076923077 0.028846153846153848 0.01201923076923077
0 0.5721153846153846 0.9651442307692307 0.04807692307692308 0.036057692307692304
0 0.6995192307692307 0.3557692307692308 0.01201923076923077 0.014423076923076924
0 0.6911057692307693 0.4855769230769231 0.019230769230769232 0.019230769230769232
0 0.6971153846153846 0.5564903846153846 0.019230769230769232 0.014423076923076924
3 0.7139423076923077 0.38100961538461536 0.038461538461538464 0.014423076923076924
3 0.7211538461538461 0.4483173076923077 0.02403846153846154 0.019230769230769232
2 0.7512019230769231 0.3786057692307692 0.03125 0.014423076923076924
0 0.6045673076923077 0.021634615384615384 0.038461538461538464 0.026442307692307692
0 0.7956730769230769 0.6286057692307693 0.028846153846153848 0.026442307692307692
0 0.12379807692307693 0.030048076923076924 0.21634615384615385 0.04567307692307692