0 0.45072115384615385 0.4855769230769231 0.09615384615384616 0.08653846153846154
0 0.4495192307692308 0.8701923076923077 0.09375 0.057692307692307696
3 0.4338942307692308 0.7716346153846154 0.057692307692307696 0.12980769230769232
0 0.5985576923076923 0.5637019230769231 0.014423076923076924 0.01201923076923077
0 0.6033653846153846 0.44711538461538464 0.019230769230769232 0.014423076923076924
0 0.5697115384615384 0.7151442307692307 0.03125 0.02403846153846154
0 0.5612980769230769 0.8088942307692307 0.02403846153846154 0.014423076923076924
0 0.5853365384615384 0.7427884615384616 0.019230769230769232 0.014423076923076924
0 0.5516826923076923 0.2764423076923077 0.03365384615384615 0.03125
0 0.5925480769230769 0.28725961538461536 0.014423076923076924 0.014423076923076924
0 0.7127403846153846 0.13701923076923078 0.016826923076923076 0.014423076923076924