0 0.6153846153846154 0.7103365384615384 0.14423076923076922 0.11778846153846154
0 0.5228365384615384 0.1622596153846154 0.08653846153846154 0.0673076923076923
0 0.4675480769230769 0.8064903846153846 0.06009615384615385 0.04807692307692308
3 0.4098557692307692 0.10817307692307693 0.07451923076923077 0.03365384615384615
3 0.5793269230769231 0.8365384615384616 0.0673076923076923 0.15144230769230768
0 0.4074519230769231 0.8317307692307693 0.019230769230769232 0.016826923076923076
3 0.3473557692307692 0.5564903846153846 0.038461538461538464 0.028846153846153848
2 0.30288461538461536 0.5564903846153846 0.03365384615384615 0.028846153846153848
3 0.3557692307692308 0.2824519230769231 0.038461538461538464 0.028846153846153848
4 0.3245192307692308 0.09975961538461539 0.07451923076923077 0.03125
6 0.26322115384615385 0.39783653846153844 0.019230769230769232 0.016826923076923076
0 0.36778846153846156 0.4675480769230769 0.019230769230769232 0.014423076923076924
4 0.3161057692307692 0.2800480769230769 0.03365384615384615 0.026442307692307692
0 0.39903846153846156 0.19230769230769232 0.02403846153846154 0.019230769230769232
0 0.39783653846153844 0.5180288461538461 0.04326923076923077 0.028846153846153848