0 0.5889423076923077 0.7680288461538461 0.1201923076923077 0.09134615384615384
0 0.484375 0.8125 0.06490384615384616 0.04807692307692308
0 0.5024038461538461 0.4230769230769231 0.08173076923076923 0.0625
0 0.4495192307692308 0.36658653846153844 0.04807692307692308 0.038461538461538464
3 0.40024038461538464 0.7223557692307693 0.0673076923076923 0.052884615384615384
4 0.3449519230769231 0.22235576923076922 0.06490384615384616 0.038461538461538464
6 0.13581730769230768 0.40024038461538464 0.10817307692307693 0.057692307692307696
0 0.5180288461538461 0.014423076923076924 0.06009615384615385 0.02403846153846154
3 0.5516826923076923 0.051682692307692304 0.04326923076923077 0.07451923076923077
3 0.41586538461538464 0.22355769230769232 0.0673076923076923 0.03365384615384615
2 0.3125 0.7247596153846154 0.0673076923076923 0.052884615384615384
0 0.41586538461538464 0.5564903846153846 0.03365384615384615 0.028846153846153848
0 0.40865384615384615 0.4050480769230769 0.028846153846153848 0.021634615384615384
0 0.3954326923076923 0.5180288461538461 0.02403846153846154 0.02403846153846154