0 0.7692307692307693 0.3401442307692308 0.125 0.14423076923076922
0 0.07692307692307693 0.36177884615384615 0.08173076923076923 0.12259615384615384
0 0.9350961538461539 0.4639423076923077 0.0625 0.09134615384615384
0 0.44591346153846156 0.5925480769230769 0.026442307692307692 0.02403846153846154
0 0.3894230769230769 0.6069711538461539 0.014423076923076924 0.019230769230769232
0 0.5745192307692307 0.5889423076923077 0.02403846153846154 0.03365384615384615
0 0.6237980769230769 0.6033653846153846 0.019230769230769232 0.02403846153846154
0 0.19230769230769232 0.5673076923076923 0.021634615384615384 0.03125
3 0.3016826923076923 0.6165865384615384 0.03125 0.038461538461538464
3 0.5889423076923077 0.6370192307692307 0.03125 0.04326923076923077
2 0.5877403846153846 0.6790865384615384 0.03365384615384615 0.038461538461538464
4 0.29927884615384615 0.6598557692307693 0.026442307692307692 0.038461538461538464