0 0.44591346153846156 0.4026442307692308 0.014423076923076924 0.016826923076923076
0 0.46274038461538464 0.3870192307692308 0.009615384615384616 0.014423076923076924
0 0.9266826923076923 0.5060096153846154 0.038461538461538464 0.05048076923076923
0 0.23798076923076922 0.44471153846153844 0.028846153846153848 0.03365384615384615
3 0.8233173076923077 0.5228365384615384 0.09615384615384616 0.03365384615384615
0 0.6225961538461539 0.41586538461538464 0.014423076923076924 0.004807692307692308
3 0.8112980769230769 0.3894230769230769 0.014423076923076924 0.016826923076923076
2 0.8112980769230769 0.36538461538461536 0.014423076923076924 0.019230769230769232
0 0.5949519230769231 0.3918269230769231 0.01201923076923077 0.016826923076923076
0 0.6225961538461539 0.390625 0.009615384615384616 0.019230769230769232
0 0.6057692307692307 0.41586538461538464 0.014423076923076924 0.019230769230769232