0 0.33653846153846156 0.15865384615384615 0.03125 0.03365384615384615
0 0.6213942307692307 0.16346153846153846 0.04326923076923077 0.052884615384615384
0 0.7644230769230769 0.20793269230769232 0.04807692307692308 0.0673076923076923
3 0.38822115384615385 0.10336538461538461 0.02403846153846154 0.04326923076923077
3 0.4987980769230769 0.10216346153846154 0.019230769230769232 0.02403846153846154
2 0.38341346153846156 0.05889423076923077 0.016826923076923076 0.038461538461538464
2 0.4987980769230769 0.07211538461538461 0.019230769230769232 0.02403846153846154
0 0.09375 0.2932692307692308 0.057692307692307696 0.08653846153846154
0 0.5012019230769231 0.12740384615384615 0.019230769230769232 0.019230769230769232
3 0.7151442307692307 0.12860576923076922 0.021634615384615384 0.028846153846153848
4 0.71875 0.09615384615384616 0.019230769230769232 0.02403846153846154
0 0.609375 0.12860576923076922 0.014423076923076924 0.019230769230769232
0 0.47836538461538464 0.12139423076923077 0.014423076923076924 0.019230769230769232