0 0.4987980769230769 0.9278846153846154 0.04807692307692308 0.03365384615384615
3 0.47475961538461536 0.8245192307692307 0.028846153846153848 0.09375
0 0.5973557692307693 0.4483173076923077 0.019230769230769232 0.014423076923076924
0 0.5877403846153846 0.6033653846153846 0.02403846153846154 0.019230769230769232
0 0.5877403846153846 0.6201923076923077 0.016826923076923076 0.01201923076923077
0 0.5564903846153846 0.2403846153846154 0.04326923076923077 0.03365384615384615
0 0.609375 0.4675480769230769 0.019230769230769232 0.014423076923076924
1 0.5949519230769231 0.8557692307692307 0.03365384615384615 0.03365384615384615
0 0.5348557692307693 0.9483173076923077 0.028846153846153848 0.019230769230769232
0 0.5120192307692307 0.9831730769230769 0.03365384615384615 0.02403846153846154
3 0.6081730769230769 0.8112980769230769 0.019230769230769232 0.014423076923076924
2 0.6334134615384616 0.8125 0.019230769230769232 0.01201923076923077