0 0.3161057692307692 0.5480769230769231 0.036057692307692304 0.05048076923076923
0 0.25961538461538464 0.5504807692307693 0.028846153846153848 0.038461538461538464
3 0.6117788461538461 0.5901442307692307 0.0625 0.09375
3 0.8870192307692307 0.5829326923076923 0.03125 0.052884615384615384
2 0.6129807692307693 0.6983173076923077 0.057692307692307696 0.09134615384615384
2 0.8918269230769231 0.6394230769230769 0.03125 0.04567307692307692
0 0.7992788461538461 0.5817307692307693 0.016826923076923076 0.02403846153846154
0 0.7752403846153846 0.5877403846153846 0.019230769230769232 0.019230769230769232
0 0.859375 0.5685096153846154 0.014423076923076924 0.019230769230769232
3 0.3629807692307692 0.4723557692307692 0.10336538461538461 0.05048076923076923
0 0.4362980769230769 0.7355769230769231 0.026442307692307692 0.02403846153846154
0 0.11899038461538461 0.5444711538461539 0.028846153846153848 0.038461538461538464
0 0.17668269230769232 0.5745192307692307 0.019230769230769232 0.028846153846153848