0 0.6478365384615384 0.7932692307692307 0.18269230769230768 0.13221153846153846
0 0.5024038461538461 0.8942307692307693 0.07451923076923077 0.052884615384615384
0 0.4411057692307692 0.1658653846153846 0.04326923076923077 0.028846153846153848
0 0.4543269230769231 0.10336538461538461 0.04326923076923077 0.028846153846153848
0 0.4495192307692308 0.08052884615384616 0.03125 0.016826923076923076
0 0.3701923076923077 0.48197115384615385 0.019230769230769232 0.014423076923076924
0 0.3713942307692308 0.5060096153846154 0.019230769230769232 0.014423076923076924
0 0.3713942307692308 0.5600961538461539 0.016826923076923076 0.014423076923076924
3 0.43990384615384615 0.9627403846153846 0.09134615384615384 0.03125
3 0.390625 0.8930288461538461 0.04326923076923077 0.028846153846153848
3 0.38822115384615385 0.8629807692307693 0.04326923076923077 0.014423076923076924
3 0.3557692307692308 0.5865384615384616 0.038461538461538464 0.03365384615384615
3 0.3701923076923077 0.41586538461538464 0.07211538461538461 0.040865384615384616
2 0.2956730769230769 0.41586538461538464 0.0673076923076923 0.038461538461538464
2 0.31490384615384615 0.5889423076923077 0.038461538461538464 0.028846153846153848
5 0.3449519230769231 0.8930288461538461 0.038461538461538464 0.03125
0 0.375 0.2824519230769231 0.019230769230769232 0.014423076923076924
3 0.4795673076923077 0.25961538461538464 0.038461538461538464 0.10096153846153846
5 0.3329326923076923 0.9699519230769231 0.09134615384615384 0.026442307692307692