0 0.39903846153846156 0.8341346153846154 0.11538461538461539 0.07451923076923077
0 0.5012019230769231 0.14543269230769232 0.06009615384615385 0.04326923076923077
3 0.453125 0.6838942307692307 0.04326923076923077 0.12980769230769232
0 0.5480769230769231 0.5997596153846154 0.04326923076923077 0.03365384615384615
0 0.5685096153846154 0.31971153846153844 0.028846153846153848 0.026442307692307692
3 0.6033653846153846 0.1935096153846154 0.02403846153846154 0.02403846153846154
3 0.5721153846153846 0.09735576923076923 0.04807692307692308 0.019230769230769232
3 0.6213942307692307 0.42788461538461536 0.03125 0.021634615384615384
0 0.5673076923076923 0.5 0.03125 0.021634615384615384
0 0.5793269230769231 0.5456730769230769 0.02403846153846154 0.016826923076923076
0 0.578125 0.6189903846153846 0.028846153846153848 0.019230769230769232
2 0.6370192307692307 0.19471153846153846 0.03125 0.019230769230769232
5 0.6538461538461539 0.42788461538461536 0.02403846153846154 0.02403846153846154
2 0.6346153846153846 0.09615384615384616 0.04807692307692308 0.019230769230769232