0 0.5372596153846154 0.17427884615384615 0.04567307692307692 0.03365384615384615
3 0.5997596153846154 0.44471153846153844 0.09615384615384616 0.0625
2 0.7043269230769231 0.44350961538461536 0.08173076923076923 0.057692307692307696
3 0.6141826923076923 0.7355769230769231 0.04567307692307692 0.036057692307692304
2 0.6658653846153846 0.7403846153846154 0.04807692307692308 0.03365384615384615
0 0.5336538461538461 0.12139423076923077 0.038461538461538464 0.028846153846153848
0 0.6057692307692307 0.6514423076923077 0.014423076923076924 0.014423076923076924
0 0.6129807692307693 0.6286057692307693 0.01201923076923077 0.01201923076923077
0 0.5997596153846154 0.7127403846153846 0.01201923076923077 0.01201923076923077
3 0.46634615384615385 0.21153846153846154 0.05048076923076923 0.09615384615384616
0 0.7283653846153846 0.2848557692307692 0.028846153846153848 0.026442307692307692