0 0.4579326923076923 0.7872596153846154 0.08653846153846154 0.07692307692307693
0 0.3485576923076923 0.7175480769230769 0.038461538461538464 0.03125
0 0.3088942307692308 0.6502403846153846 0.016826923076923076 0.01201923076923077
0 0.31009615384615385 0.6237980769230769 0.019230769230769232 0.01201923076923077
0 0.2956730769230769 0.5564903846153846 0.016826923076923076 0.009615384615384616
0 0.2956730769230769 0.5817307692307693 0.016826923076923076 0.01201923076923077
0 0.35096153846153844 0.3125 0.04326923076923077 0.028846153846153848
0 0.45913461538461536 0.04807692307692308 0.057692307692307696 0.052884615384615384
0 0.3389423076923077 0.44350961538461536 0.038461538461538464 0.038461538461538464
3 0.2776442307692308 0.6634615384615384 0.02403846153846154 0.021634615384615384
3 0.2932692307692308 0.7223557692307693 0.04807692307692308 0.014423076923076924
3 0.27524038461538464 0.46153846153846156 0.02403846153846154 0.021634615384615384
0 0.31971153846153844 0.7800480769230769 0.014423076923076924 0.014423076923076924
0 0.3004807692307692 0.6754807692307693 0.016826923076923076 0.014423076923076924
0 0.3004807692307692 0.46153846153846156 0.016826923076923076 0.01201923076923077
0 0.3245192307692308 0.28125 0.02403846153846154 0.021634615384615384