0 0.6286057692307693 0.6021634615384616 0.04807692307692308 0.038461538461538464
0 0.375 0.027644230769230768 0.14182692307692307 0.05048076923076923
0 0.6057692307692307 0.9014423076923077 0.04326923076923077 0.028846153846153848
0 0.6346153846153846 0.8509615384615384 0.028846153846153848 0.02403846153846154
3 0.6201923076923077 0.23557692307692307 0.18269230769230768 0.125
2 0.8125 0.23076923076923078 0.1778846153846154 0.1201923076923077
0 0.6826923076923077 0.5745192307692307 0.019230769230769232 0.01201923076923077
0 0.671875 0.3762019230769231 0.028846153846153848 0.016826923076923076
0 0.6850961538461539 0.43509615384615385 0.016826923076923076 0.014423076923076924
0 0.65625 0.7704326923076923 0.02403846153846154 0.019230769230769232
0 0.7728365384615384 0.7091346153846154 0.019230769230769232 0.016826923076923076
0 0.6875 0.6105769230769231 0.02403846153846154 0.014423076923076924
0 0.6935096153846154 0.5288461538461539 0.019230769230769232 0.014423076923076924
0 0.6694711538461539 0.7355769230769231 0.019230769230769232 0.01201923076923077