0 0.5865384615384616 0.5048076923076923 0.0673076923076923 0.08653846153846154
0 0.3641826923076923 0.4050480769230769 0.02403846153846154 0.03125
0 0.6201923076923077 0.4098557692307692 0.03125 0.038461538461538464
3 0.921875 0.6225961538461539 0.14903846153846154 0.08653846153846154
0 0.02403846153846154 0.5024038461538461 0.03365384615384615 0.0625
0 0.2512019230769231 0.4182692307692308 0.03365384615384615 0.038461538461538464
4 0.4206730769230769 0.31850961538461536 0.019230769230769232 0.02403846153846154
0 0.3870192307692308 0.39302884615384615 0.02403846153846154 0.028846153846153848
0 0.5528846153846154 0.38100961538461536 0.014423076923076924 0.019230769230769232
3 0.4206730769230769 0.3473557692307692 0.019230769230769232 0.028846153846153848
3 0.6153846153846154 0.35096153846153844 0.021634615384615384 0.028846153846153848