0 0.15865384615384615 0.6634615384615384 0.03365384615384615 0.03125
0 0.16346153846153846 0.3786057692307692 0.052884615384615384 0.04326923076923077
0 0.20793269230769232 0.23557692307692307 0.0673076923076923 0.04807692307692308
3 0.10336538461538461 0.6117788461538461 0.04326923076923077 0.02403846153846154
3 0.10216346153846154 0.5012019230769231 0.02403846153846154 0.019230769230769232
2 0.05889423076923077 0.6165865384615384 0.038461538461538464 0.016826923076923076
2 0.07211538461538461 0.5012019230769231 0.02403846153846154 0.019230769230769232
0 0.2932692307692308 0.90625 0.08653846153846154 0.06009615384615385
0 0.12740384615384615 0.4987980769230769 0.019230769230769232 0.019230769230769232
3 0.12860576923076922 0.2848557692307692 0.028846153846153848 0.021634615384615384
4 0.09615384615384616 0.28125 0.02403846153846154 0.019230769230769232
0 0.12860576923076922 0.390625 0.019230769230769232 0.014423076923076924
0 0.12139423076923077 0.5216346153846154 0.019230769230769232 0.014423076923076924