0 0.7692307692307693 0.3112980769230769 0.125 0.16346153846153846
3 0.057692307692307696 0.5384615384615384 0.057692307692307696 0.09375
3 0.8894230769230769 0.5168269230769231 0.0625 0.1875
3 0.7259615384615384 0.6057692307692307 0.038461538461538464 0.038461538461538464
3 0.33774038461538464 0.6081730769230769 0.03125 0.038461538461538464
2 0.052884615384615384 0.6490384615384616 0.055288461538461536 0.08653846153846154
2 0.3401442307692308 0.6634615384615384 0.026442307692307692 0.04326923076923077
5 0.8930288461538461 0.6983173076923077 0.0625 0.16346153846153846
5 0.7259615384615384 0.6634615384615384 0.038461538461538464 0.04807692307692308
0 0.2620192307692308 0.5877403846153846 0.01201923076923077 0.016826923076923076
0 0.2403846153846154 0.5889423076923077 0.01201923076923077 0.019230769230769232
3 0.6887019230769231 0.6069711538461539 0.01201923076923077 0.052884615384615384