0 0.6778846153846154 0.5492788461538461 0.036057692307692304 0.04807692307692308
0 0.7355769230769231 0.5504807692307693 0.03365384615384615 0.038461538461538464
3 0.10817307692307693 0.5853365384615384 0.03365384615384615 0.057692307692307696
2 0.10336538461538461 0.6370192307692307 0.03125 0.04567307692307692
3 0.38100961538461536 0.5925480769230769 0.0625 0.09134615384615384
3 0.6346153846153846 0.4723557692307692 0.10576923076923077 0.04326923076923077
2 0.3762019230769231 0.6971153846153846 0.057692307692307696 0.09615384615384616
0 0.19591346153846154 0.5793269230769231 0.014423076923076924 0.019230769230769232
0 0.21995192307692307 0.5901442307692307 0.014423076923076924 0.016826923076923076
0 0.1346153846153846 0.5661057692307693 0.014423076923076924 0.019230769230769232
0 0.5588942307692307 0.7355769230769231 0.026442307692307692 0.02403846153846154
0 0.8786057692307693 0.5480769230769231 0.02403846153846154 0.038461538461538464