0 0.5564903846153846 0.3713942307692308 0.05048076923076923 0.040865384615384616
3 0.5745192307692307 0.8713942307692307 0.12740384615384615 0.07932692307692307
4 0.703125 0.8713942307692307 0.10096153846153846 0.07932692307692307
0 0.24639423076923078 0.9459134615384616 0.19951923076923078 0.10096153846153846
0 0.6574519230769231 0.28966346153846156 0.019230769230769232 0.014423076923076924
0 0.6334134615384616 0.3389423076923077 0.019230769230769232 0.01201923076923077
0 0.6153846153846154 0.4639423076923077 0.028846153846153848 0.02403846153846154
0 0.6165865384615384 0.5132211538461539 0.019230769230769232 0.019230769230769232
0 0.6153846153846154 0.5504807692307693 0.028846153846153848 0.021634615384615384
0 0.6081730769230769 0.6478365384615384 0.02403846153846154 0.02403846153846154
0 0.7223557692307693 0.4699519230769231 0.019230769230769232 0.014423076923076924
2 0.6694711538461539 0.23918269230769232 0.028846153846153848 0.021634615384615384
5 0.6334134615384616 0.03485576923076923 0.028846153846153848 0.019230769230769232
3 0.5985576923076923 0.03485576923076923 0.03125 0.019230769230769232