0 0.8557692307692307 0.5072115384615384 0.04567307692307692 0.052884615384615384
0 0.5144230769230769 0.5276442307692307 0.057692307692307696 0.06490384615384616
0 0.6213942307692307 0.5709134615384616 0.03125 0.03365384615384615
0 0.19831730769230768 0.546875 0.028846153846153848 0.04807692307692308
0 0.6490384615384616 0.59375 0.016826923076923076 0.019230769230769232
0 0.7079326923076923 0.5889423076923077 0.02403846153846154 0.028846153846153848
0 0.8413461538461539 0.578125 0.007211538461538462 0.014423076923076924
0 0.8942307692307693 0.5661057692307693 0.014423076923076924 0.019230769230769232
0 0.32211538461538464 0.5913461538461539 0.014423076923076924 0.019230769230769232
3 0.2548076923076923 0.5841346153846154 0.057692307692307696 0.11057692307692307
2 0.2536057692307692 0.6983173076923077 0.057692307692307696 0.09615384615384616
0 0.5997596153846154 0.6129807692307693 0.014423076923076924 0.016826923076923076