0 0.3245192307692308 0.5649038461538461 0.040865384615384616 0.052884615384615384
4 0.3762019230769231 0.703125 0.04807692307692308 0.06009615384615385
3 0.3786057692307692 0.6274038461538461 0.052884615384615384 0.052884615384615384
3 0.8401442307692307 0.4567307692307692 0.20432692307692307 0.36538461538461536
0 0.12139423076923077 0.5757211538461539 0.014423076923076924 0.028846153846153848
0 0.6105769230769231 0.6105769230769231 0.016826923076923076 0.02403846153846154
0 0.6730769230769231 0.609375 0.021634615384615384 0.02403846153846154
6 0.04447115384615385 0.8149038461538461 0.038461538461538464 0.07451923076923077
4 0.8353365384615384 0.8197115384615384 0.1971153846153846 0.31009615384615385
0 0.18990384615384615 0.6141826923076923 0.009615384615384616 0.016826923076923076
0 0.2644230769230769 0.6189903846153846 0.01201923076923077 0.019230769230769232
0 0.4423076923076923 0.6201923076923077 0.021634615384615384 0.028846153846153848
1 0.26802884615384615 0.6418269230769231 0.036057692307692304 0.028846153846153848