0 0.8473557692307693 0.4987980769230769 0.28846153846153844 0.21153846153846154
0 0.421875 0.31971153846153844 0.04326923076923077 0.03365384615384615
0 0.41225961538461536 0.4074519230769231 0.04326923076923077 0.03125
3 0.4483173076923077 0.36778846153846156 0.016826923076923076 0.07932692307692307
0 0.5576923076923077 0.016826923076923076 0.08173076923076923 0.026442307692307692
3 0.3629807692307692 0.4675480769230769 0.057692307692307696 0.019230769230769232
2 0.3004807692307692 0.4675480769230769 0.052884615384615384 0.019230769230769232
0 0.27403846153846156 0.9110576923076923 0.03125 0.028846153846153848
5 0.33413461538461536 0.7896634615384616 0.03125 0.02403846153846154
2 0.3137019230769231 0.5552884615384616 0.03125 0.02403846153846154
3 0.35096153846153844 0.5540865384615384 0.03365384615384615 0.026442307692307692
3 0.36899038461538464 0.7884615384615384 0.03365384615384615 0.021634615384615384
0 0.4735576923076923 0.9447115384615384 0.04326923076923077 0.03365384615384615