0 0.31009615384615385 0.546875 0.03365384615384615 0.052884615384615384
3 0.6069711538461539 0.5865384615384616 0.0625 0.08653846153846154
3 0.34975961538461536 0.4723557692307692 0.10336538461538461 0.05048076923076923
0 0.2536057692307692 0.5516826923076923 0.03125 0.04567307692307692
0 0.8497596153846154 0.5709134615384616 0.009615384615384616 0.019230769230769232
0 0.7932692307692307 0.5793269230769231 0.014423076923076924 0.02403846153846154
0 0.7692307692307693 0.5853365384615384 0.014423076923076924 0.019230769230769232
3 0.8810096153846154 0.5817307692307693 0.03125 0.04807692307692308
0 0.109375 0.5504807692307693 0.02403846153846154 0.038461538461538464
2 0.6069711538461539 0.6911057692307693 0.0625 0.09615384615384616
2 0.8870192307692307 0.6370192307692307 0.028846153846153848 0.04807692307692308
0 0.17067307692307693 0.578125 0.014423076923076924 0.019230769230769232