0 0.546875 0.6899038461538461 0.052884615384615384 0.03365384615384615
3 0.5865384615384616 0.39302884615384615 0.08653846153846154 0.0625
3 0.4723557692307692 0.6502403846153846 0.05048076923076923 0.10336538461538461
0 0.5516826923076923 0.7463942307692307 0.04567307692307692 0.03125
0 0.5709134615384616 0.1502403846153846 0.019230769230769232 0.009615384615384616
0 0.5793269230769231 0.20673076923076922 0.02403846153846154 0.014423076923076924
0 0.5853365384615384 0.23076923076923078 0.019230769230769232 0.014423076923076924
3 0.5817307692307693 0.11899038461538461 0.04807692307692308 0.03125
0 0.5504807692307693 0.890625 0.038461538461538464 0.02403846153846154
2 0.6911057692307693 0.39302884615384615 0.09615384615384616 0.0625
2 0.6370192307692307 0.11298076923076923 0.04807692307692308 0.028846153846153848
0 0.578125 0.8293269230769231 0.019230769230769232 0.014423076923076924