0 0.4831730769230769 0.9170673076923077 0.09134615384615384 0.052884615384615384
3 0.3425480769230769 0.90625 0.08653846153846154 0.05048076923076923
3 0.35336538461538464 0.8533653846153846 0.09615384615384616 0.036057692307692304
0 0.44350961538461536 0.15985576923076922 0.08173076923076923 0.055288461538461536
0 0.34975961538461536 0.296875 0.03365384615384615 0.028846153846153848
0 0.3473557692307692 0.6394230769230769 0.04326923076923077 0.03125
3 0.33413461538461536 0.203125 0.07692307692307693 0.040865384615384616
4 0.24639423076923078 0.19591346153846154 0.07932692307692307 0.04326923076923077
4 0.24639423076923078 0.8605769230769231 0.08173076923076923 0.03365384615384615
0 0.32211538461538464 0.40865384615384615 0.02403846153846154 0.019230769230769232
2 0.23798076923076922 0.9086538461538461 0.08173076923076923 0.04326923076923077
0 0.31490384615384615 0.4831730769230769 0.019230769230769232 0.021634615384615384