0 0.8245192307692307 0.5588942307692307 0.07932692307692307 0.10576923076923077
2 0.3737980769230769 0.3125 0.036057692307692304 0.05048076923076923
2 0.22235576923076922 0.2692307692307692 0.0673076923076923 0.15144230769230768
0 0.7283653846153846 0.4483173076923077 0.04326923076923077 0.05048076923076923
0 0.7379807692307693 0.38822115384615385 0.014423076923076924 0.019230769230769232
4 0.7956730769230769 0.3245192307692308 0.03365384615384615 0.04567307692307692
3 0.3737980769230769 0.38221153846153844 0.04326923076923077 0.04326923076923077
3 0.7944711538461539 0.37740384615384615 0.036057692307692304 0.05048076923076923
0 0.9831730769230769 0.4795673076923077 0.028846153846153848 0.055288461538461536
0 0.9050480769230769 0.45552884615384615 0.028846153846153848 0.04326923076923077
0 0.12860576923076922 0.5600961538461539 0.07932692307692307 0.10096153846153846
1 0.6598557692307693 0.37740384615384615 0.07211538461538461 0.057692307692307696
3 0.40625 0.3713942307692308 0.01201923076923077 0.057692307692307696
6 0.6658653846153846 0.20793269230769232 0.03365384615384615 0.057692307692307696
3 0.22956730769230768 0.4519230769230769 0.0673076923076923 0.15865384615384615
0 0.5036057692307693 0.40024038461538464 0.026442307692307692 0.028846153846153848