0 0.8918269230769231 0.5661057692307693 0.057692307692307696 0.11298076923076923
0 0.20673076923076922 0.6201923076923077 0.10096153846153846 0.14423076923076922
0 0.4963942307692308 0.4110576923076923 0.028846153846153848 0.028846153846153848
3 0.1778846153846154 0.4074519230769231 0.028846153846153848 0.06009615384615385
3 0.3137019230769231 0.37740384615384615 0.01201923076923077 0.03365384615384615
3 0.5901442307692307 0.3737980769230769 0.02403846153846154 0.03365384615384615
3 0.7740384615384616 0.46634615384615385 0.055288461538461536 0.021634615384615384
2 0.5913461538461539 0.33533653846153844 0.019230769230769232 0.03365384615384615
0 0.7199519230769231 0.3629807692307692 0.02403846153846154 0.02403846153846154
0 0.8245192307692307 0.421875 0.016826923076923076 0.02403846153846154
0 0.7463942307692307 0.4326923076923077 0.026442307692307692 0.038461538461538464
6 0.41466346153846156 0.2920673076923077 0.014423076923076924 0.02403846153846154