0 0.4987980769230769 0.15264423076923078 0.21394230769230768 0.28846153846153844
0 0.31971153846153844 0.578125 0.03365384615384615 0.04326923076923077
0 0.4074519230769231 0.5877403846153846 0.03125 0.04326923076923077
3 0.36778846153846156 0.5516826923076923 0.07932692307692307 0.016826923076923076
0 0.016826923076923076 0.4423076923076923 0.026442307692307692 0.08173076923076923
3 0.4675480769230769 0.6370192307692307 0.019230769230769232 0.057692307692307696
2 0.4675480769230769 0.6995192307692307 0.019230769230769232 0.052884615384615384
0 0.9110576923076923 0.7259615384615384 0.028846153846153848 0.03125
5 0.7896634615384616 0.6658653846153846 0.02403846153846154 0.03125
2 0.5552884615384616 0.6862980769230769 0.02403846153846154 0.03125
3 0.5540865384615384 0.6490384615384616 0.026442307692307692 0.03365384615384615
3 0.7884615384615384 0.6310096153846154 0.021634615384615384 0.03365384615384615
0 0.9447115384615384 0.5264423076923077 0.03365384615384615 0.04326923076923077