0 0.4182692307692308 0.6346153846153846 0.11538461538461539 0.14423076923076922
0 0.8137019230769231 0.453125 0.03125 0.04326923076923077
3 0.19110576923076922 0.5721153846153846 0.1201923076923077 0.06009615384615385
0 0.12980769230769232 0.5216346153846154 0.04807692307692308 0.07211538461538461
0 0.59375 0.4230769230769231 0.028846153846153848 0.038461538461538464
0 0.8737980769230769 0.5432692307692307 0.057692307692307696 0.08173076923076923
0 0.9230769230769231 0.4579326923076923 0.028846153846153848 0.038461538461538464
3 0.9723557692307693 0.5180288461538461 0.04326923076923077 0.03125
0 0.7127403846153846 0.39783653846153844 0.014423076923076924 0.016826923076923076
0 0.6754807692307693 0.390625 0.01201923076923077 0.014423076923076924
0 0.8269230769230769 0.4098557692307692 0.01201923076923077 0.019230769230769232
4 0.609375 0.33533653846153844 0.014423076923076924 0.016826923076923076
3 0.6105769230769231 0.3713942307692308 0.014423076923076924 0.019230769230769232