3 0.125 0.37259615384615385 0.052884615384615384 0.08653846153846154
3 0.8016826923076923 0.3317307692307692 0.05048076923076923 0.06971153846153846
3 0.7439903846153846 0.328125 0.04807692307692308 0.08653846153846154
0 0.6862980769230769 0.33653846153846156 0.009615384615384616 0.02403846153846154
0 0.2776442307692308 0.34375 0.019230769230769232 0.02403846153846154
0 0.21875 0.21634615384615385 0.02403846153846154 0.026442307692307692
1 0.8125 0.6346153846153846 0.3701923076923077 0.5288461538461539
2 0.11899038461538461 0.265625 0.057692307692307696 0.09375
2 0.7512019230769231 0.2439903846153846 0.04326923076923077 0.07451923076923077
0 0.7007211538461539 0.3473557692307692 0.019230769230769232 0.03125
0 0.31971153846153844 0.3269230769230769 0.014423076923076924 0.019230769230769232
0 0.07211538461538461 0.39903846153846156 0.02403846153846154 0.03365384615384615
5 0.8052884615384616 0.25240384615384615 0.04326923076923077 0.0625
0 0.3425480769230769 0.3161057692307692 0.014423076923076924 0.019230769230769232