0 0.35216346153846156 0.20673076923076922 0.18269230769230768 0.13221153846153846
0 0.49759615384615385 0.10576923076923077 0.07451923076923077 0.052884615384615384
0 0.5588942307692307 0.8341346153846154 0.04326923076923077 0.028846153846153848
0 0.5456730769230769 0.8966346153846154 0.04326923076923077 0.028846153846153848
0 0.5504807692307693 0.9194711538461539 0.03125 0.016826923076923076
0 0.6298076923076923 0.5180288461538461 0.019230769230769232 0.014423076923076924
0 0.6286057692307693 0.49399038461538464 0.019230769230769232 0.014423076923076924
0 0.6286057692307693 0.43990384615384615 0.016826923076923076 0.014423076923076924
3 0.5600961538461539 0.037259615384615384 0.09134615384615384 0.028846153846153848
3 0.609375 0.10697115384615384 0.04326923076923077 0.028846153846153848
3 0.6117788461538461 0.13701923076923078 0.04326923076923077 0.014423076923076924
3 0.6442307692307693 0.41346153846153844 0.038461538461538464 0.03365384615384615
3 0.6298076923076923 0.5841346153846154 0.07211538461538461 0.040865384615384616
2 0.7043269230769231 0.5841346153846154 0.0673076923076923 0.038461538461538464
2 0.6850961538461539 0.4110576923076923 0.038461538461538464 0.028846153846153848
5 0.6550480769230769 0.10697115384615384 0.038461538461538464 0.028846153846153848
0 0.625 0.7175480769230769 0.019230769230769232 0.014423076923076924
3 0.5204326923076923 0.7403846153846154 0.038461538461538464 0.10096153846153846
5 0.6670673076923077 0.030048076923076924 0.09134615384615384 0.026442307692307692