3 0.5492788461538461 0.625 0.04326923076923077 0.052884615384615384
3 0.11899038461538461 0.5961538461538461 0.03125 0.052884615384615384
3 0.15504807692307693 0.6033653846153846 0.021634615384615384 0.052884615384615384
2 0.5480769230769231 0.6862980769230769 0.04326923076923077 0.052884615384615384
2 0.15264423076923078 0.6622596153846154 0.021634615384615384 0.05048076923076923
5 0.11778846153846154 0.65625 0.03125 0.05048076923076923
0 0.6971153846153846 0.5973557692307693 0.014423076923076924 0.02403846153846154
0 0.6658653846153846 0.5973557692307693 0.021634615384615384 0.02403846153846154
0 0.5901442307692307 0.6045673076923077 0.016826923076923076 0.019230769230769232
3 0.9050480769230769 0.5144230769230769 0.11057692307692307 0.19230769230769232
2 0.9074519230769231 0.71875 0.11057692307692307 0.17548076923076922