0 0.6598557692307693 0.7692307692307693 0.14423076923076922 0.125
0 0.6382211538461539 0.07692307692307693 0.12259615384615384 0.08173076923076923
0 0.5360576923076923 0.9350961538461539 0.09134615384615384 0.0625
0 0.4074519230769231 0.44591346153846156 0.02403846153846154 0.026442307692307692
0 0.39302884615384615 0.3894230769230769 0.019230769230769232 0.014423076923076924
0 0.4110576923076923 0.5745192307692307 0.03365384615384615 0.02403846153846154
0 0.39663461538461536 0.6237980769230769 0.02403846153846154 0.019230769230769232
0 0.4326923076923077 0.19230769230769232 0.03125 0.021634615384615384
3 0.38341346153846156 0.3016826923076923 0.038461538461538464 0.03125
3 0.3629807692307692 0.5889423076923077 0.04326923076923077 0.03125
2 0.32091346153846156 0.5877403846153846 0.038461538461538464 0.03365384615384615
4 0.3401442307692308 0.29927884615384615 0.038461538461538464 0.026442307692307692