0 0.4519230769230769 0.6838942307692307 0.05048076923076923 0.036057692307692304
0 0.4495192307692308 0.7403846153846154 0.038461538461538464 0.028846153846153848
3 0.4098557692307692 0.38822115384615385 0.09375 0.0625
3 0.4170673076923077 0.11298076923076923 0.052884615384615384 0.03125
2 0.3016826923076923 0.3870192307692308 0.09134615384615384 0.057692307692307696
2 0.3605769230769231 0.10817307692307693 0.04567307692307692 0.03125
0 0.4182692307692308 0.20072115384615385 0.02403846153846154 0.016826923076923076
0 0.41225961538461536 0.2247596153846154 0.019230769230769232 0.019230769230769232
0 0.43149038461538464 0.140625 0.019230769230769232 0.014423076923076924
3 0.5276442307692307 0.6370192307692307 0.05048076923076923 0.10336538461538461
0 0.2644230769230769 0.5637019230769231 0.02403846153846154 0.026442307692307692
0 0.45552884615384615 0.8810096153846154 0.038461538461538464 0.028846153846153848
0 0.4254807692307692 0.8233173076923077 0.028846153846153848 0.019230769230769232