0 0.6081730769230769 0.4699519230769231 0.03365384615384615 0.02403846153846154
0 0.5661057692307693 0.6153846153846154 0.05048076923076923 0.038461538461538464
0 0.7163461538461539 0.8293269230769231 0.02403846153846154 0.021634615384615384
0 0.625 0.7199519230769231 0.016826923076923076 0.009615384615384616
0 0.6237980769230769 0.6983173076923077 0.019230769230769232 0.01201923076923077
0 0.6322115384615384 0.43509615384615385 0.019230769230769232 0.009615384615384616
0 0.6189903846153846 0.3125 0.019230769230769232 0.014423076923076924
3 0.6442307692307693 0.3449519230769231 0.028846153846153848 0.021634615384615384
3 0.6442307692307693 0.5721153846153846 0.03125 0.019230769230769232
4 0.6754807692307693 0.5757211538461539 0.028846153846153848 0.02403846153846154
6 0.7163461538461539 0.4675480769230769 0.02403846153846154 0.014423076923076924
0 0.5769230769230769 0.9074519230769231 0.019230769230769232 0.019230769230769232
0 0.5841346153846154 0.8641826923076923 0.028846153846153848 0.014423076923076924
0 0.6298076923076923 0.6141826923076923 0.019230769230769232 0.014423076923076924
2 0.6778846153846154 0.34615384615384615 0.03125 0.02403846153846154
3 0.6081730769230769 0.2776442307692308 0.057692307692307696 0.016826923076923076
2 0.6730769230769231 0.27524038461538464 0.052884615384615384 0.014423076923076924