0 0.3942307692307692 0.5204326923076923 0.07211538461538461 0.10576923076923077
0 0.7415865384615384 0.5456730769230769 0.07932692307692307 0.10817307692307693
0 0.8269230769230769 0.5564903846153846 0.07692307692307693 0.10576923076923077
3 0.49278846153846156 0.4026442307692308 0.028846153846153848 0.11057692307692307
5 0.4951923076923077 0.2824519230769231 0.028846153846153848 0.10576923076923077
3 0.41346153846153844 0.36538461538461536 0.03365384615384615 0.04326923076923077
3 0.0829326923076923 0.4098557692307692 0.026442307692307692 0.04326923076923077
2 0.0829326923076923 0.36177884615384615 0.021634615384615384 0.038461538461538464
5 0.41346153846153844 0.32091346153846156 0.028846153846153848 0.04326923076923077
1 0.02403846153846154 0.49278846153846156 0.04567307692307692 0.12259615384615384
0 0.9134615384615384 0.47716346153846156 0.03365384615384615 0.05048076923076923
0 0.7427884615384616 0.45552884615384615 0.04326923076923077 0.057692307692307696