0 0.5012019230769231 0.6141826923076923 0.10096153846153846 0.0673076923076923
3 0.4170673076923077 0.06129807692307692 0.08653846153846154 0.036057692307692304
4 0.2848557692307692 0.6550480769230769 0.08653846153846154 0.0625
4 0.33413461538461536 0.056490384615384616 0.06490384615384616 0.03365384615384615
3 0.4098557692307692 0.02403846153846154 0.07451923076923077 0.026442307692307692
3 0.3858173076923077 0.6550480769230769 0.09134615384615384 0.0625
6 0.039663461538461536 0.08173076923076923 0.07211538461538461 0.07211538461538461
1 0.41586538461538464 0.31971153846153844 0.22115384615384615 0.25
0 0.40384615384615385 0.6009615384615384 0.038461538461538464 0.028846153846153848
0 0.44350961538461536 0.8942307692307693 0.04326923076923077 0.02403846153846154
0 0.45072115384615385 0.9519230769230769 0.03365384615384615 0.02403846153846154
0 0.31490384615384615 0.9819711538461539 0.028846153846153848 0.019230769230769232
2 0.3329326923076923 0.021634615384615384 0.07211538461538461 0.021634615384615384