0 0.9663461538461539 0.5396634615384616 0.057692307692307696 0.09134615384615384
0 0.8112980769230769 0.4795673076923077 0.057692307692307696 0.09134615384615384
0 0.1971153846153846 0.47475961538461536 0.0625 0.07451923076923077
3 0.4362980769230769 0.359375 0.040865384615384616 0.12740384615384615
3 0.5637019230769231 0.31971153846153844 0.03365384615384615 0.04326923076923077
3 0.8389423076923077 0.34615384615384615 0.03125 0.04567307692307692
0 0.7439903846153846 0.40024038461538464 0.038461538461538464 0.052884615384615384
0 0.921875 0.41466346153846156 0.03125 0.04326923076923077
0 0.07572115384615384 0.43509615384615385 0.03365384615384615 0.05048076923076923
0 0.4879807692307692 0.3557692307692308 0.02403846153846154 0.03125
0 0.11658653846153846 0.3798076923076923 0.016826923076923076 0.028846153846153848
3 0.2439903846153846 0.6153846153846154 0.20673076923076922 0.12980769230769232
2 0.8413461538461539 0.2980769230769231 0.028846153846153848 0.04326923076923077
4 0.4254807692307692 0.234375 0.038461538461538464 0.10576923076923077
2 0.1971153846153846 0.3004807692307692 0.014423076923076924 0.028846153846153848
0 0.7247596153846154 0.3473557692307692 0.01201923076923077 0.02403846153846154
0 0.8088942307692307 0.36538461538461536 0.01201923076923077 0.019230769230769232