0 0.4735576923076923 0.6730769230769231 0.1346153846153846 0.08653846153846154
0 0.5709134615384616 0.9206730769230769 0.0625 0.04326923076923077
3 0.6766826923076923 0.7175480769230769 0.0673076923076923 0.040865384615384616
3 0.6490384615384616 0.2776442307692308 0.07692307692307693 0.057692307692307696
4 0.7259615384615384 0.27524038461538464 0.0673076923076923 0.057692307692307696
2 0.75 0.7175480769230769 0.0625 0.04326923076923077
0 0.546875 0.15264423076923078 0.06009615384615385 0.04567307692307692
0 0.6526442307692307 0.5360576923076923 0.028846153846153848 0.02403846153846154
0 0.6442307692307693 0.6646634615384616 0.03365384615384615 0.026442307692307692
0 0.6502403846153846 0.828125 0.02403846153846154 0.019230769230769232
0 0.6442307692307693 0.9507211538461539 0.019230769230769232 0.014423076923076924
0 0.6370192307692307 0.9879807692307693 0.016826923076923076 0.01201923076923077
6 0.9038461538461539 0.6706730769230769 0.10096153846153846 0.05048076923076923