0 0.29927884615384615 0.5901442307692307 0.055288461538461536 0.07211538461538461
2 0.6213942307692307 0.75 0.028846153846153848 0.038461538461538464
0 0.014423076923076924 0.5588942307692307 0.02403846153846154 0.06009615384615385
6 0.4254807692307692 0.8100961538461539 0.019230769230769232 0.028846153846153848
3 0.9362980769230769 0.6730769230769231 0.014423076923076924 0.02403846153846154
3 0.7127403846153846 0.6826923076923077 0.028846153846153848 0.09375
3 0.6213942307692307 0.7055288461538461 0.028846153846153848 0.038461538461538464
3 0.30528846153846156 0.7079326923076923 0.009615384615384616 0.03365384615384615
0 0.5841346153846154 0.6634615384615384 0.028846153846153848 0.038461538461538464
0 0.3629807692307692 0.6899038461538461 0.01201923076923077 0.016826923076923076
0 0.39302884615384615 0.6899038461538461 0.014423076923076924 0.019230769230769232
0 0.46033653846153844 0.6911057692307693 0.014423076923076924 0.02403846153846154
2 0.71875 0.7800480769230769 0.028846153846153848 0.07692307692307693
0 0.8365384615384616 0.6370192307692307 0.02403846153846154 0.03365384615384615
4 0.11057692307692307 0.734375 0.038461538461538464 0.07692307692307693
3 0.11778846153846154 0.6442307692307693 0.04807692307692308 0.09375
0 0.3545673076923077 0.6646634615384616 0.028846153846153848 0.03365384615384615
4 0.9411057692307693 0.7019230769230769 0.01201923076923077 0.02403846153846154
2 0.30288461538461536 0.7524038461538461 0.014423076923076924 0.038461538461538464