0 0.40625 0.25240384615384615 0.038461538461538464 0.03365384615384615
0 0.4723557692307692 0.9158653846153846 0.052884615384615384 0.036057692307692304
0 0.5444711538461539 0.9819711538461539 0.08413461538461539 0.03125
3 0.4831730769230769 0.8149038461538461 0.02403846153846154 0.09615384615384616
0 0.36658653846153844 0.4543269230769231 0.019230769230769232 0.019230769230769232
0 0.3581730769230769 0.4735576923076923 0.016826923076923076 0.014423076923076924
0 0.43990384615384615 0.9447115384615384 0.019230769230769232 0.021634615384615384
0 0.46153846153846156 0.9759615384615384 0.03125 0.02403846153846154
0 0.3798076923076923 0.6033653846153846 0.028846153846153848 0.02403846153846154
0 0.37740384615384615 0.6237980769230769 0.02403846153846154 0.014423076923076924
3 0.36658653846153844 0.8125 0.019230769230769232 0.014423076923076924
2 0.3401442307692308 0.8137019230769231 0.02403846153846154 0.014423076923076924
1 0.37740384615384615 0.8461538461538461 0.038461538461538464 0.055288461538461536