0 0.9086538461538461 0.6009615384615384 0.028846153846153848 0.04326923076923077
0 0.6875 0.6682692307692307 0.021634615384615384 0.03125
0 0.6262019230769231 0.6766826923076923 0.019230769230769232 0.028846153846153848
0 0.49278846153846156 0.6887019230769231 0.014423076923076924 0.02403846153846154
0 0.3125 0.6730769230769231 0.021634615384615384 0.028846153846153848
0 0.25721153846153844 0.6754807692307693 0.014423076923076924 0.028846153846153848
3 0.8689903846153846 0.578125 0.08173076923076923 0.028846153846153848
3 0.1622596153846154 0.5793269230769231 0.08653846153846154 0.02403846153846154
0 0.11057692307692307 0.7175480769230769 0.02403846153846154 0.03365384615384615
1 0.1141826923076923 0.6598557692307693 0.09134615384615384 0.07211538461538461
0 0.5564903846153846 0.6995192307692307 0.014423076923076924 0.019230769230769232
0 0.5204326923076923 0.6983173076923077 0.014423076923076924 0.019230769230769232
0 0.3942307692307692 0.6947115384615384 0.014423076923076924 0.019230769230769232
0 0.23076923076923078 0.6875 0.014423076923076924 0.019230769230769232