0 0.40384615384615385 0.18389423076923078 0.13701923076923078 0.09134615384615384
0 0.5661057692307693 0.5588942307692307 0.04807692307692308 0.040865384615384616
0 0.36177884615384615 0.9675480769230769 0.13942307692307693 0.0625
2 0.6862980769230769 0.5168269230769231 0.038461538461538464 0.026442307692307692
0 0.6021634615384616 0.5252403846153846 0.03365384615384615 0.019230769230769232
0 0.6129807692307693 0.49399038461538464 0.028846153846153848 0.019230769230769232
0 0.6105769230769231 0.6346153846153846 0.019230769230769232 0.009615384615384616
0 0.6069711538461539 0.6682692307692307 0.02403846153846154 0.02403846153846154
0 0.5769230769230769 0.8173076923076923 0.02403846153846154 0.014423076923076924
3 0.6442307692307693 0.5192307692307693 0.04326923076923077 0.03125
4 0.6646634615384616 0.8064903846153846 0.038461538461538464 0.028846153846153848
2 0.7175480769230769 0.34615384615384615 0.07692307692307693 0.04326923076923077
3 0.6262019230769231 0.35336538461538464 0.09134615384615384 0.052884615384615384
3 0.6201923076923077 0.8052884615384616 0.04326923076923077 0.03365384615384615
0 0.5829326923076923 0.9038461538461539 0.019230769230769232 0.014423076923076924