0 0.3713942307692308 0.44350961538461536 0.040865384615384616 0.05048076923076923
3 0.8713942307692307 0.4254807692307692 0.07932692307692307 0.12740384615384615
4 0.8713942307692307 0.296875 0.07692307692307693 0.10096153846153846
0 0.9459134615384616 0.7536057692307693 0.10096153846153846 0.19951923076923078
0 0.28966346153846156 0.3425480769230769 0.014423076923076924 0.019230769230769232
0 0.3389423076923077 0.36658653846153844 0.01201923076923077 0.019230769230769232
0 0.4639423076923077 0.38461538461538464 0.02403846153846154 0.028846153846153848
0 0.5132211538461539 0.38341346153846156 0.019230769230769232 0.019230769230769232
0 0.5504807692307693 0.38461538461538464 0.021634615384615384 0.028846153846153848
0 0.6478365384615384 0.3918269230769231 0.02403846153846154 0.02403846153846154
0 0.4699519230769231 0.2776442307692308 0.014423076923076924 0.019230769230769232
2 0.23918269230769232 0.33052884615384615 0.021634615384615384 0.028846153846153848
5 0.03485576923076923 0.36658653846153844 0.019230769230769232 0.028846153846153848
3 0.03485576923076923 0.4014423076923077 0.021634615384615384 0.03125