3 0.3870192307692308 0.7307692307692307 0.04326923076923077 0.028846153846153848
2 0.33533653846153844 0.7367788461538461 0.04326923076923077 0.028846153846153848
0 0.3942307692307692 0.6478365384615384 0.016826923076923076 0.014423076923076924
0 0.390625 0.6262019230769231 0.019230769230769232 0.007211538461538462
3 0.5288461538461539 0.2091346153846154 0.05048076923076923 0.08173076923076923
3 0.39783653846153844 0.4387019230769231 0.09134615384615384 0.057692307692307696
0 0.45913461538461536 0.171875 0.04326923076923077 0.02403846153846154
0 0.4651442307692308 0.11899038461538461 0.03365384615384615 0.02403846153846154
0 0.2692307692307692 0.28125 0.02403846153846154 0.02403846153846154
2 0.29927884615384615 0.4387019230769231 0.08653846153846154 0.0625
0 0.4014423076923077 0.7067307692307693 0.019230769230769232 0.014423076923076924