0 0.4807692307692308 0.7115384615384616 0.0673076923076923 0.055288461538461536
0 0.4182692307692308 0.13942307692307693 0.028846153846153848 0.016826923076923076
3 0.41466346153846156 0.9423076923076923 0.019230769230769232 0.019230769230769232
2 0.35096153846153844 0.10817307692307693 0.04326923076923077 0.028846153846153848
3 0.4026442307692308 0.109375 0.038461538461538464 0.03125
3 0.36538461538461536 0.39903846153846156 0.038461538461538464 0.028846153846153848
5 0.3161057692307692 0.39783653846153844 0.038461538461538464 0.028846153846153848
0 0.21514423076923078 0.625 0.04326923076923077 0.04326923076923077
0 0.4026442307692308 0.17067307692307693 0.016826923076923076 0.01201923076923077
0 0.4411057692307692 0.8341346153846154 0.038461538461538464 0.02403846153846154
0 0.4098557692307692 0.7560096153846154 0.03365384615384615 0.019230769230769232
4 0.3798076923076923 0.9435096153846154 0.028846153846153848 0.016826923076923076
6 0.3329326923076923 0.8377403846153846 0.016826923076923076 0.014423076923076924