0 0.4411057692307692 0.056490384615384616 0.06009615384615385 0.040865384615384616
0 0.36778846153846156 0.5504807692307693 0.052884615384615384 0.04326923076923077
0 0.4026442307692308 0.8762019230769231 0.057692307692307696 0.03365384615384615
0 0.3629807692307692 0.7632211538461539 0.03365384615384615 0.026442307692307692
3 0.4579326923076923 0.11778846153846154 0.04326923076923077 0.09134615384615384
0 0.34615384615384615 0.46274038461538464 0.04326923076923077 0.03365384615384615
0 0.3161057692307692 0.375 0.02403846153846154 0.019230769230769232
0 0.31490384615384615 0.49759615384615385 0.02403846153846154 0.019230769230769232
0 0.3545673076923077 0.21514423076923078 0.03365384615384615 0.026442307692307692
0 0.21995192307692307 0.5420673076923077 0.019230769230769232 0.01201923076923077
0 0.18028846153846154 0.6935096153846154 0.03125 0.026442307692307692
1 0.3004807692307692 0.7992788461538461 0.08653846153846154 0.0985576923076923