0 0.6814903846153846 0.5697115384615384 0.03125 0.04326923076923077
0 0.6346153846153846 0.5697115384615384 0.036057692307692304 0.04326923076923077
0 0.3762019230769231 0.5492788461538461 0.040865384615384616 0.052884615384615384
0 0.8882211538461539 0.5084134615384616 0.038461538461538464 0.057692307692307696
0 0.06850961538461539 0.5384615384615384 0.028846153846153848 0.03365384615384615
0 0.2692307692307692 0.5901442307692307 0.021634615384615384 0.03125
3 0.8521634615384616 0.5997596153846154 0.036057692307692304 0.0625
3 0.4098557692307692 0.6262019230769231 0.04567307692307692 0.06009615384615385
4 0.4098557692307692 0.6899038461538461 0.04326923076923077 0.057692307692307696
6 0.6850961538461539 0.8293269230769231 0.038461538461538464 0.08173076923076923
0 0.46274038461538464 0.5817307692307693 0.03125 0.04567307692307692
2 0.8557692307692307 0.6622596153846154 0.038461538461538464 0.057692307692307696
0 0.4891826923076923 0.6105769230769231 0.021634615384615384 0.02403846153846154