0 0.3016826923076923 0.4831730769230769 0.0673076923076923 0.09615384615384616
0 0.6754807692307693 0.5576923076923077 0.04326923076923077 0.04807692307692308
3 0.49038461538461536 0.6298076923076923 0.04567307692307692 0.08173076923076923
4 0.9519230769230769 0.6286057692307693 0.02403846153846154 0.038461538461538464
3 0.9471153846153846 0.5853365384615384 0.028846153846153848 0.038461538461538464
3 0.6730769230769231 0.6334134615384616 0.028846153846153848 0.03365384615384615
2 0.4855769230769231 0.7115384615384616 0.04326923076923077 0.08173076923076923
0 0.9495192307692307 0.5420673076923077 0.02403846153846154 0.028846153846153848
0 0.8149038461538461 0.5853365384615384 0.016826923076923076 0.02403846153846154
0 0.7848557692307693 0.5901442307692307 0.014423076923076924 0.02403846153846154
0 0.6466346153846154 0.6057692307692307 0.014423076923076924 0.02403846153846154