0 0.9435096153846154 0.5588942307692307 0.040865384615384616 0.06009615384615385
0 0.4495192307692308 0.6322115384615384 0.04326923076923077 0.052884615384615384
0 0.12379807692307693 0.5973557692307693 0.03365384615384615 0.057692307692307696
0 0.23677884615384615 0.6370192307692307 0.026442307692307692 0.03365384615384615
3 0.8822115384615384 0.5420673076923077 0.09134615384615384 0.04326923076923077
0 0.5372596153846154 0.6538461538461539 0.03365384615384615 0.04326923076923077
0 0.625 0.6838942307692307 0.019230769230769232 0.02403846153846154
0 0.5024038461538461 0.6850961538461539 0.019230769230769232 0.02403846153846154
0 0.7848557692307693 0.6454326923076923 0.026442307692307692 0.03365384615384615
0 0.4579326923076923 0.7800480769230769 0.01201923076923077 0.019230769230769232
0 0.30649038461538464 0.8197115384615384 0.026442307692307692 0.03125
1 0.20072115384615385 0.6995192307692307 0.0985576923076923 0.08653846153846154