0 0.4723557692307692 0.4807692307692308 0.09134615384615384 0.0673076923076923
0 0.4723557692307692 0.33413461538461536 0.07211538461538461 0.0625
0 0.4254807692307692 0.31971153846153844 0.05048076923076923 0.038461538461538464
3 0.43028846153846156 0.6213942307692307 0.15625 0.11778846153846154
2 0.26802884615384615 0.6262019230769231 0.13942307692307693 0.11057692307692307
0 0.4879807692307692 0.019230769230769232 0.052884615384615384 0.03125
0 0.40865384615384615 0.2956730769230769 0.038461538461538464 0.021634615384615384
0 0.38822115384615385 0.8569711538461539 0.019230769230769232 0.016826923076923076
0 0.43028846153846156 0.9807692307692307 0.03125 0.019230769230769232
0 0.40625 0.9567307692307693 0.016826923076923076 0.01201923076923077
0 0.4411057692307692 0.046875 0.03125 0.021634615384615384
0 0.40865384615384615 0.9026442307692307 0.03365384615384615 0.021634615384615384