3 0.6274038461538461 0.875 0.08653846153846154 0.052884615384615384
3 0.6682692307692307 0.19831730769230768 0.0673076923076923 0.05048076923076923
3 0.671875 0.25600961538461536 0.08653846153846154 0.04807692307692308
0 0.6634615384615384 0.3137019230769231 0.02403846153846154 0.009615384615384616
0 0.65625 0.7223557692307693 0.02403846153846154 0.019230769230769232
0 0.7836538461538461 0.78125 0.02403846153846154 0.026442307692307692
1 0.36538461538461536 0.1875 0.5288461538461539 0.3701923076923077
2 0.734375 0.8810096153846154 0.09375 0.057692307692307696
2 0.7560096153846154 0.24879807692307693 0.07451923076923077 0.04326923076923077
0 0.6526442307692307 0.29927884615384615 0.03125 0.019230769230769232
0 0.6730769230769231 0.6802884615384616 0.019230769230769232 0.014423076923076924
0 0.6009615384615384 0.9278846153846154 0.03365384615384615 0.02403846153846154
5 0.7475961538461539 0.19471153846153846 0.0625 0.04326923076923077
0 0.6838942307692307 0.6574519230769231 0.019230769230769232 0.014423076923076924