0 0.12620192307692307 0.7728365384615384 0.15144230769230768 0.20673076923076922
0 0.11057692307692307 0.6514423076923077 0.10576923076923077 0.15625
0 0.5649038461538461 0.41346153846153844 0.038461538461538464 0.04326923076923077
0 0.1971153846153846 0.4206730769230769 0.02403846153846154 0.03365384615384615
5 0.5012019230769231 0.2956730769230769 0.014423076923076924 0.057692307692307696
5 0.5300480769230769 0.3112980769230769 0.026442307692307692 0.03125
0 0.8533653846153846 0.3629807692307692 0.01201923076923077 0.02403846153846154
3 0.5012019230769231 0.36658653846153844 0.014423076923076924 0.057692307692307696
3 0.5300480769230769 0.35216346153846156 0.026442307692307692 0.028846153846153848
3 0.7872596153846154 0.3713942307692308 0.016826923076923076 0.03365384615384615
2 0.9074519230769231 0.3401442307692308 0.026442307692307692 0.057692307692307696
2 0.7872596153846154 0.3317307692307692 0.02403846153846154 0.03125