0 0.5336538461538461 0.4651442307692308 0.0625 0.0625
0 0.5685096153846154 0.4362980769230769 0.03365384615384615 0.057692307692307696
0 0.23557692307692307 0.4338942307692308 0.038461538461538464 0.04326923076923077
0 0.5060096153846154 0.3786057692307692 0.014423076923076924 0.019230769230769232
0 0.5432692307692307 0.375 0.009615384615384616 0.019230769230769232
0 0.6766826923076923 0.3786057692307692 0.01201923076923077 0.019230769230769232
0 0.7752403846153846 0.3786057692307692 0.01201923076923077 0.014423076923076924
6 0.9074519230769231 0.33413461538461536 0.014423076923076924 0.014423076923076924
3 0.7920673076923077 0.36899038461538464 0.014423076923076924 0.028846153846153848
2 0.7944711538461539 0.33533653846153844 0.014423076923076924 0.02403846153846154
0 0.2980769230769231 0.39663461538461536 0.028846153846153848 0.03125