0 0.9663461538461539 0.46033653846153844 0.057692307692307696 0.09134615384615384
0 0.8112980769230769 0.5204326923076923 0.057692307692307696 0.09134615384615384
0 0.1971153846153846 0.5252403846153846 0.0625 0.07451923076923077
3 0.4362980769230769 0.640625 0.040865384615384616 0.12740384615384615
3 0.5637019230769231 0.6802884615384616 0.03365384615384615 0.04326923076923077
3 0.8389423076923077 0.6538461538461539 0.03125 0.04567307692307692
0 0.7439903846153846 0.5997596153846154 0.038461538461538464 0.052884615384615384
0 0.921875 0.5853365384615384 0.03125 0.04326923076923077
0 0.07572115384615384 0.5649038461538461 0.03365384615384615 0.05048076923076923
0 0.4879807692307692 0.6442307692307693 0.02403846153846154 0.03125
0 0.11658653846153846 0.6201923076923077 0.016826923076923076 0.028846153846153848
3 0.2439903846153846 0.38461538461538464 0.20673076923076922 0.12980769230769232
2 0.8413461538461539 0.7019230769230769 0.028846153846153848 0.04326923076923077
4 0.4254807692307692 0.765625 0.038461538461538464 0.10576923076923077
2 0.1971153846153846 0.6995192307692307 0.014423076923076924 0.028846153846153848
0 0.7247596153846154 0.6526442307692307 0.01201923076923077 0.02403846153846154
0 0.8088942307692307 0.6346153846153846 0.01201923076923077 0.019230769230769232