3 0.484375 0.07692307692307693 0.31009615384615385 0.1201923076923077
0 0.31850961538461536 0.4266826923076923 0.016826923076923076 0.009615384615384616
0 0.32211538461538464 0.5757211538461539 0.014423076923076924 0.009615384615384616
0 0.33533653846153844 0.7596153846153846 0.016826923076923076 0.01201923076923077
0 0.35216346153846156 0.8004807692307693 0.016826923076923076 0.014423076923076924
0 0.39903846153846156 0.6286057692307693 0.06009615384615385 0.04807692307692308
0 0.37740384615384615 0.8942307692307693 0.028846153846153848 0.02403846153846154
2 0.16826923076923078 0.056490384615384616 0.2932692307692308 0.10576923076923077
0 0.3425480769230769 0.35336538461538464 0.02403846153846154 0.02403846153846154
0 0.3076923076923077 0.5288461538461539 0.019230769230769232 0.007211538461538462
0 0.3293269230769231 0.6177884615384616 0.016826923076923076 0.014423076923076924
0 0.31971153846153844 0.7740384615384616 0.014423076923076924 0.014423076923076924
0 0.41947115384615385 0.9591346153846154 0.04807692307692308 0.036057692307692304