0 0.39663461538461536 0.44350961538461536 0.04807692307692308 0.052884615384615384
0 0.5264423076923077 0.39783653846153844 0.02403846153846154 0.03365384615384615
0 0.7379807692307693 0.4230769230769231 0.03125 0.038461538461538464
0 0.9615384615384616 0.5649038461538461 0.057692307692307696 0.09134615384615384
0 0.15264423076923078 0.43990384615384615 0.028846153846153848 0.038461538461538464
0 0.6442307692307693 0.38461538461538464 0.016826923076923076 0.019230769230769232
0 0.8305288461538461 0.44591346153846156 0.026442307692307692 0.04326923076923077
3 0.2247596153846154 0.46634615384615385 0.08173076923076923 0.02403846153846154
3 0.057692307692307696 0.4387019230769231 0.0673076923076923 0.09615384615384616
2 0.6370192307692307 0.328125 0.016826923076923076 0.02403846153846154
4 0.05048076923076923 0.3293269230769231 0.057692307692307696 0.09134615384615384
0 0.9879807692307693 0.46875 0.019230769230769232 0.038461538461538464
0 0.6213942307692307 0.3713942307692308 0.014423076923076924 0.016826923076923076
0 0.7283653846153846 0.38341346153846156 0.014423076923076924 0.019230769230769232
3 0.6370192307692307 0.3557692307692308 0.019230769230769232 0.028846153846153848
3 0.5552884615384616 0.3557692307692308 0.019230769230769232 0.03365384615384615
2 0.5516826923076923 0.31490384615384615 0.014423076923076924 0.03365384615384615
1 0.7067307692307693 0.3581730769230769 0.014423076923076924 0.019230769230769232
1 0.6814903846153846 0.35336538461538464 0.009615384615384616 0.019230769230769232