3 0.6009615384615384 0.29927884615384615 0.0673076923076923 0.04807692307692308
3 0.5901442307692307 0.8725961538461539 0.07451923076923077 0.03365384615384615
0 0.5600961538461539 0.6105769230769231 0.052884615384615384 0.040865384615384616
0 0.43990384615384615 0.5492788461538461 0.1201923076923077 0.10817307692307693
2 0.6862980769230769 0.296875 0.07692307692307693 0.05048076923076923
2 0.6802884615384616 0.8725961538461539 0.0673076923076923 0.03365384615384615
0 0.5853365384615384 0.8185096153846154 0.019230769230769232 0.014423076923076924
0 0.5324519230769231 0.9375 0.04807692307692308 0.03125
0 0.5444711538461539 0.9014423076923077 0.04326923076923077 0.028846153846153848
0 0.5661057692307693 0.23076923076923078 0.03365384615384615 0.03125
0 0.5024038461538461 0.12620192307692307 0.0625 0.04807692307692308
6 0.8858173076923077 0.7019230769230769 0.11298076923076923 0.0625