0 0.10817307692307693 0.4338942307692308 0.06009615384615385 0.11298076923076923
0 0.7932692307692307 0.3798076923076923 0.10096153846153846 0.14423076923076922
0 0.5036057692307693 0.5889423076923077 0.028846153846153848 0.028846153846153848
3 0.8221153846153846 0.5925480769230769 0.028846153846153848 0.06009615384615385
3 0.6862980769230769 0.6225961538461539 0.01201923076923077 0.03365384615384615
3 0.4098557692307692 0.6262019230769231 0.02403846153846154 0.03365384615384615
3 0.22596153846153846 0.5336538461538461 0.055288461538461536 0.021634615384615384
2 0.40865384615384615 0.6646634615384616 0.019230769230769232 0.03365384615384615
0 0.2800480769230769 0.6370192307692307 0.02403846153846154 0.02403846153846154
0 0.17548076923076922 0.578125 0.016826923076923076 0.02403846153846154
0 0.2536057692307692 0.5673076923076923 0.026442307692307692 0.038461538461538464
6 0.5853365384615384 0.7079326923076923 0.014423076923076924 0.02403846153846154