0 0.5588942307692307 0.9399038461538461 0.09375 0.057692307692307696
0 0.49278846153846156 0.8966346153846154 0.0673076923076923 0.04326923076923077
0 0.4723557692307692 0.5540865384615384 0.07211538461538461 0.055288461538461536
0 0.4795673076923077 0.4735576923076923 0.07211538461538461 0.057692307692307696
0 0.4963942307692308 0.18629807692307693 0.0673076923076923 0.05048076923076923
0 0.6334134615384616 0.020432692307692308 0.11298076923076923 0.038461538461538464
3 0.39783653846153844 0.7980769230769231 0.08653846153846154 0.04326923076923077
3 0.43149038461538464 0.109375 0.10576923076923077 0.0625
3 0.3870192307692308 0.7548076923076923 0.08173076923076923 0.03125
2 0.3088942307692308 0.8052884615384616 0.07932692307692307 0.04326923076923077
4 0.3016826923076923 0.7560096153846154 0.07211538461538461 0.028846153846153848
4 0.31490384615384615 0.10336538461538461 0.10096153846153846 0.0625
0 0.4338942307692308 0.21153846153846154 0.04326923076923077 0.028846153846153848
0 0.41466346153846156 0.23677884615384615 0.038461538461538464 0.016826923076923076
0 0.41586538461538464 0.2620192307692308 0.03365384615384615 0.028846153846153848