2 0.6682692307692307 0.36658653846153844 0.038461538461538464 0.026442307692307692
3 0.6057692307692307 0.5793269230769231 0.07932692307692307 0.04807692307692308
2 0.6947115384615384 0.5769230769230769 0.07211538461538461 0.040865384615384616
3 0.49278846153846156 0.7596153846153846 0.04326923076923077 0.09134615384615384
0 0.4182692307692308 0.03365384615384615 0.10096153846153846 0.0673076923076923
0 0.5372596153846154 0.8401442307692307 0.04326923076923077 0.03125
0 0.5288461538461539 0.9026442307692307 0.04326923076923077 0.02403846153846154
3 0.5745192307692307 0.04567307692307692 0.04807692307692308 0.028846153846153848
5 0.625 0.04807692307692308 0.04326923076923077 0.026442307692307692
0 0.6105769230769231 0.5024038461538461 0.019230769230769232 0.009615384615384616
3 0.5793269230769231 0.078125 0.038461538461538464 0.014423076923076924
3 0.6213942307692307 0.36778846153846156 0.04326923076923077 0.028846153846153848
1 0.6081730769230769 0.4362980769230769 0.07211538461538461 0.11778846153846154