3 0.41947115384615385 0.7680288461538461 0.36538461538461536 0.17307692307692307
4 0.8257211538461539 0.9471153846153846 0.34134615384615385 0.10336538461538461
0 0.4483173076923077 0.6574519230769231 0.10096153846153846 0.04807692307692308
0 0.5120192307692307 0.5865384615384616 0.08173076923076923 0.0625
0 0.5901442307692307 0.4206730769230769 0.04567307692307692 0.028846153846153848
0 0.5661057692307693 0.10697115384615384 0.038461538461538464 0.02403846153846154
2 0.7596153846153846 0.7896634615384616 0.31009615384615385 0.14903846153846154
0 0.5973557692307693 0.32211538461538464 0.03365384615384615 0.021634615384615384
0 0.6081730769230769 0.22596153846153846 0.019230769230769232 0.014423076923076924
3 0.6201923076923077 0.13221153846153846 0.038461538461538464 0.014423076923076924
3 0.4206730769230769 0.9158653846153846 0.3942307692307692 0.16346153846153846