0 0.7067307692307693 0.47115384615384615 0.052884615384615384 0.0673076923076923
0 0.3545673076923077 0.44350961538461536 0.040865384615384616 0.05048076923076923
0 0.8870192307692307 0.5180288461538461 0.052884615384615384 0.08653846153846154
3 0.8353365384615384 0.4699519230769231 0.055288461538461536 0.019230769230769232
0 0.038461538461538464 0.6466346153846154 0.06971153846153846 0.12980769230769232
0 0.9387019230769231 0.45913461538461536 0.019230769230769232 0.038461538461538464
3 0.4050480769230769 0.36658653846153844 0.028846153846153848 0.052884615384615384
3 0.5120192307692307 0.359375 0.026442307692307692 0.03125
3 0.7367788461538461 0.3713942307692308 0.02403846153846154 0.028846153846153848
0 0.6286057692307693 0.3870192307692308 0.014423076923076924 0.019230769230769232
0 0.5276442307692307 0.4014423076923077 0.02403846153846154 0.03125
2 0.4014423076923077 0.31009615384615385 0.021634615384615384 0.04326923076923077
2 0.5120192307692307 0.3245192307692308 0.019230769230769232 0.028846153846153848
4 0.7379807692307693 0.3389423076923077 0.02403846153846154 0.03125
0 0.6057692307692307 0.38341346153846156 0.014423076923076924 0.019230769230769232