0 0.4411057692307692 0.7608173076923077 0.03365384615384615 0.03125
0 0.39903846153846156 0.5504807692307693 0.019230769230769232 0.014423076923076924
0 0.4098557692307692 0.3786057692307692 0.019230769230769232 0.014423076923076924
0 0.5036057692307693 0.07211538461538461 0.04807692307692308 0.028846153846153848
0 0.390625 0.5324519230769231 0.014423076923076924 0.009615384615384616
0 0.41466346153846156 0.39903846153846156 0.02403846153846154 0.021634615384615384
0 0.390625 0.3786057692307692 0.019230769230769232 0.01201923076923077
0 0.39663461538461536 0.2800480769230769 0.019230769230769232 0.014423076923076924
3 0.5204326923076923 0.17548076923076922 0.028846153846153848 0.0985576923076923
3 0.390625 0.18990384615384615 0.02403846153846154 0.014423076923076924
2 0.36778846153846156 0.18870192307692307 0.019230769230769232 0.01201923076923077
1 0.39903846153846156 0.1466346153846154 0.03365384615384615 0.03365384615384615
0 0.3918269230769231 0.4050480769230769 0.019230769230769232 0.014423076923076924