0 0.4831730769230769 0.5060096153846154 0.08653846153846154 0.0673076923076923
0 0.47716346153846156 0.057692307692307696 0.057692307692307696 0.038461538461538464
3 0.390625 0.15745192307692307 0.0673076923076923 0.052884615384615384
0 0.38341346153846156 0.3713942307692308 0.03365384615384615 0.02403846153846154
4 0.31490384615384615 0.15745192307692307 0.0673076923076923 0.052884615384615384
6 0.1814903846153846 0.5048076923076923 0.07451923076923077 0.038461538461538464
2 0.2956730769230769 0.5348557692307693 0.05048076923076923 0.038461538461538464
1 0.6682692307692307 0.8822115384615384 0.6201923076923077 0.23076923076923078
1 0.4026442307692308 0.6526442307692307 0.16826923076923078 0.22596153846153846
0 0.328125 0.71875 0.06009615384615385 0.04326923076923077
3 0.3581730769230769 0.5348557692307693 0.052884615384615384 0.038461538461538464
0 0.38822115384615385 0.4879807692307692 0.03125 0.02403846153846154