1 0.421875 0.3473557692307692 0.2283653846153846 0.15865384615384615
0 0.7884615384615384 0.39302884615384615 0.040865384615384616 0.057692307692307696
3 0.9206730769230769 0.3629807692307692 0.0625 0.11057692307692307
3 0.6658653846153846 0.30408653846153844 0.03365384615384615 0.05048076923076923
3 0.2764423076923077 0.2932692307692308 0.03125 0.04326923076923077
4 0.6682692307692307 0.25240384615384615 0.03365384615384615 0.04567307692307692
4 0.9230769230769231 0.23677884615384615 0.057692307692307696 0.11057692307692307
0 0.23197115384615385 0.3942307692307692 0.04567307692307692 0.0673076923076923
6 0.49399038461538464 0.12860576923076922 0.028846153846153848 0.052884615384615384
0 0.4387019230769231 0.19230769230769232 0.0673076923076923 0.12980769230769232
2 0.27524038461538464 0.23798076923076922 0.03365384615384615 0.052884615384615384
3 0.025240384615384616 0.4266826923076923 0.040865384615384616 0.15865384615384615