0 0.14423076923076922 0.49278846153846156 0.04567307692307692 0.052884615384615384
0 0.4855769230769231 0.4723557692307692 0.057692307692307696 0.06490384615384616
0 0.3786057692307692 0.42908653846153844 0.03125 0.03365384615384615
0 0.8016826923076923 0.453125 0.028846153846153848 0.04807692307692308
0 0.35096153846153844 0.40625 0.016826923076923076 0.019230769230769232
0 0.2920673076923077 0.4110576923076923 0.02403846153846154 0.028846153846153848
0 0.15865384615384615 0.421875 0.007211538461538462 0.014423076923076924
0 0.10576923076923077 0.4338942307692308 0.014423076923076924 0.019230769230769232
0 0.6778846153846154 0.40865384615384615 0.014423076923076924 0.019230769230769232
3 0.7451923076923077 0.41586538461538464 0.057692307692307696 0.11057692307692307
2 0.7463942307692307 0.3016826923076923 0.057692307692307696 0.09615384615384616
0 0.40024038461538464 0.3870192307692308 0.014423076923076924 0.016826923076923076