0 0.47115384615384615 0.2932692307692308 0.0673076923076923 0.052884615384615384
0 0.44350961538461536 0.6454326923076923 0.05048076923076923 0.040865384615384616
0 0.5180288461538461 0.11298076923076923 0.08653846153846154 0.052884615384615384
3 0.4699519230769231 0.16466346153846154 0.019230769230769232 0.055288461538461536
0 0.6466346153846154 0.9615384615384616 0.12980769230769232 0.06971153846153846
0 0.45913461538461536 0.06129807692307692 0.038461538461538464 0.019230769230769232
3 0.36658653846153844 0.5949519230769231 0.052884615384615384 0.028846153846153848
3 0.359375 0.4879807692307692 0.03125 0.026442307692307692
3 0.3713942307692308 0.26322115384615385 0.028846153846153848 0.02403846153846154
0 0.3870192307692308 0.3713942307692308 0.019230769230769232 0.014423076923076924
0 0.4014423076923077 0.4723557692307692 0.03125 0.02403846153846154
2 0.31009615384615385 0.5985576923076923 0.04326923076923077 0.021634615384615384
2 0.3245192307692308 0.4879807692307692 0.028846153846153848 0.019230769230769232
4 0.3389423076923077 0.2620192307692308 0.03125 0.02403846153846154
0 0.38341346153846156 0.3942307692307692 0.019230769230769232 0.014423076923076924