0 0.5745192307692307 0.3942307692307692 0.021634615384615384 0.028846153846153848
3 0.7355769230769231 0.39903846153846156 0.03125 0.08653846153846154
0 0.9759615384615384 0.5637019230769231 0.04326923076923077 0.09615384615384616
1 0.47836538461538464 0.36778846153846156 0.08653846153846154 0.08173076923076923
3 0.10576923076923077 0.43990384615384615 0.038461538461538464 0.09134615384615384
3 0.2848557692307692 0.3629807692307692 0.02403846153846154 0.04326923076923077
3 0.6033653846153846 0.3605769230769231 0.026442307692307692 0.04326923076923077
2 0.09975961538461539 0.34375 0.038461538461538464 0.08653846153846154
2 0.2800480769230769 0.31971153846153844 0.02403846153846154 0.038461538461538464
4 0.7331730769230769 0.29927884615384615 0.028846153846153848 0.09134615384615384
4 0.6009615384615384 0.3161057692307692 0.028846153846153848 0.03365384615384615
0 0.33774038461538464 0.4050480769230769 0.026442307692307692 0.02403846153846154
0 0.5072115384615384 0.41346153846153844 0.026442307692307692 0.02403846153846154
6 0.4326923076923077 0.24639423076923078 0.019230769230769232 0.03365384615384615
3 0.3076923076923077 0.36778846153846156 0.01201923076923077 0.038461538461538464
0 0.4050480769230769 0.3762019230769231 0.01201923076923077 0.014423076923076924