0 0.5396634615384616 0.03365384615384615 0.09134615384615384 0.057692307692307696
0 0.4795673076923077 0.18870192307692307 0.09134615384615384 0.057692307692307696
0 0.47475961538461536 0.8028846153846154 0.07451923076923077 0.0625
3 0.359375 0.5637019230769231 0.12740384615384615 0.040865384615384616
3 0.31971153846153844 0.4362980769230769 0.04326923076923077 0.03365384615384615
3 0.34615384615384615 0.16105769230769232 0.04567307692307692 0.03125
0 0.40024038461538464 0.25600961538461536 0.052884615384615384 0.038461538461538464
0 0.41466346153846156 0.078125 0.04326923076923077 0.03125
0 0.43509615384615385 0.9242788461538461 0.05048076923076923 0.03365384615384615
0 0.3557692307692308 0.5120192307692307 0.03125 0.02403846153846154
0 0.3798076923076923 0.8834134615384616 0.028846153846153848 0.016826923076923076
3 0.6153846153846154 0.7560096153846154 0.12980769230769232 0.20673076923076922
2 0.2980769230769231 0.15865384615384615 0.04326923076923077 0.028846153846153848
4 0.234375 0.5745192307692307 0.10576923076923077 0.038461538461538464
2 0.3004807692307692 0.8028846153846154 0.028846153846153848 0.014423076923076924
0 0.3473557692307692 0.27524038461538464 0.02403846153846154 0.01201923076923077
0 0.36538461538461536 0.19110576923076922 0.019230769230769232 0.01201923076923077