0 0.6887019230769231 0.7692307692307693 0.16346153846153846 0.125
3 0.46153846153846156 0.057692307692307696 0.09375 0.057692307692307696
3 0.4831730769230769 0.8894230769230769 0.1875 0.0625
3 0.3942307692307692 0.7259615384615384 0.038461538461538464 0.038461538461538464
3 0.3918269230769231 0.33774038461538464 0.038461538461538464 0.03125
2 0.35096153846153844 0.052884615384615384 0.08653846153846154 0.055288461538461536
2 0.33653846153846156 0.3401442307692308 0.04326923076923077 0.026442307692307692
5 0.3016826923076923 0.8930288461538461 0.16346153846153846 0.0625
5 0.33653846153846156 0.7259615384615384 0.04807692307692308 0.038461538461538464
0 0.41225961538461536 0.2620192307692308 0.016826923076923076 0.01201923076923077
0 0.4110576923076923 0.2403846153846154 0.019230769230769232 0.01201923076923077
3 0.39302884615384615 0.6887019230769231 0.052884615384615384 0.01201923076923077