0 0.6298076923076923 0.4951923076923077 0.019230769230769232 0.014423076923076924
0 0.5673076923076923 0.18389423076923078 0.03365384615384615 0.03125
0 0.5504807692307693 0.65625 0.06490384615384616 0.05048076923076923
0 0.6370192307692307 0.5408653846153846 0.016826923076923076 0.014423076923076924
0 0.6286057692307693 0.38100961538461536 0.016826923076923076 0.01201923076923077
6 0.7307692307692307 0.44711538461538464 0.02403846153846154 0.01201923076923077
1 0.65625 0.4723557692307692 0.04567307692307692 0.0673076923076923
0 0.4951923076923077 0.9387019230769231 0.06009615384615385 0.04326923076923077
3 0.4723557692307692 0.8762019230769231 0.04807692307692308 0.10576923076923077
3 0.6598557692307693 0.3269230769230769 0.03365384615384615 0.021634615384615384
0 0.5877403846153846 0.7403846153846154 0.03365384615384615 0.03125
3 0.5060096153846154 0.1045673076923077 0.038461538461538464 0.0625
3 0.6262019230769231 0.2548076923076923 0.04326923076923077 0.01201923076923077
3 0.6574519230769231 0.5637019230769231 0.02403846153846154 0.02403846153846154