0 0.8990384615384616 0.23197115384615385 0.14903846153846154 0.1971153846153846
3 0.8401442307692307 0.5901442307692307 0.07451923076923077 0.11057692307692307
4 0.8413461538461539 0.7067307692307693 0.07692307692307693 0.10576923076923077
0 0.8786057692307693 0.36538461538461536 0.10576923076923077 0.1346153846153846
0 0.9230769230769231 0.5432692307692307 0.03365384615384615 0.038461538461538464
0 0.5252403846153846 0.6213942307692307 0.019230769230769232 0.02403846153846154
0 0.5600961538461539 0.6213942307692307 0.019230769230769232 0.02403846153846154
0 0.39663461538461536 0.5673076923076923 0.03365384615384615 0.04807692307692308
0 0.47836538461538464 0.6201923076923077 0.02403846153846154 0.028846153846153848
0 0.008413461538461538 0.4543269230769231 0.016826923076923076 0.07211538461538461
0 0.09495192307692307 0.5709134615384616 0.019230769230769232 0.028846153846153848
0 0.4855769230769231 0.7235576923076923 0.019230769230769232 0.014423076923076924
0 0.6514423076923077 0.6129807692307693 0.021634615384615384 0.028846153846153848
0 0.7007211538461539 0.6153846153846154 0.019230769230769232 0.028846153846153848