3 0.9411057692307693 0.4423076923076923 0.0673076923076923 0.10576923076923077
0 0.03485576923076923 0.5685096153846154 0.057692307692307696 0.09615384615384616
4 0.9459134615384616 0.33533653846153844 0.0673076923076923 0.09615384615384616
0 0.8449519230769231 0.44471153846153844 0.028846153846153848 0.03365384615384615
0 0.5997596153846154 0.4483173076923077 0.04807692307692308 0.05048076923076923
0 0.25721153846153844 0.42908653846153844 0.028846153846153848 0.038461538461538464
0 0.1658653846153846 0.453125 0.02403846153846154 0.04807692307692308
0 0.4699519230769231 0.4026442307692308 0.02403846153846154 0.028846153846153848
3 0.7740384615384616 0.47716346153846156 0.07451923076923077 0.028846153846153848
0 0.35096153846153844 0.3918269230769231 0.014423076923076924 0.019230769230769232
0 0.3737980769230769 0.3786057692307692 0.014423076923076924 0.016826923076923076
0 0.2692307692307692 0.3894230769230769 0.014423076923076924 0.016826923076923076