0 0.48677884615384615 0.7487980769230769 0.07692307692307693 0.057692307692307696
4 0.32091346153846156 0.7800480769230769 0.038461538461538464 0.03125
2 0.2776442307692308 0.3245192307692308 0.10576923076923077 0.03365384615384615
0 0.43149038461538464 0.8653846153846154 0.03365384615384615 0.028846153846153848
0 0.42427884615384615 0.7091346153846154 0.038461538461538464 0.038461538461538464
0 0.48677884615384615 0.2439903846153846 0.06490384615384616 0.055288461538461536
1 0.3401442307692308 0.5276442307692307 0.019230769230769232 0.026442307692307692
2 0.3137019230769231 0.40625 0.04807692307692308 0.038461538461538464
3 0.36778846153846156 0.4050480769230769 0.04807692307692308 0.036057692307692304
3 0.40865384615384615 0.33052884615384615 0.1201923076923077 0.038461538461538464
0 0.453125 0.9411057692307693 0.038461538461538464 0.028846153846153848
0 0.38461538461538464 0.5180288461538461 0.02403846153846154 0.019230769230769232
0 0.40024038461538464 0.7932692307692307 0.019230769230769232 0.016826923076923076
0 0.38100961538461536 0.7379807692307693 0.016826923076923076 0.01201923076923077
1 0.3701923076923077 0.6574519230769231 0.04807692307692308 0.0673076923076923
3 0.37259615384615385 0.7752403846153846 0.04326923076923077 0.03125
6 0.3088942307692308 0.5625 0.016826923076923076 0.01201923076923077
6 0.23197115384615385 0.6526442307692307 0.03365384615384615 0.02403846153846154
0 0.4375 0.22716346153846154 0.0625 0.04567307692307692