0 0.38100961538461536 0.4254807692307692 0.03365384615384615 0.03365384615384615
0 0.1814903846153846 0.453125 0.028846153846153848 0.04807692307692308
0 0.5012019230769231 0.5673076923076923 0.10576923076923077 0.12740384615384615
3 0.07932692307692307 0.4831730769230769 0.08413461538461539 0.14903846153846154
0 0.36177884615384615 0.4026442307692308 0.019230769230769232 0.028846153846153848
0 0.20192307692307693 0.47596153846153844 0.04326923076923077 0.06009615384615385
6 0.6526442307692307 0.2932692307692308 0.014423076923076924 0.016826923076923076
0 0.8918269230769231 0.44350961538461536 0.019230769230769232 0.03365384615384615
3 0.4230769230769231 0.421875 0.052884615384615384 0.019230769230769232
0 0.9867788461538461 0.25841346153846156 0.019230769230769232 0.028846153846153848
3 0.8233173076923077 0.43028846153846156 0.04807692307692308 0.019230769230769232
3 0.5492788461538461 0.3545673076923077 0.019230769230769232 0.02403846153846154
3 0.7427884615384616 0.3605769230769231 0.014423076923076924 0.019230769230769232
4 0.07211538461538461 0.3329326923076923 0.0889423076923077 0.12980769230769232