0 0.6814903846153846 0.43028846153846156 0.03125 0.04326923076923077
0 0.6346153846153846 0.43028846153846156 0.036057692307692304 0.04326923076923077
0 0.3762019230769231 0.45072115384615385 0.040865384615384616 0.052884615384615384
0 0.8882211538461539 0.49158653846153844 0.038461538461538464 0.057692307692307696
0 0.06850961538461539 0.46153846153846156 0.03125 0.03365384615384615
0 0.2692307692307692 0.4098557692307692 0.021634615384615384 0.03125
3 0.8521634615384616 0.40024038461538464 0.036057692307692304 0.0625
3 0.4098557692307692 0.3737980769230769 0.04567307692307692 0.06009615384615385
4 0.4098557692307692 0.31009615384615385 0.04326923076923077 0.057692307692307696
6 0.6850961538461539 0.17067307692307693 0.038461538461538464 0.08173076923076923
0 0.46274038461538464 0.4182692307692308 0.03125 0.04567307692307692
2 0.8557692307692307 0.33774038461538464 0.038461538461538464 0.057692307692307696
0 0.4891826923076923 0.3894230769230769 0.021634615384615384 0.02403846153846154