0 0.5492788461538461 0.9435096153846154 0.12259615384615384 0.07932692307692307
0 0.3954326923076923 0.1310096153846154 0.04567307692307692 0.03365384615384615
3 0.3858173076923077 0.4170673076923077 0.019230769230769232 0.07692307692307693
0 0.3245192307692308 0.7632211538461539 0.016826923076923076 0.014423076923076924
0 0.2956730769230769 0.48677884615384615 0.016826923076923076 0.014423076923076924
0 0.36899038461538464 0.9266826923076923 0.028846153846153848 0.01201923076923077
0 0.42788461538461536 0.03485576923076923 0.04807692307692308 0.03365384615384615
0 0.3004807692307692 0.6442307692307693 0.01201923076923077 0.014423076923076924
0 0.3088942307692308 0.5144230769230769 0.019230769230769232 0.019230769230769232
0 0.30288461538461536 0.44350961538461536 0.019230769230769232 0.014423076923076924
3 0.2860576923076923 0.6189903846153846 0.038461538461538464 0.014423076923076924
3 0.27884615384615385 0.5516826923076923 0.02403846153846154 0.019230769230769232
2 0.24879807692307693 0.6213942307692307 0.03125 0.014423076923076924
0 0.3954326923076923 0.9783653846153846 0.038461538461538464 0.026442307692307692
0 0.20432692307692307 0.3713942307692308 0.028846153846153848 0.026442307692307692
0 0.8762019230769231 0.9699519230769231 0.21634615384615385 0.04567307692307692