3 0.23197115384615385 0.5805288461538461 0.17307692307692307 0.36538461538461536
4 0.052884615384615384 0.17427884615384615 0.10336538461538461 0.34134615384615385
0 0.3425480769230769 0.5516826923076923 0.04807692307692308 0.10096153846153846
0 0.41346153846153844 0.4879807692307692 0.0625 0.08173076923076923
0 0.5793269230769231 0.4098557692307692 0.028846153846153848 0.04567307692307692
0 0.8930288461538461 0.4338942307692308 0.02403846153846154 0.038461538461538464
2 0.21033653846153846 0.2403846153846154 0.14903846153846154 0.31009615384615385
0 0.6778846153846154 0.4026442307692308 0.021634615384615384 0.03365384615384615
0 0.7740384615384616 0.3918269230769231 0.014423076923076924 0.021634615384615384
3 0.8677884615384616 0.3798076923076923 0.014423076923076924 0.038461538461538464
3 0.08413461538461539 0.5793269230769231 0.16346153846153846 0.3942307692307692