0 0.5709134615384616 0.7860576923076923 0.07451923076923077 0.052884615384615384
3 0.5324519230769231 0.7115384615384616 0.04326923076923077 0.13701923076923078
0 0.5817307692307693 0.15985576923076922 0.06490384615384616 0.052884615384615384
0 0.6286057692307693 0.27163461538461536 0.05048076923076923 0.04326923076923077
0 0.6586538461538461 0.5685096153846154 0.03365384615384615 0.03365384615384615
0 0.6838942307692307 0.38341346153846156 0.02403846153846154 0.019230769230769232
0 0.7692307692307693 0.20673076923076922 0.019230769230769232 0.014423076923076924
0 0.6610576923076923 0.12379807692307693 0.019230769230769232 0.01201923076923077
0 0.6682692307692307 0.24639423076923078 0.02403846153846154 0.016826923076923076
0 0.8004807692307693 0.03125 0.03365384615384615 0.028846153846153848
3 0.6682692307692307 0.5096153846153846 0.019230769230769232 0.055288461538461536