3 0.4699519230769231 0.38221153846153844 0.04807692307692308 0.07211538461538461
4 0.46634615384615385 0.3076923076923077 0.04807692307692308 0.06490384615384616
0 0.30528846153846156 0.4375 0.028846153846153848 0.028846153846153848
0 0.18629807692307693 0.46634615384615385 0.02403846153846154 0.04326923076923077
0 0.8245192307692307 0.4519230769230769 0.03125 0.038461538461538464
0 0.5877403846153846 0.421875 0.026442307692307692 0.03125
3 0.22115384615384615 0.5637019230769231 0.11778846153846154 0.06009615384615385
6 0.7247596153846154 0.11298076923076923 0.055288461538461536 0.10576923076923077
3 0.9759615384615384 0.43990384615384615 0.038461538461538464 0.08173076923076923
0 0.7475961538461539 0.41586538461538464 0.02403846153846154 0.028846153846153848
6 0.7295673076923077 0.3233173076923077 0.014423076923076924 0.019230769230769232
0 0.4579326923076923 0.25240384615384615 0.03365384615384615 0.03365384615384615