0 0.3858173076923077 0.6334134615384616 0.052884615384615384 0.052884615384615384
0 0.35697115384615385 0.7548076923076923 0.03125 0.028846153846153848
0 0.3942307692307692 0.037259615384615384 0.03365384615384615 0.02403846153846154
5 0.24879807692307693 0.36899038461538464 0.03365384615384615 0.021634615384615384
3 0.4014423076923077 0.4855769230769231 0.028846153846153848 0.09615384615384616
0 0.328125 0.703125 0.019230769230769232 0.014423076923076924
0 0.3473557692307692 0.5865384615384616 0.038461538461538464 0.03365384615384615
1 0.31850961538461536 0.4411057692307692 0.07451923076923077 0.125
0 0.2536057692307692 0.42427884615384615 0.03365384615384615 0.028846153846153848
3 0.296875 0.7091346153846154 0.03125 0.02403846153846154
3 0.28365384615384615 0.5276442307692307 0.02403846153846154 0.01201923076923077
5 0.25600961538461536 0.5036057692307693 0.019230769230769232 0.016826923076923076
2 0.2620192307692308 0.7115384615384616 0.028846153846153848 0.021634615384615384
0 0.35216346153846156 0.7367788461538461 0.02403846153846154 0.016826923076923076