0 0.3137019230769231 0.5444711538461539 0.04807692307692308 0.057692307692307696
0 0.8870192307692307 0.48197115384615385 0.04326923076923077 0.08653846153846154
0 0.2548076923076923 0.6033653846153846 0.021634615384615384 0.028846153846153848
0 0.6177884615384616 0.5709134615384616 0.038461538461538464 0.057692307692307696
0 0.6826923076923077 0.609375 0.028846153846153848 0.028846153846153848
0 0.8389423076923077 0.46875 0.057692307692307696 0.07932692307692307
0 0.9675480769230769 0.3786057692307692 0.057692307692307696 0.12980769230769232
3 0.41466346153846156 0.6490384615384616 0.016826923076923076 0.04326923076923077
3 0.4963942307692308 0.6586538461538461 0.014423076923076924 0.028846153846153848
2 0.41586538461538464 0.6959134615384616 0.014423076923076924 0.03365384615384615
2 0.4951923076923077 0.6911057692307693 0.019230769230769232 0.02403846153846154
5 0.7163461538461539 0.6778846153846154 0.014423076923076924 0.028846153846153848
0 0.20432692307692307 0.59375 0.019230769230769232 0.019230769230769232
3 0.9134615384615384 0.3557692307692308 0.08173076923076923 0.09134615384615384
3 0.7175480769230769 0.6478365384615384 0.019230769230769232 0.028846153846153848