3 0.7307692307692307 0.6129807692307693 0.028846153846153848 0.04326923076923077
2 0.7367788461538461 0.6646634615384616 0.028846153846153848 0.04326923076923077
0 0.6478365384615384 0.6057692307692307 0.014423076923076924 0.016826923076923076
0 0.6262019230769231 0.609375 0.007211538461538462 0.019230769230769232
3 0.2091346153846154 0.47115384615384615 0.08173076923076923 0.05048076923076923
3 0.4387019230769231 0.6021634615384616 0.057692307692307696 0.09134615384615384
0 0.171875 0.5408653846153846 0.02403846153846154 0.04326923076923077
0 0.11899038461538461 0.5348557692307693 0.02403846153846154 0.03365384615384615
0 0.28125 0.7307692307692307 0.02403846153846154 0.02403846153846154
2 0.4387019230769231 0.7007211538461539 0.0625 0.08653846153846154
0 0.7067307692307693 0.5985576923076923 0.014423076923076924 0.019230769230769232