0 0.3112980769230769 0.7692307692307693 0.16346153846153846 0.125
3 0.5384615384615384 0.057692307692307696 0.09375 0.057692307692307696
3 0.5168269230769231 0.8894230769230769 0.1875 0.0625
3 0.6057692307692307 0.7259615384615384 0.038461538461538464 0.038461538461538464
3 0.6081730769230769 0.33774038461538464 0.038461538461538464 0.03125
2 0.6490384615384616 0.052884615384615384 0.08653846153846154 0.055288461538461536
2 0.6634615384615384 0.3401442307692308 0.04326923076923077 0.026442307692307692
5 0.6983173076923077 0.8930288461538461 0.16346153846153846 0.0625
5 0.6634615384615384 0.7259615384615384 0.04807692307692308 0.038461538461538464
0 0.5877403846153846 0.2620192307692308 0.016826923076923076 0.01201923076923077
0 0.5889423076923077 0.2403846153846154 0.019230769230769232 0.01201923076923077
3 0.6069711538461539 0.6887019230769231 0.052884615384615384 0.01201923076923077