0 0.5264423076923077 0.6730769230769231 0.1346153846153846 0.08653846153846154
0 0.42908653846153844 0.9206730769230769 0.0625 0.04326923076923077
3 0.3233173076923077 0.7175480769230769 0.0673076923076923 0.040865384615384616
3 0.35096153846153844 0.2776442307692308 0.07692307692307693 0.057692307692307696
4 0.27403846153846156 0.27524038461538464 0.0673076923076923 0.057692307692307696
2 0.25 0.7175480769230769 0.0625 0.04326923076923077
0 0.453125 0.15264423076923078 0.06009615384615385 0.04567307692307692
0 0.3473557692307692 0.5360576923076923 0.028846153846153848 0.02403846153846154
0 0.3557692307692308 0.6646634615384616 0.03365384615384615 0.026442307692307692
0 0.34975961538461536 0.828125 0.02403846153846154 0.019230769230769232
0 0.3557692307692308 0.9507211538461539 0.019230769230769232 0.014423076923076924
0 0.3629807692307692 0.9879807692307693 0.016826923076923076 0.01201923076923077
6 0.09615384615384616 0.6706730769230769 0.10096153846153846 0.05048076923076923