0 0.4951923076923077 0.5865384615384616 0.08653846153846154 0.0673076923076923
0 0.5949519230769231 0.3641826923076923 0.03125 0.02403846153846154
0 0.5901442307692307 0.6201923076923077 0.038461538461538464 0.03125
3 0.37740384615384615 0.921875 0.08653846153846154 0.15144230769230768
0 0.49759615384615385 0.02403846153846154 0.0625 0.03365384615384615
0 0.5817307692307693 0.2512019230769231 0.038461538461538464 0.03365384615384615
4 0.6814903846153846 0.4206730769230769 0.02403846153846154 0.019230769230769232
0 0.6069711538461539 0.3870192307692308 0.028846153846153848 0.02403846153846154
0 0.6189903846153846 0.5528846153846154 0.019230769230769232 0.014423076923076924
3 0.6526442307692307 0.4206730769230769 0.028846153846153848 0.019230769230769232
3 0.6490384615384616 0.6153846153846154 0.028846153846153848 0.021634615384615384