0 0.5168269230769231 0.6983173076923077 0.09615384615384616 0.0673076923076923
0 0.4423076923076923 0.3245192307692308 0.04807692307692308 0.04326923076923077
3 0.3701923076923077 0.5096153846153846 0.08173076923076923 0.04567307692307692
4 0.3713942307692308 0.04807692307692308 0.038461538461538464 0.02403846153846154
3 0.41466346153846156 0.052884615384615384 0.038461538461538464 0.028846153846153848
3 0.36658653846153844 0.3269230769230769 0.03365384615384615 0.028846153846153848
2 0.28846153846153844 0.5144230769230769 0.08173076923076923 0.04326923076923077
0 0.4579326923076923 0.05048076923076923 0.028846153846153848 0.02403846153846154
0 0.41466346153846156 0.18509615384615385 0.02403846153846154 0.016826923076923076
0 0.4098557692307692 0.21514423076923078 0.02403846153846154 0.014423076923076924
0 0.3942307692307692 0.35336538461538464 0.02403846153846154 0.014423076923076924