2 0.32572115384615385 0.30288461538461536 0.03125 0.02403846153846154
5 0.3137019230769231 0.5600961538461539 0.03365384615384615 0.026442307692307692
3 0.3581730769230769 0.5588942307692307 0.028846153846153848 0.028846153846153848
0 0.46153846153846156 0.7211538461538461 0.057692307692307696 0.04567307692307692
0 0.22235576923076922 0.6754807692307693 0.03365384615384615 0.038461538461538464
0 0.4855769230769231 0.01201923076923077 0.038461538461538464 0.014423076923076924
2 0.328125 0.16105769230769232 0.057692307692307696 0.021634615384615384
3 0.3641826923076923 0.30288461538461536 0.03365384615384615 0.02403846153846154
3 0.4026442307692308 0.1622596153846154 0.052884615384615384 0.03365384615384615
0 0.4254807692307692 0.8846153846153846 0.03125 0.019230769230769232
0 0.4639423076923077 0.09014423076923077 0.04807692307692308 0.03365384615384615
0 0.3786057692307692 0.328125 0.019230769230769232 0.009615384615384616
0 0.375 0.3629807692307692 0.01201923076923077 0.009615384615384616