3 0.4423076923076923 0.05889423076923077 0.10576923076923077 0.0673076923076923
0 0.5685096153846154 0.9651442307692307 0.09615384615384616 0.057692307692307696
4 0.33533653846153844 0.054086538461538464 0.09615384615384616 0.0673076923076923
0 0.44471153846153844 0.15504807692307693 0.03365384615384615 0.028846153846153848
0 0.4483173076923077 0.40024038461538464 0.05048076923076923 0.04807692307692308
0 0.42908653846153844 0.7427884615384616 0.038461538461538464 0.028846153846153848
0 0.453125 0.8341346153846154 0.04807692307692308 0.02403846153846154
0 0.4026442307692308 0.5300480769230769 0.028846153846153848 0.02403846153846154
3 0.47716346153846156 0.22596153846153846 0.028846153846153848 0.07451923076923077
0 0.3918269230769231 0.6490384615384616 0.019230769230769232 0.014423076923076924
0 0.3786057692307692 0.6262019230769231 0.016826923076923076 0.014423076923076924
0 0.3894230769230769 0.7307692307692307 0.016826923076923076 0.014423076923076924