0 0.3942307692307692 0.4254807692307692 0.028846153846153848 0.021634615384615384
3 0.39903846153846156 0.2644230769230769 0.08653846153846154 0.03125
0 0.5637019230769231 0.02403846153846154 0.09615384615384616 0.04326923076923077
1 0.36778846153846156 0.5216346153846154 0.08173076923076923 0.08653846153846154
3 0.43990384615384615 0.8942307692307693 0.09134615384615384 0.038461538461538464
3 0.3629807692307692 0.7151442307692307 0.04326923076923077 0.02403846153846154
3 0.3605769230769231 0.39663461538461536 0.04326923076923077 0.026442307692307692
2 0.34375 0.9002403846153846 0.08653846153846154 0.038461538461538464
2 0.31971153846153844 0.7199519230769231 0.038461538461538464 0.02403846153846154
4 0.29927884615384615 0.2668269230769231 0.09134615384615384 0.028846153846153848
4 0.3161057692307692 0.39903846153846156 0.03365384615384615 0.028846153846153848
0 0.4050480769230769 0.6622596153846154 0.02403846153846154 0.026442307692307692
0 0.41346153846153844 0.49278846153846156 0.02403846153846154 0.026442307692307692
6 0.24639423076923078 0.5673076923076923 0.03365384615384615 0.019230769230769232
3 0.36778846153846156 0.6923076923076923 0.038461538461538464 0.01201923076923077
0 0.3762019230769231 0.5949519230769231 0.014423076923076924 0.01201923076923077