0 0.8137019230769231 0.4050480769230769 0.04326923076923077 0.06009615384615385
0 0.7091346153846154 0.38100961538461536 0.038461538461538464 0.05048076923076923
0 0.07692307692307693 0.8762019230769231 0.14903846153846154 0.23798076923076922
3 0.7367788461538461 0.4338942307692308 0.07692307692307693 0.03365384615384615
3 0.6526442307692307 0.3137019230769231 0.014423076923076924 0.06490384615384616
3 0.5901442307692307 0.29086538461538464 0.026442307692307692 0.03365384615384615
2 0.6550480769230769 0.24519230769230768 0.014423076923076924 0.052884615384615384
2 0.5913461538461539 0.2536057692307692 0.019230769230769232 0.03125
5 0.33774038461538464 0.25600961538461536 0.02403846153846154 0.028846153846153848
3 0.33774038461538464 0.2932692307692308 0.019230769230769232 0.03125
0 0.11899038461538461 0.3942307692307692 0.03365384615384615 0.04326923076923077
0 0.16947115384615385 0.1935096153846154 0.028846153846153848 0.028846153846153848