0 0.5564903846153846 0.6033653846153846 0.052884615384615384 0.04807692307692308
0 0.6021634615384616 0.4735576923076923 0.03365384615384615 0.02403846153846154
0 0.5769230769230769 0.2620192307692308 0.038461538461538464 0.03125
0 0.43509615384615385 0.038461538461538464 0.09134615384615384 0.057692307692307696
0 0.5600961538461539 0.8473557692307693 0.038461538461538464 0.028846153846153848
0 0.6153846153846154 0.3557692307692308 0.019230769230769232 0.016826923076923076
0 0.5540865384615384 0.16947115384615385 0.04326923076923077 0.026442307692307692
3 0.5336538461538461 0.7752403846153846 0.02403846153846154 0.08173076923076923
3 0.5612980769230769 0.9423076923076923 0.09615384615384616 0.0673076923076923
2 0.671875 0.3629807692307692 0.02403846153846154 0.016826923076923076
4 0.6706730769230769 0.9495192307692307 0.09134615384615384 0.06009615384615385
0 0.5324519230769231 0.010817307692307692 0.036057692307692304 0.021634615384615384
0 0.6286057692307693 0.3786057692307692 0.016826923076923076 0.014423076923076924
0 0.6165865384615384 0.27163461538461536 0.019230769230769232 0.014423076923076924
3 0.6442307692307693 0.3629807692307692 0.028846153846153848 0.019230769230769232
3 0.6442307692307693 0.44471153846153844 0.03365384615384615 0.019230769230769232
2 0.6850961538461539 0.4483173076923077 0.03365384615384615 0.014423076923076924
1 0.6418269230769231 0.2932692307692308 0.019230769230769232 0.014423076923076924
1 0.6466346153846154 0.31850961538461536 0.019230769230769232 0.009615384615384616