0 0.8786057692307693 0.38100961538461536 0.028846153846153848 0.03365384615384615
0 0.6298076923076923 0.3629807692307692 0.040865384615384616 0.04807692307692308
0 0.5384615384615384 0.3473557692307692 0.03365384615384615 0.038461538461538464
5 0.25961538461538464 0.27163461538461536 0.014423076923076924 0.028846153846153848
0 0.15144230769230768 0.3713942307692308 0.021634615384615384 0.019230769230769232
0 0.7223557692307693 0.3389423076923077 0.02403846153846154 0.028846153846153848
0 0.4987980769230769 0.31009615384615385 0.01201923076923077 0.016826923076923076
0 0.34134615384615385 0.25841346153846156 0.02403846153846154 0.038461538461538464
3 0.25961538461538464 0.30288461538461536 0.016826923076923076 0.02403846153846154
3 0.2644230769230769 0.6935096153846154 0.27163461538461536 0.21634615384615385
1 0.3449519230769231 0.3173076923076923 0.09134615384615384 0.08173076923076923
0 0.9242788461538461 0.3641826923076923 0.019230769230769232 0.028846153846153848
0 0.038461538461538464 0.38100961538461536 0.019230769230769232 0.02403846153846154