0 0.3737980769230769 0.5288461538461539 0.052884615384615384 0.0673076923076923
0 0.14423076923076922 0.7115384615384616 0.026442307692307692 0.028846153846153848
0 0.3004807692307692 0.6117788461538461 0.01201923076923077 0.019230769230769232
0 0.2776442307692308 0.6129807692307693 0.01201923076923077 0.019230769230769232
3 0.43149038461538464 0.6346153846153846 0.026442307692307692 0.03365384615384615
4 0.42908653846153844 0.6730769230769231 0.019230769230769232 0.03365384615384615
0 0.3870192307692308 0.6189903846153846 0.014423076923076924 0.019230769230769232
0 0.5528846153846154 0.5901442307692307 0.028846153846153848 0.04326923076923077
0 0.5600961538461539 0.6286057692307693 0.014423076923076924 0.016826923076923076
6 0.5516826923076923 0.7151442307692307 0.021634615384615384 0.038461538461538464
3 0.6814903846153846 0.6334134615384616 0.028846153846153848 0.03365384615384615
2 0.6814903846153846 0.671875 0.028846153846153848 0.03365384615384615
3 0.7764423076923077 0.5901442307692307 0.021634615384615384 0.0673076923076923
0 0.5817307692307693 0.6213942307692307 0.009615384615384616 0.014423076923076924
0 0.5324519230769231 0.6358173076923077 0.014423076923076924 0.016826923076923076
2 0.7776442307692307 0.6646634615384616 0.019230769230769232 0.07211538461538461
3 0.11057692307692307 0.4639423076923077 0.10576923076923077 0.03365384615384615
0 0.109375 0.5661057692307693 0.016826923076923076 0.028846153846153848
0 0.71875 0.6033653846153846 0.02403846153846154 0.028846153846153848