0 0.45552884615384615 0.6634615384615384 0.11538461538461539 0.08653846153846154
2 0.6694711538461539 0.75 0.06009615384615385 0.040865384615384616
3 0.6009615384615384 0.7512019230769231 0.06009615384615385 0.04326923076923077
3 0.5985576923076923 0.2668269230769231 0.06490384615384616 0.028846153846153848
2 0.6670673076923077 0.2668269230769231 0.057692307692307696 0.02403846153846154
0 0.5913461538461539 0.5745192307692307 0.028846153846153848 0.02403846153846154
0 0.5961538461538461 0.984375 0.038461538461538464 0.021634615384615384
6 0.7956730769230769 0.4338942307692308 0.07211538461538461 0.038461538461538464
0 0.5901442307692307 0.3004807692307692 0.019230769230769232 0.019230769230769232
0 0.6129807692307693 0.5192307692307693 0.016826923076923076 0.01201923076923077
0 0.6189903846153846 0.4879807692307692 0.016826923076923076 0.014423076923076924
0 0.5661057692307693 0.8100961538461539 0.028846153846153848 0.028846153846153848