0 0.32211538461538464 0.45072115384615385 0.036057692307692304 0.04807692307692308
0 0.2644230769230769 0.4495192307692308 0.03365384615384615 0.038461538461538464
3 0.8918269230769231 0.41466346153846156 0.03365384615384615 0.057692307692307696
2 0.8966346153846154 0.3629807692307692 0.03125 0.04567307692307692
3 0.6189903846153846 0.4074519230769231 0.0625 0.09134615384615384
3 0.36538461538461536 0.5276442307692307 0.10576923076923077 0.04326923076923077
2 0.6237980769230769 0.30288461538461536 0.057692307692307696 0.09615384615384616
0 0.8040865384615384 0.4206730769230769 0.014423076923076924 0.019230769230769232
0 0.7800480769230769 0.4098557692307692 0.014423076923076924 0.016826923076923076
0 0.8653846153846154 0.4338942307692308 0.014423076923076924 0.019230769230769232
0 0.4411057692307692 0.2644230769230769 0.026442307692307692 0.02403846153846154
0 0.12139423076923077 0.4519230769230769 0.02403846153846154 0.038461538461538464