0 0.5144230769230769 0.45072115384615385 0.08653846153846154 0.09615384615384616
0 0.12980769230769232 0.4495192307692308 0.057692307692307696 0.09375
3 0.2283653846153846 0.4338942307692308 0.12980769230769232 0.057692307692307696
0 0.4362980769230769 0.5985576923076923 0.01201923076923077 0.014423076923076924
0 0.5528846153846154 0.6033653846153846 0.014423076923076924 0.019230769230769232
0 0.2848557692307692 0.5697115384615384 0.02403846153846154 0.03125
0 0.19110576923076922 0.5612980769230769 0.014423076923076924 0.02403846153846154
0 0.25721153846153844 0.5853365384615384 0.014423076923076924 0.019230769230769232
0 0.7235576923076923 0.5516826923076923 0.03125 0.03365384615384615
0 0.7127403846153846 0.5925480769230769 0.014423076923076924 0.014423076923076924
0 0.8629807692307693 0.7127403846153846 0.014423076923076924 0.016826923076923076