0 0.36658653846153844 0.6141826923076923 0.052884615384615384 0.052884615384615384
0 0.24519230769230768 0.6430288461538461 0.028846153846153848 0.03125
0 0.9627403846153846 0.6057692307692307 0.02403846153846154 0.03365384615384615
5 0.6310096153846154 0.7512019230769231 0.021634615384615384 0.03365384615384615
3 0.5144230769230769 0.5985576923076923 0.09615384615384616 0.028846153846153848
0 0.296875 0.671875 0.014423076923076924 0.019230769230769232
0 0.41346153846153844 0.6526442307692307 0.03365384615384615 0.038461538461538464
1 0.5588942307692307 0.6814903846153846 0.125 0.07451923076923077
0 0.5757211538461539 0.7463942307692307 0.028846153846153848 0.03365384615384615
3 0.29086538461538464 0.703125 0.02403846153846154 0.03125
3 0.4723557692307692 0.7163461538461539 0.01201923076923077 0.02403846153846154
5 0.4963942307692308 0.7439903846153846 0.016826923076923076 0.019230769230769232
2 0.28846153846153844 0.7379807692307693 0.021634615384615384 0.028846153846153848
0 0.26322115384615385 0.6478365384615384 0.016826923076923076 0.02403846153846154