0 0.5 0.06009615384615385 0.10576923076923077 0.0625
0 0.3581730769230769 0.4074519230769231 0.05048076923076923 0.038461538461538464
0 0.41947115384615385 0.9002403846153846 0.06490384615384616 0.040865384615384616
3 0.4206730769230769 0.3293269230769231 0.028846153846153848 0.10576923076923077
3 0.29447115384615385 0.7223557692307693 0.028846153846153848 0.016826923076923076
3 0.3173076923076923 0.8088942307692307 0.04326923076923077 0.014423076923076924
2 0.24759615384615385 0.48677884615384615 0.02403846153846154 0.016826923076923076
3 0.2776442307692308 0.4891826923076923 0.028846153846153848 0.021634615384615384
4 0.2668269230769231 0.7223557692307693 0.028846153846153848 0.019230769230769232
0 0.38822115384615385 0.9230769230769231 0.038461538461538464 0.026442307692307692
6 0.21394230769230768 0.6213942307692307 0.019230769230769232 0.014423076923076924