0 0.6754807692307693 0.16105769230769232 0.14903846153846154 0.10576923076923077
1 0.484375 0.6598557692307693 0.23076923076923078 0.3125
3 0.43028846153846156 0.8509615384615384 0.10096153846153846 0.057692307692307696
3 0.4026442307692308 0.1971153846153846 0.052884615384615384 0.036057692307692304
3 0.4963942307692308 0.054086538461538464 0.16826923076923078 0.07211538461538461
5 0.33052884615384615 0.04326923076923077 0.14903846153846154 0.055288461538461536
5 0.3485576923076923 0.19471153846153846 0.04807692307692308 0.03365384615384615
2 0.3269230769230769 0.5697115384615384 0.028846153846153848 0.028846153846153848
3 0.4026442307692308 0.234375 0.057692307692307696 0.014423076923076924
2 0.3449519230769231 0.234375 0.04807692307692308 0.014423076923076924
2 0.33052884615384615 0.8533653846153846 0.09375 0.055288461538461536