0 0.16826923076923078 0.5745192307692307 0.2548076923076923 0.19230769230769232
0 0.5048076923076923 0.7175480769230769 0.06009615384615385 0.04567307692307692
0 0.5649038461538461 0.546875 0.038461538461538464 0.02403846153846154
0 0.5793269230769231 0.47836538461538464 0.038461538461538464 0.02403846153846154
0 0.5108173076923077 0.875 0.038461538461538464 0.028846153846153848
0 0.5264423076923077 0.8557692307692307 0.03125 0.014423076923076924
0 0.59375 0.28725961538461536 0.019230769230769232 0.014423076923076924
0 0.5661057692307693 0.6021634615384616 0.038461538461538464 0.028846153846153848
0 0.5973557692307693 0.16346153846153846 0.028846153846153848 0.021634615384615384
3 0.6129807692307693 0.1346153846153846 0.038461538461538464 0.014423076923076924
2 0.6550480769230769 0.1346153846153846 0.03365384615384615 0.014423076923076924