3 0.6442307692307693 0.5793269230769231 0.03125 0.02403846153846154
0 0.47596153846153844 0.7283653846153846 0.11538461538461539 0.057692307692307696
0 0.5492788461538461 0.7920673076923077 0.04807692307692308 0.040865384615384616
3 0.6057692307692307 0.23076923076923078 0.06490384615384616 0.019230769230769232
3 0.6262019230769231 0.6550480769230769 0.052884615384615384 0.014423076923076924
4 0.6790865384615384 0.5805288461538461 0.028846153846153848 0.02403846153846154
2 0.6706730769230769 0.22596153846153846 0.052884615384615384 0.019230769230769232
0 0.6177884615384616 0.5564903846153846 0.019230769230769232 0.01201923076923077
0 0.609375 0.5060096153846154 0.019230769230769232 0.019230769230769232
1 0.6346153846153846 0.47596153846153844 0.06009615384615385 0.07211538461538461
0 0.5252403846153846 0.13581730769230768 0.052884615384615384 0.03365384615384615
3 0.6442307692307693 0.3233173076923077 0.03125 0.021634615384615384
4 0.6862980769230769 0.6538461538461539 0.052884615384615384 0.014423076923076924
2 0.6766826923076923 0.31971153846153844 0.03365384615384615 0.026442307692307692
0 0.5637019230769231 0.9158653846153846 0.028846153846153848 0.021634615384615384
0 0.6117788461538461 0.3786057692307692 0.02403846153846154 0.014423076923076924
6 0.7283653846153846 0.4483173076923077 0.02403846153846154 0.01201923076923077
3 0.43990384615384615 0.036057692307692304 0.05048076923076923 0.0625