0 0.4338942307692308 0.8918269230769231 0.11298076923076923 0.057692307692307696
0 0.3798076923076923 0.20673076923076922 0.14423076923076922 0.10096153846153846
0 0.5889423076923077 0.4963942307692308 0.028846153846153848 0.028846153846153848
3 0.5925480769230769 0.1778846153846154 0.06009615384615385 0.028846153846153848
3 0.6225961538461539 0.3137019230769231 0.03365384615384615 0.01201923076923077
3 0.6262019230769231 0.5901442307692307 0.03365384615384615 0.02403846153846154
3 0.5336538461538461 0.7740384615384616 0.019230769230769232 0.055288461538461536
2 0.6646634615384616 0.5913461538461539 0.03365384615384615 0.019230769230769232
0 0.6370192307692307 0.7199519230769231 0.02403846153846154 0.02403846153846154
0 0.578125 0.8245192307692307 0.02403846153846154 0.016826923076923076
0 0.5673076923076923 0.7463942307692307 0.038461538461538464 0.026442307692307692
6 0.7079326923076923 0.41466346153846156 0.02403846153846154 0.014423076923076924