2 0.36658653846153844 0.3317307692307692 0.026442307692307692 0.038461538461538464
3 0.5793269230769231 0.3942307692307692 0.04807692307692308 0.07932692307692307
2 0.5769230769230769 0.30528846153846156 0.040865384615384616 0.07211538461538461
3 0.7596153846153846 0.5072115384615384 0.09134615384615384 0.04326923076923077
0 0.03485576923076923 0.5805288461538461 0.06490384615384616 0.10336538461538461
0 0.8401442307692307 0.46274038461538464 0.03125 0.04326923076923077
0 0.9026442307692307 0.47115384615384615 0.02403846153846154 0.04326923076923077
3 0.04567307692307692 0.4254807692307692 0.028846153846153848 0.04807692307692308
5 0.04807692307692308 0.375 0.026442307692307692 0.04326923076923077
0 0.5024038461538461 0.3894230769230769 0.009615384615384616 0.019230769230769232
3 0.078125 0.4206730769230769 0.016826923076923076 0.038461538461538464
3 0.36778846153846156 0.3786057692307692 0.028846153846153848 0.04326923076923077
1 0.4362980769230769 0.3918269230769231 0.11778846153846154 0.07211538461538461