0 0.39903846153846156 0.09134615384615384 0.04326923076923077 0.028846153846153848
0 0.3317307692307692 0.3125 0.03125 0.021634615384615384
0 0.3233173076923077 0.3737980769230769 0.028846153846153848 0.019230769230769232
0 0.3112980769230769 0.5072115384615384 0.02403846153846154 0.014423076923076924
0 0.3269230769230769 0.6875 0.028846153846153848 0.021634615384615384
0 0.3245192307692308 0.7427884615384616 0.028846153846153848 0.014423076923076924
3 0.421875 0.1310096153846154 0.028846153846153848 0.08173076923076923
3 0.4206730769230769 0.8377403846153846 0.02403846153846154 0.08653846153846154
0 0.2824519230769231 0.8894230769230769 0.03365384615384615 0.02403846153846154
1 0.3401442307692308 0.8858173076923077 0.07211538461538461 0.09134615384615384
0 0.3004807692307692 0.44350961538461536 0.019230769230769232 0.014423076923076924
0 0.3016826923076923 0.4795673076923077 0.019230769230769232 0.014423076923076924
0 0.30528846153846156 0.6057692307692307 0.019230769230769232 0.014423076923076924
0 0.3125 0.7692307692307693 0.019230769230769232 0.014423076923076924