0 0.6213942307692307 0.6081730769230769 0.06009615384615385 0.038461538461538464
0 0.4206730769230769 0.10697115384615384 0.14903846153846154 0.09615384615384616
0 0.6274038461538461 0.2956730769230769 0.04567307692307692 0.036057692307692304
3 0.6165865384615384 0.8425480769230769 0.17067307692307693 0.0673076923076923
3 0.6838942307692307 0.6442307692307693 0.052884615384615384 0.038461538461538464
2 0.7379807692307693 0.6466346153846154 0.052884615384615384 0.038461538461538464
0 0.6706730769230769 0.4495192307692308 0.02403846153846154 0.019230769230769232
0 0.6682692307692307 0.36538461538461536 0.02403846153846154 0.021634615384615384
0 0.6622596153846154 0.3317307692307692 0.019230769230769232 0.014423076923076924
6 0.8329326923076923 0.3858173076923077 0.04567307692307692 0.03125
0 0.5841346153846154 0.9314903846153846 0.04326923076923077 0.03365384615384615
0 0.6105769230769231 0.042067307692307696 0.03365384615384615 0.019230769230769232
2 0.7860576923076923 0.8509615384615384 0.15625 0.06971153846153846
3 0.6875 0.25600961538461536 0.05048076923076923 0.019230769230769232
2 0.7427884615384616 0.2548076923076923 0.04807692307692308 0.019230769230769232