0 0.1502403846153846 0.3798076923076923 0.10096153846153846 0.13942307692307693
0 0.8004807692307693 0.47836538461538464 0.0673076923076923 0.10096153846153846
0 0.5 0.578125 0.03365384615384615 0.038461538461538464
3 0.056490384615384616 0.46033653846153844 0.0889423076923077 0.03365384615384615
0 0.3786057692307692 0.6117788461538461 0.019230769230769232 0.028846153846153848
3 0.24639423076923078 0.6225961538461539 0.026442307692307692 0.038461538461538464
0 0.40625 0.6129807692307693 0.014423076923076924 0.019230769230769232
0 0.2439903846153846 0.5889423076923077 0.02403846153846154 0.028846153846153848
4 0.24639423076923078 0.6646634615384616 0.028846153846153848 0.038461538461538464
3 0.6742788461538461 0.6237980769230769 0.04326923076923077 0.08653846153846154
2 0.6754807692307693 0.7103365384615384 0.038461538461538464 0.07932692307692307
2 0.5168269230769231 0.6838942307692307 0.028846153846153848 0.038461538461538464
3 0.5180288461538461 0.6442307692307693 0.028846153846153848 0.038461538461538464
0 0.5384615384615384 0.6153846153846154 0.019230769230769232 0.028846153846153848