0 0.6033653846153846 0.3485576923076923 0.03125 0.038461538461538464
0 0.8112980769230769 0.3641826923076923 0.028846153846153848 0.038461538461538464
0 0.9194711538461539 0.4266826923076923 0.04326923076923077 0.0625
0 0.8918269230769231 0.3798076923076923 0.026442307692307692 0.03365384615384615
0 0.14182692307692307 0.43509615384615385 0.0625 0.07451923076923077
0 0.8689903846153846 0.3629807692307692 0.019230769230769232 0.028846153846153848
6 0.5480769230769231 0.21634615384615385 0.021634615384615384 0.02403846153846154
3 0.40024038461538464 0.29447115384615385 0.02403846153846154 0.03365384615384615
3 0.7463942307692307 0.32211538461538464 0.02403846153846154 0.06009615384615385
2 0.39903846153846156 0.25841346153846156 0.019230769230769232 0.028846153846153848
0 0.19471153846153846 0.15504807692307693 0.04326923076923077 0.04807692307692308
4 0.7524038461538461 0.2608173076923077 0.02403846153846154 0.057692307692307696
0 0.4338942307692308 0.3173076923076923 0.019230769230769232 0.028846153846153848