3 0.3557692307692308 0.4206730769230769 0.03125 0.02403846153846154
0 0.5240384615384616 0.27163461538461536 0.11538461538461539 0.057692307692307696
0 0.45072115384615385 0.20793269230769232 0.04807692307692308 0.040865384615384616
3 0.3942307692307692 0.7692307692307693 0.06490384615384616 0.019230769230769232
3 0.3737980769230769 0.3449519230769231 0.052884615384615384 0.014423076923076924
4 0.32091346153846156 0.41947115384615385 0.028846153846153848 0.02403846153846154
2 0.3293269230769231 0.7740384615384616 0.052884615384615384 0.019230769230769232
0 0.38221153846153844 0.44350961538461536 0.019230769230769232 0.01201923076923077
0 0.390625 0.49399038461538464 0.019230769230769232 0.019230769230769232
1 0.36538461538461536 0.5240384615384616 0.06009615384615385 0.07211538461538461
0 0.47475961538461536 0.8641826923076923 0.052884615384615384 0.03365384615384615
3 0.3557692307692308 0.6766826923076923 0.03125 0.021634615384615384
4 0.3137019230769231 0.34615384615384615 0.052884615384615384 0.014423076923076924
2 0.3233173076923077 0.6802884615384616 0.03365384615384615 0.026442307692307692
0 0.4362980769230769 0.08413461538461539 0.028846153846153848 0.019230769230769232
0 0.38822115384615385 0.6213942307692307 0.02403846153846154 0.014423076923076924
6 0.27163461538461536 0.5516826923076923 0.02403846153846154 0.01201923076923077
3 0.5600961538461539 0.9639423076923077 0.05048076923076923 0.0625