0 0.25240384615384615 0.59375 0.03365384615384615 0.038461538461538464
0 0.9158653846153846 0.5276442307692307 0.036057692307692304 0.052884615384615384
0 0.9819711538461539 0.45552884615384615 0.03125 0.08413461538461539
3 0.8149038461538461 0.5168269230769231 0.09615384615384616 0.02403846153846154
0 0.4543269230769231 0.6334134615384616 0.019230769230769232 0.019230769230769232
0 0.4735576923076923 0.6418269230769231 0.014423076923076924 0.016826923076923076
0 0.9447115384615384 0.5600961538461539 0.019230769230769232 0.019230769230769232
0 0.9759615384615384 0.5384615384615384 0.02403846153846154 0.03125
0 0.6033653846153846 0.6201923076923077 0.02403846153846154 0.028846153846153848
0 0.6237980769230769 0.6225961538461539 0.014423076923076924 0.02403846153846154
3 0.8125 0.6334134615384616 0.014423076923076924 0.019230769230769232
2 0.8137019230769231 0.6598557692307693 0.014423076923076924 0.02403846153846154
1 0.8461538461538461 0.6225961538461539 0.055288461538461536 0.038461538461538464