0 0.7103365384615384 0.5192307692307693 0.055288461538461536 0.06490384615384616
0 0.6213942307692307 0.7860576923076923 0.04807692307692308 0.04326923076923077
2 0.10697115384615384 0.6478365384615384 0.028846153846153848 0.038461538461538464
0 0.13942307692307693 0.5793269230769231 0.016826923076923076 0.028846153846153848
3 0.9411057692307693 0.5925480769230769 0.016826923076923076 0.028846153846153848
3 0.10817307692307693 0.5961538461538461 0.03125 0.040865384615384616
3 0.39783653846153844 0.6346153846153846 0.028846153846153848 0.04326923076923077
5 0.39783653846153844 0.6790865384615384 0.028846153846153848 0.04326923076923077
4 0.9423076923076923 0.6225961538461539 0.019230769230769232 0.021634615384615384
0 0.8329326923076923 0.5600961538461539 0.028846153846153848 0.038461538461538464
0 0.7548076923076923 0.5901442307692307 0.019230769230769232 0.02403846153846154
0 0.1658653846153846 0.5925480769230769 0.016826923076923076 0.019230769230769232