0 0.2512019230769231 0.48677884615384615 0.057692307692307696 0.07692307692307693
4 0.21995192307692307 0.32091346153846156 0.03125 0.038461538461538464
2 0.6754807692307693 0.2776442307692308 0.03365384615384615 0.10576923076923077
0 0.1346153846153846 0.43149038461538464 0.028846153846153848 0.03365384615384615
0 0.29086538461538464 0.42427884615384615 0.038461538461538464 0.038461538461538464
0 0.7560096153846154 0.48677884615384615 0.055288461538461536 0.06490384615384616
1 0.4723557692307692 0.3401442307692308 0.026442307692307692 0.019230769230769232
2 0.59375 0.3137019230769231 0.038461538461538464 0.04807692307692308
3 0.5949519230769231 0.36778846153846156 0.036057692307692304 0.04807692307692308
3 0.6694711538461539 0.40865384615384615 0.038461538461538464 0.1201923076923077
0 0.05889423076923077 0.453125 0.028846153846153848 0.038461538461538464
0 0.48197115384615385 0.38461538461538464 0.019230769230769232 0.02403846153846154
0 0.20673076923076922 0.40024038461538464 0.016826923076923076 0.019230769230769232
0 0.2620192307692308 0.38100961538461536 0.01201923076923077 0.016826923076923076
1 0.3425480769230769 0.3701923076923077 0.0673076923076923 0.04807692307692308
3 0.2247596153846154 0.37259615384615385 0.03125 0.04326923076923077
6 0.4375 0.3088942307692308 0.01201923076923077 0.016826923076923076
6 0.3473557692307692 0.23197115384615385 0.026442307692307692 0.03365384615384615
0 0.7728365384615384 0.4375 0.04567307692307692 0.0625