0 0.9399038461538461 0.5 0.0625 0.10576923076923077
0 0.5925480769230769 0.6418269230769231 0.038461538461538464 0.05048076923076923
0 0.09975961538461539 0.5805288461538461 0.040865384615384616 0.06490384615384616
3 0.6706730769230769 0.5793269230769231 0.10576923076923077 0.028846153846153848
3 0.2776442307692308 0.7055288461538461 0.016826923076923076 0.028846153846153848
3 0.19110576923076922 0.6826923076923077 0.014423076923076924 0.04326923076923077
2 0.5132211538461539 0.7524038461538461 0.016826923076923076 0.02403846153846154
3 0.5108173076923077 0.7223557692307693 0.021634615384615384 0.028846153846153848
4 0.2776442307692308 0.7331730769230769 0.019230769230769232 0.028846153846153848
0 0.07692307692307693 0.6117788461538461 0.02403846153846154 0.038461538461538464
6 0.3786057692307692 0.7860576923076923 0.014423076923076924 0.019230769230769232