3 0.6706730769230769 0.6911057692307693 0.040865384615384616 0.07932692307692307
2 0.6682692307692307 0.7788461538461539 0.038461538461538464 0.07211538461538461
4 0.6225961538461539 0.7716346153846154 0.038461538461538464 0.07211538461538461
0 0.12379807692307693 0.6213942307692307 0.02403846153846154 0.03365384615384615
1 0.49399038461538464 0.6033653846153846 0.2932692307692308 0.18269230769230768
3 0.018028846153846152 0.5997596153846154 0.036057692307692304 0.0889423076923077
3 0.6237980769230769 0.6850961538461539 0.03365384615384615 0.0673076923076923
0 0.8076923076923077 0.6442307692307693 0.021634615384615384 0.028846153846153848
0 0.8954326923076923 0.6286057692307693 0.014423076923076924 0.028846153846153848
3 0.04567307692307692 0.6153846153846154 0.028846153846153848 0.09134615384615384
0 0.4723557692307692 0.7584134615384616 0.08653846153846154 0.0673076923076923