3 0.07692307692307693 0.515625 0.12259615384615384 0.31009615384615385
0 0.4266826923076923 0.6814903846153846 0.009615384615384616 0.016826923076923076
0 0.5757211538461539 0.6778846153846154 0.009615384615384616 0.014423076923076924
0 0.7596153846153846 0.6646634615384616 0.01201923076923077 0.016826923076923076
0 0.8004807692307693 0.6478365384615384 0.014423076923076924 0.016826923076923076
0 0.6286057692307693 0.6009615384615384 0.04807692307692308 0.06009615384615385
0 0.8942307692307693 0.6225961538461539 0.02403846153846154 0.028846153846153848
2 0.056490384615384616 0.8317307692307693 0.10576923076923077 0.2932692307692308
0 0.35336538461538464 0.6574519230769231 0.02403846153846154 0.02403846153846154
0 0.5288461538461539 0.6923076923076923 0.007211538461538462 0.019230769230769232
0 0.6177884615384616 0.6706730769230769 0.014423076923076924 0.016826923076923076
0 0.7740384615384616 0.6802884615384616 0.014423076923076924 0.014423076923076924
0 0.9591346153846154 0.5805288461538461 0.03365384615384615 0.04807692307692308