3 0.4807692307692308 0.6045673076923077 0.04326923076923077 0.10576923076923077
3 0.5913461538461539 0.3485576923076923 0.10576923076923077 0.057692307692307696
2 0.6959134615384616 0.35216346153846156 0.08653846153846154 0.0625
2 0.6310096153846154 0.07932692307692307 0.04567307692307692 0.03125
0 0.5540865384615384 0.6490384615384616 0.05048076923076923 0.038461538461538464
0 0.5600961538461539 0.7067307692307693 0.04567307692307692 0.03125
0 0.5588942307692307 0.8497596153846154 0.038461538461538464 0.026442307692307692
0 0.5829326923076923 0.7920673076923077 0.02403846153846154 0.014423076923076924
0 0.5817307692307693 0.1935096153846154 0.02403846153846154 0.016826923076923076
0 0.5745192307692307 0.17067307692307693 0.02403846153846154 0.019230769230769232
0 0.5612980769230769 0.109375 0.028846153846153848 0.014423076923076924
3 0.5793269230769231 0.08533653846153846 0.052884615384615384 0.038461538461538464