0 0.9411057692307693 0.3858173076923077 0.07211538461538461 0.125
0 0.030048076923076924 0.49278846153846156 0.038461538461538464 0.06490384615384616
0 0.3329326923076923 0.5853365384615384 0.028846153846153848 0.038461538461538464
0 0.05889423076923077 0.5685096153846154 0.014423076923076924 0.019230769230769232
0 0.09134615384615384 0.6971153846153846 0.014423076923076924 0.019230769230769232
0 0.1814903846153846 0.6538461538461539 0.014423076923076924 0.019230769230769232
2 0.5637019230769231 0.6814903846153846 0.014423076923076924 0.04326923076923077
2 0.4891826923076923 0.6814903846153846 0.021634615384615384 0.02403846153846154
4 0.28846153846153844 0.6658653846153846 0.021634615384615384 0.028846153846153848
3 0.17067307692307693 0.5324519230769231 0.06971153846153846 0.019230769230769232
3 0.29086538461538464 0.6370192307692307 0.021634615384615384 0.028846153846153848
0 0.3870192307692308 0.6153846153846154 0.019230769230769232 0.02403846153846154
0 0.5276442307692307 0.6286057692307693 0.009615384615384616 0.016826923076923076
6 0.39663461538461536 0.7043269230769231 0.014423076923076924 0.019230769230769232
1 0.18389423076923078 0.6129807692307693 0.08173076923076923 0.057692307692307696
3 0.9002403846153846 0.4879807692307692 0.07932692307692307 0.038461538461538464
3 0.49038461538461536 0.6514423076923077 0.02403846153846154 0.028846153846153848
3 0.5637019230769231 0.6322115384615384 0.014423076923076924 0.04807692307692308