0 0.5925480769230769 0.49399038461538464 0.0625 0.08653846153846154
0 0.028846153846153848 0.5745192307692307 0.04567307692307692 0.07692307692307693
4 0.6322115384615384 0.3004807692307692 0.0625 0.08173076923076923
3 0.6322115384615384 0.3918269230769231 0.057692307692307696 0.08653846153846154
0 0.8665865384615384 0.4375 0.019230769230769232 0.03365384615384615
1 0.33774038461538464 0.43509615384615385 0.22355769230769232 0.19230769230769232
3 0.08052884615384616 0.4387019230769231 0.038461538461538464 0.09134615384615384
3 0.04567307692307692 0.4338942307692308 0.03365384615384615 0.07932692307692307
2 0.04447115384615385 0.34975961538461536 0.03125 0.07211538461538461
0 0.9579326923076923 0.3125 0.01201923076923077 0.019230769230769232
6 0.1466346153846154 0.06610576923076923 0.07692307692307693 0.10096153846153846
4 0.07932692307692307 0.35216346153846156 0.038461538461538464 0.07451923076923077
0 0.9242788461538461 0.4423076923076923 0.02403846153846154 0.03125