0 0.6418269230769231 0.49158653846153844 0.0673076923076923 0.08653846153846154
3 0.14903846153846154 0.5817307692307693 0.028846153846153848 0.08653846153846154
3 0.2824519230769231 0.6370192307692307 0.026442307692307692 0.03365384615384615
0 0.41225961538461536 0.5817307692307693 0.028846153846153848 0.04326923076923077
3 0.5540865384615384 0.6442307692307693 0.028846153846153848 0.03365384615384615
2 0.28125 0.6754807692307693 0.028846153846153848 0.038461538461538464
4 0.5552884615384616 0.6850961538461539 0.028846153846153848 0.028846153846153848
0 0.8846153846153846 0.7247596153846154 0.02403846153846154 0.03365384615384615
0 0.625 0.609375 0.021634615384615384 0.028846153846153848
3 0.9543269230769231 0.40625 0.08653846153846154 0.07692307692307693
6 0.4206730769230769 0.7367788461538461 0.019230769230769232 0.03365384615384615
0 0.2283653846153846 0.5973557692307693 0.01201923076923077 0.019230769230769232
0 0.2439903846153846 0.6057692307692307 0.016826923076923076 0.019230769230769232
0 0.9579326923076923 0.5600961538461539 0.01201923076923077 0.019230769230769232
0 0.6033653846153846 0.625 0.014423076923076924 0.01201923076923077
2 0.14423076923076922 0.6646634615384616 0.03365384615384615 0.07932692307692307