0 0.7403846153846154 0.5540865384615384 0.04807692307692308 0.0625
0 0.7091346153846154 0.36778846153846156 0.1201923076923077 0.1778846153846154
1 0.4639423076923077 0.6021634615384616 0.2283653846153846 0.15384615384615385
3 0.30649038461538464 0.6274038461538461 0.028846153846153848 0.0673076923076923
3 0.8004807692307693 0.6117788461538461 0.026442307692307692 0.0673076923076923
3 0.7319711538461539 0.6370192307692307 0.026442307692307692 0.028846153846153848
5 0.8052884615384616 0.6911057692307693 0.021634615384615384 0.07211538461538461
5 0.7331730769230769 0.6790865384615384 0.02403846153846154 0.03365384615384615
2 0.30528846153846156 0.6983173076923077 0.026442307692307692 0.057692307692307696
0 0.9338942307692307 0.5084134615384616 0.04567307692307692 0.0625
0 0.07451923076923077 0.5396634615384616 0.03365384615384615 0.04326923076923077
0 0.014423076923076924 0.5228365384615384 0.026442307692307692 0.04567307692307692