3 0.390625 0.625 0.09134615384615384 0.052884615384615384
3 0.36778846153846156 0.4230769230769231 0.038461538461538464 0.03365384615384615
3 0.40865384615384615 0.09134615384615384 0.04567307692307692 0.028846153846153848
2 0.3245192307692308 0.4206730769230769 0.038461538461538464 0.03125
3 0.5288461538461539 0.8185096153846154 0.05048076923076923 0.10576923076923077
0 0.47596153846153844 0.90625 0.04807692307692308 0.03365384615384615
2 0.2980769230769231 0.6237980769230769 0.07932692307692307 0.040865384615384616
0 0.5745192307692307 0.030048076923076924 0.10096153846153846 0.057692307692307696
0 0.49158653846153844 0.9699519230769231 0.04326923076923077 0.028846153846153848
0 0.38341346153846156 0.5360576923076923 0.019230769230769232 0.014423076923076924
0 0.3858173076923077 0.5108173076923077 0.019230769230769232 0.019230769230769232
0 0.3894230769230769 0.4543269230769231 0.019230769230769232 0.014423076923076924
3 0.4050480769230769 0.1201923076923077 0.04807692307692308 0.014423076923076924
5 0.35697115384615385 0.09014423076923077 0.04807692307692308 0.03365384615384615