1 0.6526442307692307 0.421875 0.15865384615384615 0.2283653846153846
0 0.6069711538461539 0.7884615384615384 0.057692307692307696 0.040865384615384616
3 0.6370192307692307 0.9206730769230769 0.11057692307692307 0.0625
3 0.6959134615384616 0.6658653846153846 0.05048076923076923 0.03365384615384615
3 0.7067307692307693 0.2764423076923077 0.04326923076923077 0.03125
4 0.7475961538461539 0.6682692307692307 0.04567307692307692 0.03365384615384615
4 0.7632211538461539 0.9230769230769231 0.11057692307692307 0.057692307692307696
0 0.6057692307692307 0.23197115384615385 0.0673076923076923 0.04567307692307692
6 0.8713942307692307 0.49399038461538464 0.052884615384615384 0.028846153846153848
0 0.8076923076923077 0.4387019230769231 0.12980769230769232 0.0673076923076923
2 0.7620192307692307 0.27524038461538464 0.052884615384615384 0.03365384615384615
3 0.5733173076923077 0.025240384615384616 0.15865384615384615 0.040865384615384616