3 0.6706730769230769 0.3088942307692308 0.040865384615384616 0.07932692307692307
2 0.6682692307692307 0.22115384615384615 0.038461538461538464 0.07211538461538461
4 0.6225961538461539 0.2283653846153846 0.038461538461538464 0.07211538461538461
0 0.12379807692307693 0.3786057692307692 0.02403846153846154 0.03365384615384615
1 0.49399038461538464 0.39663461538461536 0.2932692307692308 0.18269230769230768
3 0.019230769230769232 0.39903846153846156 0.03365384615384615 0.09134615384615384
3 0.6237980769230769 0.31490384615384615 0.03365384615384615 0.0673076923076923
0 0.8076923076923077 0.3557692307692308 0.021634615384615384 0.028846153846153848
0 0.8954326923076923 0.3713942307692308 0.014423076923076924 0.028846153846153848
3 0.04567307692307692 0.38461538461538464 0.028846153846153848 0.09134615384615384
0 0.4723557692307692 0.24158653846153846 0.08653846153846154 0.0673076923076923