0 0.41466346153846156 0.20552884615384615 0.0625 0.04567307692307692
0 0.3485576923076923 0.4543269230769231 0.04326923076923077 0.03365384615384615
3 0.3088942307692308 0.5108173076923077 0.0673076923076923 0.021634615384615384
2 0.23557692307692307 0.5108173076923077 0.052884615384615384 0.021634615384615384
3 0.46274038461538464 0.23557692307692307 0.04567307692307692 0.11538461538461539
0 0.328125 0.42788461538461536 0.03125 0.02403846153846154
3 0.296875 0.5697115384615384 0.038461538461538464 0.03125
2 0.2548076923076923 0.5697115384615384 0.03125 0.026442307692307692
3 0.32211538461538464 0.8653846153846154 0.03365384615384615 0.028846153846153848
4 0.28125 0.8677884615384616 0.038461538461538464 0.028846153846153848
0 0.38221153846153844 0.7584134615384616 0.04807692307692308 0.036057692307692304
6 0.2127403846153846 0.7379807692307693 0.019230769230769232 0.01201923076923077
0 0.3545673076923077 0.7836538461538461 0.03365384615384615 0.02403846153846154
0 0.3762019230769231 0.9158653846153846 0.028846153846153848 0.021634615384615384
0 0.3942307692307692 0.9735576923076923 0.03125 0.02403846153846154