0 0.06850961538461539 0.5228365384615384 0.028846153846153848 0.04326923076923077
0 0.6682692307692307 0.5685096153846154 0.038461538461538464 0.04326923076923077
0 0.6177884615384616 0.7692307692307693 0.03125 0.038461538461538464
3 0.12620192307692307 0.59375 0.02403846153846154 0.07211538461538461
2 0.125 0.6682692307692307 0.021634615384615384 0.06490384615384616
3 0.2283653846153846 0.6286057692307693 0.026442307692307692 0.038461538461538464
0 0.25721153846153844 0.6141826923076923 0.014423076923076924 0.019230769230769232
0 0.2824519230769231 0.6213942307692307 0.014423076923076924 0.016826923076923076
3 0.47836538461538464 0.6526442307692307 0.026442307692307692 0.03365384615384615
5 0.47836538461538464 0.6899038461538461 0.02403846153846154 0.03365384615384615
0 0.8317307692307693 0.5817307692307693 0.02403846153846154 0.03125
0 0.7848557692307693 0.6033653846153846 0.016826923076923076 0.028846153846153848
3 0.9543269230769231 0.37740384615384615 0.08653846153846154 0.09615384615384616
3 0.03485576923076923 0.4723557692307692 0.057692307692307696 0.028846153846153848
2 0.2283653846153846 0.6694711538461539 0.026442307692307692 0.03365384615384615