0 0.4411057692307692 0.7908653846153846 0.11298076923076923 0.08653846153846154
0 0.5336538461538461 0.9206730769230769 0.05048076923076923 0.038461538461538464
0 0.5649038461538461 0.7127403846153846 0.05048076923076923 0.038461538461538464
0 0.5120192307692307 0.21394230769230768 0.07451923076923077 0.0625
0 0.5588942307692307 0.8004807692307693 0.05048076923076923 0.03365384615384615
3 0.5925480769230769 0.29447115384615385 0.10576923076923077 0.055288461538461536
2 0.71875 0.2920673076923077 0.10817307692307693 0.05048076923076923
2 0.6887019230769231 0.4411057692307692 0.04807692307692308 0.03125
3 0.6322115384615384 0.4387019230769231 0.04326923076923077 0.03125
3 0.6177884615384616 0.8341346153846154 0.052884615384615384 0.036057692307692304
6 0.7848557692307693 0.6814903846153846 0.052884615384615384 0.03365384615384615
6 0.6911057692307693 0.6262019230769231 0.019230769230769232 0.01201923076923077
4 0.6694711538461539 0.8365384615384616 0.04326923076923077 0.028846153846153848