0 0.3870192307692308 0.4495192307692308 0.04807692307692308 0.057692307692307696
0 0.5300480769230769 0.4807692307692308 0.052884615384615384 0.07692307692307693
0 0.12620192307692307 0.44350961538461536 0.03365384615384615 0.04326923076923077
0 0.9819711538461539 0.6442307692307693 0.03125 0.11538461538461539
2 0.18870192307692307 0.3233173076923077 0.019230769230769232 0.04567307692307692
2 0.3112980769230769 0.3293269230769231 0.021634615384615384 0.028846153846153848
3 0.19110576923076922 0.3737980769230769 0.021634615384615384 0.04807692307692308
3 0.3125 0.359375 0.019230769230769232 0.028846153846153848
0 0.9855769230769231 0.5600961538461539 0.02403846153846154 0.0625
0 0.3004807692307692 0.40024038461538464 0.026442307692307692 0.03365384615384615
0 0.4182692307692308 0.38221153846153844 0.014423076923076924 0.019230769230769232
0 0.39663461538461536 0.3786057692307692 0.014423076923076924 0.019230769230769232