0 0.5012019230769231 0.3858173076923077 0.10096153846153846 0.0673076923076923
3 0.4170673076923077 0.9387019230769231 0.08653846153846154 0.036057692307692304
4 0.2848557692307692 0.3449519230769231 0.08653846153846154 0.0625
4 0.33413461538461536 0.9435096153846154 0.06490384615384616 0.03365384615384615
3 0.4098557692307692 0.9759615384615384 0.07451923076923077 0.026442307692307692
3 0.3858173076923077 0.3449519230769231 0.09134615384615384 0.0625
6 0.039663461538461536 0.9182692307692307 0.07211538461538461 0.07211538461538461
1 0.41586538461538464 0.6802884615384616 0.22115384615384615 0.25
0 0.40384615384615385 0.39903846153846156 0.038461538461538464 0.028846153846153848
0 0.44350961538461536 0.10576923076923077 0.04326923076923077 0.02403846153846154
0 0.45072115384615385 0.04807692307692308 0.03365384615384615 0.02403846153846154
0 0.31490384615384615 0.018028846153846152 0.028846153846153848 0.019230769230769232
2 0.3329326923076923 0.9783653846153846 0.07211538461538461 0.021634615384615384