3 0.5661057692307693 0.0733173076923077 0.052884615384615384 0.12980769230769232
0 0.4074519230769231 0.30408653846153844 0.03365384615384615 0.026442307692307692
0 0.5072115384615384 0.9278846153846154 0.0673076923076923 0.04807692307692308
0 0.46153846153846156 0.8810096153846154 0.038461538461538464 0.03365384615384615
0 0.38341346153846156 0.6322115384615384 0.019230769230769232 0.014423076923076924
0 0.38341346153846156 0.6153846153846154 0.016826923076923076 0.014423076923076924
0 0.375 0.47836538461538464 0.019230769230769232 0.014423076923076924
3 0.3713942307692308 0.8185096153846154 0.019230769230769232 0.014423076923076924
2 0.3485576923076923 0.8185096153846154 0.019230769230769232 0.014423076923076924
0 0.36899038461538464 0.4963942307692308 0.019230769230769232 0.014423076923076924
1 0.3870192307692308 0.8449519230769231 0.03125 0.038461538461538464
0 0.37740384615384615 0.7307692307692307 0.019230769230769232 0.014423076923076924
0 0.4375 0.9314903846153846 0.019230769230769232 0.016826923076923076
0 0.4567307692307692 0.9567307692307693 0.028846153846153848 0.021634615384615384
3 0.46634615384615385 0.7908653846153846 0.019230769230769232 0.08173076923076923