0 0.1658653846153846 0.6009615384615384 0.07451923076923077 0.11298076923076923
0 0.8545673076923077 0.4987980769230769 0.04326923076923077 0.06009615384615385
3 0.3161057692307692 0.546875 0.12980769230769232 0.04326923076923077
0 0.40024038461538464 0.4519230769230769 0.03365384615384615 0.04326923076923077
0 0.6802884615384616 0.43149038461538464 0.026442307692307692 0.028846153846153848
3 0.8064903846153846 0.39663461538461536 0.02403846153846154 0.02403846153846154
3 0.9026442307692307 0.42788461538461536 0.019230769230769232 0.04807692307692308
3 0.5721153846153846 0.3786057692307692 0.021634615384615384 0.03125
0 0.5 0.4326923076923077 0.021634615384615384 0.03125
0 0.4543269230769231 0.4206730769230769 0.016826923076923076 0.02403846153846154
0 0.38100961538461536 0.421875 0.019230769230769232 0.028846153846153848
2 0.8052884615384616 0.3629807692307692 0.019230769230769232 0.03125
5 0.5721153846153846 0.34615384615384615 0.02403846153846154 0.02403846153846154
2 0.9038461538461539 0.36538461538461536 0.019230769230769232 0.04807692307692308