3 0.6177884615384616 0.4699519230769231 0.07211538461538461 0.04807692307692308
4 0.6923076923076923 0.46634615384615385 0.06490384615384616 0.04807692307692308
0 0.5625 0.30528846153846156 0.028846153846153848 0.028846153846153848
0 0.5336538461538461 0.18629807692307693 0.04326923076923077 0.02403846153846154
0 0.5480769230769231 0.8245192307692307 0.038461538461538464 0.03125
0 0.578125 0.5877403846153846 0.03125 0.026442307692307692
3 0.4362980769230769 0.22115384615384615 0.06009615384615385 0.11778846153846154
6 0.8870192307692307 0.7247596153846154 0.10576923076923077 0.055288461538461536
3 0.5600961538461539 0.9759615384615384 0.08173076923076923 0.038461538461538464
0 0.5841346153846154 0.7475961538461539 0.028846153846153848 0.02403846153846154
6 0.6766826923076923 0.7295673076923077 0.019230769230769232 0.014423076923076924
0 0.7475961538461539 0.4579326923076923 0.03365384615384615 0.03365384615384615