0 0.3173076923076923 0.6430288461538461 0.028846153846153848 0.019230769230769232
0 0.3125 0.71875 0.016826923076923076 0.014423076923076924
0 0.3016826923076923 0.6646634615384616 0.016826923076923076 0.014423076923076924
0 0.30528846153846156 0.49278846153846156 0.028846153846153848 0.014423076923076924
0 0.19951923076923078 0.8137019230769231 0.03125 0.03125
0 0.35216346153846156 0.8930288461538461 0.028846153846153848 0.026442307692307692
0 0.3786057692307692 0.9230769230769231 0.03365384615384615 0.021634615384615384
3 0.44350961538461536 0.7992788461538461 0.038461538461538464 0.09615384615384616
3 0.2848557692307692 0.5204326923076923 0.03365384615384615 0.019230769230769232
2 0.24278846153846154 0.5192307692307693 0.028846153846153848 0.019230769230769232
0 0.3798076923076923 0.1466346153846154 0.03365384615384615 0.026442307692307692
0 0.3269230769230769 0.35336538461538464 0.028846153846153848 0.014423076923076924