0 0.4723557692307692 0.6237980769230769 0.125 0.09375
0 0.5985576923076923 0.21875 0.038461538461538464 0.03365384615384615
2 0.71875 0.052884615384615384 0.14182692307692307 0.08173076923076923
3 0.5516826923076923 0.0625 0.17067307692307693 0.09134615384615384
0 0.6742788461538461 0.5024038461538461 0.019230769230769232 0.009615384615384616
0 0.6610576923076923 0.4026442307692308 0.02403846153846154 0.019230769230769232
0 0.6526442307692307 0.3581730769230769 0.02403846153846154 0.02403846153846154
0 0.6790865384615384 0.46875 0.019230769230769232 0.01201923076923077
0 0.6754807692307693 0.6526442307692307 0.02403846153846154 0.021634615384615384
0 0.6790865384615384 0.6923076923076923 0.019230769230769232 0.019230769230769232
1 0.6850961538461539 0.5757211538461539 0.07451923076923077 0.07932692307692307