0 0.1935096153846154 0.6634615384615384 0.004807692307692308 0.014423076923076924
0 0.15384615384615385 0.6574519230769231 0.01201923076923077 0.014423076923076924
0 0.328125 0.6778846153846154 0.014423076923076924 0.019230769230769232
0 0.9170673076923077 0.6814903846153846 0.038461538461538464 0.0625
0 0.9182692307692307 0.5817307692307693 0.03365384615384615 0.052884615384615384
3 0.6286057692307693 0.5588942307692307 0.125 0.038461538461538464
1 0.6574519230769231 0.6911057692307693 0.10096153846153846 0.06490384615384616
0 0.4170673076923077 0.6610576923076923 0.028846153846153848 0.03365384615384615
0 0.5084134615384616 0.6935096153846154 0.014423076923076924 0.016826923076923076
0 0.2127403846153846 0.6478365384615384 0.021634615384615384 0.02403846153846154
0 0.06610576923076923 0.6165865384615384 0.026442307692307692 0.03365384615384615