0 0.8425480769230769 0.4807692307692308 0.07211538461538461 0.12740384615384615
0 0.39663461538461536 0.5588942307692307 0.052884615384615384 0.07211538461538461
0 0.5444711538461539 0.6526442307692307 0.026442307692307692 0.03365384615384615
0 0.5072115384615384 0.6526442307692307 0.02403846153846154 0.028846153846153848
0 0.8401442307692307 0.5805288461538461 0.040865384615384616 0.057692307692307696
0 0.16826923076923078 0.6189903846153846 0.021634615384615384 0.028846153846153848
1 0.6875 0.6201923076923077 0.19951923076923078 0.16346153846153846
2 0.6394230769230769 0.7319711538461539 0.02403846153846154 0.03125
6 0.5300480769230769 0.7680288461538461 0.016826923076923076 0.02403846153846154
0 0.8112980769230769 0.6057692307692307 0.03365384615384615 0.05048076923076923
0 0.8882211538461539 0.5721153846153846 0.036057692307692304 0.057692307692307696
0 0.4855769230769231 0.6778846153846154 0.014423076923076924 0.019230769230769232
0 0.41586538461538464 0.6634615384615384 0.014423076923076924 0.02403846153846154
6 0.5168269230769231 0.7391826923076923 0.014423076923076924 0.016826923076923076
0 0.8353365384615384 0.6526442307692307 0.016826923076923076 0.02403846153846154
0 0.46274038461538464 0.6911057692307693 0.009615384615384616 0.019230769230769232
3 0.41346153846153844 0.6995192307692307 0.02403846153846154 0.028846153846153848
3 0.3425480769230769 0.6754807692307693 0.016826923076923076 0.057692307692307696