0 0.3786057692307692 0.3918269230769231 0.06009615384615385 0.038461538461538464
0 0.5793269230769231 0.8930288461538461 0.14903846153846154 0.09615384615384616
0 0.37259615384615385 0.7043269230769231 0.04567307692307692 0.036057692307692304
3 0.38341346153846156 0.15745192307692307 0.17067307692307693 0.0673076923076923
3 0.3161057692307692 0.3557692307692308 0.052884615384615384 0.038461538461538464
2 0.2620192307692308 0.35336538461538464 0.052884615384615384 0.038461538461538464
0 0.3293269230769231 0.5504807692307693 0.02403846153846154 0.019230769230769232
0 0.3317307692307692 0.6346153846153846 0.02403846153846154 0.021634615384615384
0 0.33774038461538464 0.6682692307692307 0.019230769230769232 0.014423076923076924
6 0.16706730769230768 0.6141826923076923 0.04567307692307692 0.03125
0 0.41586538461538464 0.06850961538461539 0.04326923076923077 0.03365384615384615
0 0.3894230769230769 0.9579326923076923 0.03365384615384615 0.019230769230769232
2 0.21394230769230768 0.14903846153846154 0.15625 0.06971153846153846
3 0.3125 0.7439903846153846 0.05048076923076923 0.019230769230769232
2 0.25721153846153844 0.7451923076923077 0.04807692307692308 0.019230769230769232