0 0.8161057692307693 0.40384615384615385 0.09134615384615384 0.13701923076923078
0 0.4411057692307692 0.5661057692307693 0.040865384615384616 0.04807692307692308
0 0.03245192307692308 0.36177884615384615 0.0625 0.13942307692307693
2 0.4831730769230769 0.6862980769230769 0.026442307692307692 0.038461538461538464
0 0.47475961538461536 0.6021634615384616 0.019230769230769232 0.03365384615384615
0 0.5060096153846154 0.6129807692307693 0.019230769230769232 0.028846153846153848
0 0.36538461538461536 0.6105769230769231 0.009615384615384616 0.019230769230769232
0 0.3317307692307692 0.6069711538461539 0.02403846153846154 0.02403846153846154
0 0.18269230769230768 0.5769230769230769 0.014423076923076924 0.02403846153846154
3 0.4807692307692308 0.6442307692307693 0.03125 0.04326923076923077
4 0.1935096153846154 0.6646634615384616 0.028846153846153848 0.038461538461538464
2 0.6538461538461539 0.7175480769230769 0.04326923076923077 0.07692307692307693
3 0.6466346153846154 0.6262019230769231 0.052884615384615384 0.09134615384615384
3 0.19471153846153846 0.6201923076923077 0.03365384615384615 0.04326923076923077
0 0.09615384615384616 0.5829326923076923 0.014423076923076924 0.019230769230769232