0 0.5901442307692307 0.7007211538461539 0.07211538461538461 0.055288461538461536
2 0.75 0.3786057692307692 0.038461538461538464 0.028846153846153848
0 0.5588942307692307 0.9855769230769231 0.06009615384615385 0.02403846153846154
6 0.8100961538461539 0.5745192307692307 0.028846153846153848 0.019230769230769232
3 0.6730769230769231 0.06370192307692307 0.02403846153846154 0.014423076923076924
3 0.6826923076923077 0.28725961538461536 0.09375 0.028846153846153848
3 0.7055288461538461 0.3786057692307692 0.038461538461538464 0.028846153846153848
3 0.7079326923076923 0.6947115384615384 0.03365384615384615 0.009615384615384616
0 0.6634615384615384 0.41586538461538464 0.038461538461538464 0.028846153846153848
0 0.6899038461538461 0.6370192307692307 0.016826923076923076 0.01201923076923077
0 0.6899038461538461 0.6069711538461539 0.019230769230769232 0.014423076923076924
0 0.6911057692307693 0.5396634615384616 0.02403846153846154 0.014423076923076924
2 0.7800480769230769 0.28125 0.07692307692307693 0.028846153846153848
0 0.6370192307692307 0.16346153846153846 0.03365384615384615 0.02403846153846154
4 0.734375 0.8894230769230769 0.07692307692307693 0.038461538461538464
3 0.6442307692307693 0.8822115384615384 0.09375 0.04807692307692308
0 0.6646634615384616 0.6454326923076923 0.03365384615384615 0.028846153846153848
4 0.7019230769230769 0.05889423076923077 0.02403846153846154 0.01201923076923077
2 0.7524038461538461 0.6971153846153846 0.038461538461538464 0.014423076923076924