0 0.3701923076923077 0.5048076923076923 0.019230769230769232 0.014423076923076924
0 0.4326923076923077 0.8161057692307693 0.03365384615384615 0.03125
0 0.4495192307692308 0.34375 0.06490384615384616 0.05048076923076923
0 0.3629807692307692 0.45913461538461536 0.016826923076923076 0.014423076923076924
0 0.3713942307692308 0.6189903846153846 0.016826923076923076 0.01201923076923077
6 0.2692307692307692 0.5528846153846154 0.02403846153846154 0.01201923076923077
1 0.34375 0.5276442307692307 0.04567307692307692 0.0673076923076923
0 0.5048076923076923 0.06129807692307692 0.06009615384615385 0.04326923076923077
3 0.5276442307692307 0.12379807692307693 0.04807692307692308 0.10576923076923077
3 0.3401442307692308 0.6730769230769231 0.03365384615384615 0.021634615384615384
0 0.41225961538461536 0.25961538461538464 0.03365384615384615 0.03125
3 0.49399038461538464 0.8954326923076923 0.038461538461538464 0.0625
3 0.3737980769230769 0.7451923076923077 0.04326923076923077 0.01201923076923077
3 0.3425480769230769 0.4362980769230769 0.02403846153846154 0.02403846153846154