3 0.4879807692307692 0.9134615384615384 0.15384615384615385 0.11057692307692307
0 0.47716346153846156 0.6502403846153846 0.0673076923076923 0.0625
0 0.5012019230769231 0.7896634615384616 0.08173076923076923 0.0625
2 0.32211538461538464 0.9266826923076923 0.14423076923076922 0.10336538461538461
0 0.4483173076923077 0.18509615384615385 0.04567307692307692 0.03365384615384615
0 0.4074519230769231 0.6081730769230769 0.03125 0.021634615384615384
0 0.42908653846153844 0.32211538461538464 0.04567307692307692 0.038461538461538464
0 0.3918269230769231 0.34975961538461536 0.028846153846153848 0.019230769230769232
3 0.3798076923076923 0.15504807692307693 0.028846153846153848 0.019230769230769232
4 0.34615384615384615 0.15504807692307693 0.028846153846153848 0.019230769230769232
0 0.421875 0.06370192307692307 0.019230769230769232 0.014423076923076924
0 0.45552884615384615 0.010817307692307692 0.028846153846153848 0.014423076923076924
0 0.4254807692307692 0.04326923076923077 0.019230769230769232 0.009615384615384616
0 0.4254807692307692 0.6346153846153846 0.04567307692307692 0.03365384615384615