4 0.32211538461538464 0.9170673076923077 0.09134615384615384 0.057692307692307696
4 0.31009615384615385 0.6322115384615384 0.04326923076923077 0.028846153846153848
3 0.3605769230769231 0.6322115384615384 0.05048076923076923 0.028846153846153848
3 0.38100961538461536 0.2608173076923077 0.05048076923076923 0.03365384615384615
3 0.45913461538461536 0.03485576923076923 0.1778846153846154 0.0625
2 0.3293269230769231 0.25841346153846156 0.04567307692307692 0.028846153846153848
0 0.47596153846153844 0.7716346153846154 0.07211538461538461 0.04567307692307692
3 0.43149038461538464 0.9122596153846154 0.11298076923076923 0.0625
2 0.28365384615384615 0.03125 0.14903846153846154 0.057692307692307696
0 0.40865384615384615 0.8064903846153846 0.028846153846153848 0.02403846153846154
0 0.39663461538461536 0.5588942307692307 0.03365384615384615 0.026442307692307692
0 0.38221153846153844 0.6658653846153846 0.02403846153846154 0.014423076923076924
6 0.22355769230769232 0.4951923076923077 0.04326923076923077 0.03365384615384615
0 0.42427884615384615 0.13822115384615385 0.03125 0.019230769230769232