0 0.18389423076923078 0.5961538461538461 0.09134615384615384 0.13701923076923078
0 0.5588942307692307 0.4338942307692308 0.040865384615384616 0.04807692307692308
0 0.9675480769230769 0.6382211538461539 0.0625 0.13942307692307693
2 0.5168269230769231 0.3137019230769231 0.026442307692307692 0.038461538461538464
0 0.5252403846153846 0.39783653846153844 0.019230769230769232 0.03365384615384615
0 0.49399038461538464 0.3870192307692308 0.019230769230769232 0.028846153846153848
0 0.6346153846153846 0.3894230769230769 0.009615384615384616 0.019230769230769232
0 0.6682692307692307 0.39302884615384615 0.02403846153846154 0.02403846153846154
0 0.8173076923076923 0.4230769230769231 0.014423076923076924 0.02403846153846154
3 0.5192307692307693 0.3557692307692308 0.03125 0.04326923076923077
4 0.8064903846153846 0.33533653846153844 0.028846153846153848 0.038461538461538464
2 0.34615384615384615 0.2824519230769231 0.04326923076923077 0.07692307692307693
3 0.35336538461538464 0.3737980769230769 0.052884615384615384 0.09134615384615384
3 0.8052884615384616 0.3798076923076923 0.03365384615384615 0.04326923076923077
0 0.9038461538461539 0.4170673076923077 0.014423076923076924 0.019230769230769232