0 0.5817307692307693 0.24158653846153846 0.019230769230769232 0.014423076923076924
0 0.5985576923076923 0.26802884615384615 0.014423076923076924 0.009615384615384616
3 0.5697115384615384 0.47836538461538464 0.10576923076923077 0.057692307692307696
3 0.5853365384615384 0.41225961538461536 0.09615384615384616 0.057692307692307696
0 0.5588942307692307 0.0733173076923077 0.014423076923076924 0.009615384615384616
0 0.5540865384615384 0.28125 0.04326923076923077 0.03125
2 0.6995192307692307 0.4206730769230769 0.10576923076923077 0.055288461538461536
0 0.5805288461538461 0.1814903846153846 0.019230769230769232 0.01201923076923077
0 0.5961538461538461 0.22235576923076922 0.01201923076923077 0.007211538461538462
0 0.7307692307692307 0.6574519230769231 0.02403846153846154 0.02403846153846154
4 0.6838942307692307 0.4855769230769231 0.10096153846153846 0.057692307692307696