3 0.5901442307692307 0.6033653846153846 0.09615384615384616 0.057692307692307696
3 0.46875 0.35096153846153844 0.04567307692307692 0.10576923076923077
3 0.5877403846153846 0.8774038461538461 0.052884615384615384 0.03365384615384615
2 0.6971153846153846 0.6033653846153846 0.09615384615384616 0.0625
2 0.640625 0.8822115384615384 0.04807692307692308 0.03125
0 0.5456730769230769 0.24879807692307693 0.04326923076923077 0.028846153846153848
0 0.5432692307692307 0.30528846153846156 0.04567307692307692 0.03365384615384615
0 0.5709134615384616 0.8509615384615384 0.02403846153846154 0.016826923076923076
0 0.5817307692307693 0.7884615384615384 0.02403846153846154 0.019230769230769232
0 0.5889423076923077 0.7668269230769231 0.02403846153846154 0.016826923076923076
0 0.7319711538461539 0.4230769230769231 0.028846153846153848 0.028846153846153848