0 0.5637019230769231 0.5901442307692307 0.036057692307692304 0.04326923076923077
0 0.5877403846153846 0.5973557692307693 0.016826923076923076 0.02403846153846154
0 0.3425480769230769 0.6057692307692307 0.02403846153846154 0.03365384615384615
0 0.3798076923076923 0.6262019230769231 0.019230769230769232 0.02403846153846154
0 0.5432692307692307 0.6322115384615384 0.014423076923076924 0.019230769230769232
3 0.7956730769230769 0.6358173076923077 0.01201923076923077 0.019230769230769232
3 0.8725961538461539 0.6262019230769231 0.009615384615384616 0.019230769230769232
0 0.6911057692307693 0.6298076923076923 0.01201923076923077 0.019230769230769232
0 0.5769230769230769 0.6346153846153846 0.009615384615384616 0.014423076923076924
0 0.9074519230769231 0.6009615384615384 0.01201923076923077 0.019230769230769232
2 0.7944711538461539 0.6622596153846154 0.014423076923076924 0.016826923076923076
6 0.8990384615384616 0.6658653846153846 0.014423076923076924 0.019230769230769232
0 0.010817307692307692 0.4831730769230769 0.014423076923076924 0.052884615384615384
0 0.8617788461538461 0.6021634615384616 0.014423076923076924 0.019230769230769232