0 0.12620192307692307 0.22716346153846154 0.14903846153846154 0.20673076923076922
0 0.11057692307692307 0.3485576923076923 0.10576923076923077 0.15625
0 0.5649038461538461 0.5865384615384616 0.038461538461538464 0.04326923076923077
0 0.1971153846153846 0.5793269230769231 0.02403846153846154 0.03365384615384615
5 0.5012019230769231 0.7043269230769231 0.014423076923076924 0.057692307692307696
5 0.5300480769230769 0.6887019230769231 0.026442307692307692 0.03125
0 0.8533653846153846 0.6370192307692307 0.01201923076923077 0.02403846153846154
3 0.5012019230769231 0.6334134615384616 0.014423076923076924 0.057692307692307696
3 0.5300480769230769 0.6478365384615384 0.026442307692307692 0.028846153846153848
3 0.7872596153846154 0.6286057692307693 0.016826923076923076 0.03365384615384615
2 0.9074519230769231 0.6598557692307693 0.026442307692307692 0.057692307692307696
2 0.7872596153846154 0.6682692307692307 0.02403846153846154 0.03125