0 0.5060096153846154 0.4074519230769231 0.08653846153846154 0.0625
0 0.4254807692307692 0.9711538461538461 0.07692307692307693 0.04567307692307692
4 0.6995192307692307 0.36778846153846156 0.08173076923076923 0.0625
3 0.6081730769230769 0.36778846153846156 0.08653846153846154 0.057692307692307696
0 0.5625 0.13341346153846154 0.03365384615384615 0.019230769230769232
1 0.5649038461538461 0.6622596153846154 0.19230769230769232 0.22115384615384615
3 0.5612980769230769 0.9194711538461539 0.09134615384615384 0.038461538461538464
3 0.5661057692307693 0.9543269230769231 0.07932692307692307 0.03365384615384615
2 0.6502403846153846 0.9555288461538461 0.07211538461538461 0.03125
0 0.6875 0.042067307692307696 0.019230769230769232 0.01201923076923077
6 0.9338942307692307 0.8533653846153846 0.10096153846153846 0.07692307692307693
4 0.6478365384615384 0.9206730769230769 0.07451923076923077 0.038461538461538464
0 0.5576923076923077 0.07572115384615384 0.03125 0.02403846153846154