0 0.41466346153846156 0.6935096153846154 0.04567307692307692 0.028846153846153848
0 0.47716346153846156 0.9278846153846154 0.04326923076923077 0.03125
0 0.4855769230769231 0.4230769230769231 0.07932692307692307 0.0625
3 0.36177884615384615 0.7932692307692307 0.014423076923076924 0.014423076923076924
3 0.38221153846153844 0.8617788461538461 0.038461538461538464 0.016826923076923076
0 0.4495192307692308 0.5264423076923077 0.057692307692307696 0.05048076923076923
0 0.4495192307692308 0.31490384615384615 0.052884615384615384 0.052884615384615384
0 0.38341346153846156 0.6298076923076923 0.028846153846153848 0.028846153846153848
0 0.3798076923076923 0.3605769230769231 0.014423076923076924 0.016826923076923076
0 0.3701923076923077 0.45913461538461536 0.019230769230769232 0.01201923076923077
1 0.3605769230769231 0.6887019230769231 0.05048076923076923 0.052884615384615384
3 0.5072115384615384 0.4338942307692308 0.04807692307692308 0.12980769230769232
0 0.4387019230769231 0.4795673076923077 0.057692307692307696 0.040865384615384616