3 0.39903846153846156 0.7007211538461539 0.0673076923076923 0.04807692307692308
3 0.4098557692307692 0.12740384615384615 0.07451923076923077 0.03365384615384615
0 0.43990384615384615 0.3894230769230769 0.052884615384615384 0.040865384615384616
0 0.5600961538461539 0.45072115384615385 0.1201923076923077 0.10817307692307693
2 0.3137019230769231 0.703125 0.07692307692307693 0.05048076923076923
2 0.31971153846153844 0.12740384615384615 0.0673076923076923 0.03365384615384615
0 0.41466346153846156 0.1814903846153846 0.019230769230769232 0.014423076923076924
0 0.4675480769230769 0.0625 0.04807692307692308 0.03125
0 0.45552884615384615 0.0985576923076923 0.04326923076923077 0.028846153846153848
0 0.4338942307692308 0.7692307692307693 0.03365384615384615 0.03125
0 0.49759615384615385 0.8737980769230769 0.0625 0.04807692307692308
6 0.1141826923076923 0.2980769230769231 0.11298076923076923 0.0625