0 0.42908653846153844 0.7860576923076923 0.07451923076923077 0.052884615384615384
3 0.4675480769230769 0.7115384615384616 0.04326923076923077 0.13701923076923078
0 0.4182692307692308 0.15985576923076922 0.06490384615384616 0.052884615384615384
0 0.3713942307692308 0.27163461538461536 0.05048076923076923 0.04326923076923077
0 0.34134615384615385 0.5685096153846154 0.03365384615384615 0.03365384615384615
0 0.3161057692307692 0.38341346153846156 0.02403846153846154 0.019230769230769232
0 0.23076923076923078 0.20673076923076922 0.019230769230769232 0.014423076923076924
0 0.3389423076923077 0.12379807692307693 0.019230769230769232 0.01201923076923077
0 0.3317307692307692 0.24639423076923078 0.02403846153846154 0.016826923076923076
0 0.19951923076923078 0.03125 0.03365384615384615 0.028846153846153848
3 0.3317307692307692 0.5096153846153846 0.019230769230769232 0.055288461538461536