0 0.5673076923076923 0.4651442307692308 0.057692307692307696 0.07211538461538461
0 0.2800480769230769 0.40625 0.021634615384615384 0.038461538461538464
0 0.40024038461538464 0.3870192307692308 0.02403846153846154 0.028846153846153848
0 0.38100961538461536 0.39663461538461536 0.02403846153846154 0.03125
0 0.5144230769230769 0.36538461538461536 0.01201923076923077 0.014423076923076924
0 0.5504807692307693 0.3786057692307692 0.019230769230769232 0.019230769230769232
0 0.6081730769230769 0.4026442307692308 0.028846153846153848 0.03365384615384615
3 0.43028846153846156 0.3473557692307692 0.014423076923076924 0.019230769230769232
0 0.5324519230769231 0.36538461538461536 0.01201923076923077 0.014423076923076924
0 0.5925480769230769 0.3713942307692308 0.014423076923076924 0.019230769230769232
0 0.06370192307692307 0.4495192307692308 0.02403846153846154 0.04326923076923077
3 0.8377403846153846 0.5504807692307693 0.1346153846153846 0.052884615384615384
0 0.25841346153846156 0.3870192307692308 0.014423076923076924 0.019230769230769232
4 0.42788461538461536 0.32091346153846156 0.016826923076923076 0.02403846153846154
3 0.6117788461538461 0.35096153846153844 0.016826923076923076 0.02403846153846154
2 0.6117788461538461 0.3233173076923077 0.019230769230769232 0.02403846153846154
0 0.6177884615384616 0.36899038461538464 0.014423076923076924 0.016826923076923076
0 0.7067307692307693 0.38221153846153844 0.014423076923076924 0.014423076923076924
0 0.08173076923076923 0.4723557692307692 0.038461538461538464 0.04807692307692308