0 0.15264423076923078 0.5012019230769231 0.28846153846153844 0.21153846153846154
0 0.578125 0.6802884615384616 0.04326923076923077 0.03365384615384615
0 0.5877403846153846 0.5925480769230769 0.04326923076923077 0.03125
3 0.5516826923076923 0.6322115384615384 0.016826923076923076 0.07932692307692307
0 0.4423076923076923 0.9831730769230769 0.08173076923076923 0.026442307692307692
3 0.6370192307692307 0.5324519230769231 0.057692307692307696 0.019230769230769232
2 0.6995192307692307 0.5324519230769231 0.052884615384615384 0.019230769230769232
0 0.7259615384615384 0.0889423076923077 0.03125 0.028846153846153848
5 0.6658653846153846 0.21033653846153846 0.03125 0.02403846153846154
2 0.6862980769230769 0.44471153846153844 0.03125 0.02403846153846154
3 0.6490384615384616 0.44591346153846156 0.03365384615384615 0.026442307692307692
3 0.6310096153846154 0.21153846153846154 0.03365384615384615 0.021634615384615384
0 0.5264423076923077 0.055288461538461536 0.04326923076923077 0.03365384615384615