0 0.35697115384615385 0.3173076923076923 0.019230769230769232 0.028846153846153848
0 0.28125 0.3125 0.014423076923076924 0.016826923076923076
0 0.33533653846153844 0.3016826923076923 0.014423076923076924 0.016826923076923076
0 0.5072115384615384 0.30528846153846156 0.014423076923076924 0.028846153846153848
0 0.18629807692307693 0.19951923076923078 0.03125 0.03125
0 0.10697115384615384 0.35216346153846156 0.026442307692307692 0.028846153846153848
0 0.07692307692307693 0.3786057692307692 0.021634615384615384 0.03365384615384615
3 0.20072115384615385 0.44350961538461536 0.09615384615384616 0.038461538461538464
3 0.4795673076923077 0.2848557692307692 0.019230769230769232 0.03365384615384615
2 0.4807692307692308 0.24278846153846154 0.019230769230769232 0.028846153846153848
0 0.8533653846153846 0.3798076923076923 0.026442307692307692 0.03365384615384615
0 0.6466346153846154 0.3269230769230769 0.014423076923076924 0.028846153846153848