0 0.4723557692307692 0.5192307692307693 0.09134615384615384 0.0673076923076923
0 0.4723557692307692 0.6658653846153846 0.07211538461538461 0.0625
0 0.4254807692307692 0.6802884615384616 0.05048076923076923 0.038461538461538464
3 0.43028846153846156 0.3786057692307692 0.15625 0.11778846153846154
2 0.26802884615384615 0.3737980769230769 0.13942307692307693 0.11057692307692307
0 0.4879807692307692 0.9807692307692307 0.052884615384615384 0.03125
0 0.40865384615384615 0.7043269230769231 0.038461538461538464 0.021634615384615384
0 0.38822115384615385 0.14302884615384615 0.019230769230769232 0.016826923076923076
0 0.43028846153846156 0.019230769230769232 0.03125 0.019230769230769232
0 0.40625 0.04326923076923077 0.016826923076923076 0.01201923076923077
0 0.4411057692307692 0.953125 0.03125 0.021634615384615384
0 0.40865384615384615 0.09735576923076923 0.03365384615384615 0.021634615384615384