3 0.3088942307692308 0.3293269230769231 0.07932692307692307 0.040865384615384616
2 0.22115384615384615 0.3317307692307692 0.07211538461538461 0.038461538461538464
4 0.2283653846153846 0.37740384615384615 0.07211538461538461 0.038461538461538464
0 0.3786057692307692 0.8762019230769231 0.03365384615384615 0.02403846153846154
1 0.39663461538461536 0.5060096153846154 0.18269230769230768 0.2932692307692308
3 0.39903846153846156 0.9807692307692307 0.09134615384615384 0.03365384615384615
3 0.31490384615384615 0.3762019230769231 0.0673076923076923 0.03365384615384615
0 0.3557692307692308 0.19230769230769232 0.028846153846153848 0.021634615384615384
0 0.3713942307692308 0.1045673076923077 0.028846153846153848 0.014423076923076924
3 0.38461538461538464 0.9543269230769231 0.09134615384615384 0.028846153846153848
0 0.24158653846153846 0.5276442307692307 0.0673076923076923 0.08653846153846154