0 0.3581730769230769 0.49158653846153844 0.0673076923076923 0.08653846153846154
3 0.8509615384615384 0.5817307692307693 0.028846153846153848 0.0889423076923077
3 0.7175480769230769 0.6370192307692307 0.026442307692307692 0.03365384615384615
0 0.5877403846153846 0.5817307692307693 0.028846153846153848 0.04326923076923077
3 0.44591346153846156 0.6442307692307693 0.028846153846153848 0.03365384615384615
2 0.71875 0.6754807692307693 0.028846153846153848 0.038461538461538464
4 0.44471153846153844 0.6850961538461539 0.028846153846153848 0.028846153846153848
0 0.11538461538461539 0.7247596153846154 0.026442307692307692 0.03365384615384615
0 0.375 0.609375 0.021634615384615384 0.028846153846153848
3 0.04567307692307692 0.40384615384615385 0.08653846153846154 0.07692307692307693
6 0.5793269230769231 0.7367788461538461 0.019230769230769232 0.03365384615384615
0 0.7716346153846154 0.5973557692307693 0.01201923076923077 0.019230769230769232
0 0.7560096153846154 0.6057692307692307 0.016826923076923076 0.019230769230769232
0 0.042067307692307696 0.5600961538461539 0.01201923076923077 0.019230769230769232
0 0.39663461538461536 0.625 0.014423076923076924 0.01201923076923077
2 0.8557692307692307 0.6646634615384616 0.03365384615384615 0.07932692307692307