0 0.28846153846153844 0.5192307692307693 0.055288461538461536 0.0673076923076923
0 0.8605769230769231 0.5817307692307693 0.016826923076923076 0.028846153846153848
3 0.057692307692307696 0.5853365384615384 0.019230769230769232 0.019230769230769232
2 0.8918269230769231 0.6490384615384616 0.028846153846153848 0.04326923076923077
3 0.890625 0.5973557692307693 0.03125 0.038461538461538464
3 0.6009615384615384 0.6346153846153846 0.028846153846153848 0.038461538461538464
5 0.6021634615384616 0.6838942307692307 0.028846153846153848 0.038461538461538464
0 0.375 0.7848557692307693 0.04326923076923077 0.04326923076923077
0 0.8293269230769231 0.5973557692307693 0.01201923076923077 0.016826923076923076
0 0.1658653846153846 0.5588942307692307 0.02403846153846154 0.038461538461538464
0 0.2439903846153846 0.5901442307692307 0.019230769230769232 0.03365384615384615
4 0.056490384615384616 0.6201923076923077 0.016826923076923076 0.028846153846153848
6 0.1622596153846154 0.6670673076923077 0.014423076923076924 0.016826923076923076