0 0.7379807692307693 0.609375 0.05048076923076923 0.06009615384615385
0 0.2283653846153846 0.6129807692307693 0.036057692307692304 0.057692307692307696
0 0.5733173076923077 0.6322115384615384 0.04326923076923077 0.04807692307692308
0 0.04927884615384615 0.35216346153846156 0.0889423076923077 0.17067307692307693
0 0.36538461538461536 0.6706730769230769 0.014423076923076924 0.016826923076923076
0 0.4362980769230769 0.6899038461538461 0.009615384615384616 0.019230769230769232
0 0.40625 0.6911057692307693 0.009615384615384616 0.019230769230769232
0 0.30288461538461536 0.6838942307692307 0.01201923076923077 0.019230769230769232
0 0.33413461538461536 0.6826923076923077 0.014423076923076924 0.019230769230769232
3 0.31850961538461536 0.7055288461538461 0.019230769230769232 0.02403846153846154
3 0.23918269230769232 0.6923076923076923 0.019230769230769232 0.057692307692307696
2 0.31850961538461536 0.7451923076923077 0.014423076923076924 0.02403846153846154
4 0.5420673076923077 0.7475961538461539 0.014423076923076924 0.028846153846153848