0 0.3713942307692308 0.39783653846153844 0.04807692307692308 0.038461538461538464
0 0.625 0.9723557692307693 0.14182692307692307 0.05048076923076923
0 0.3942307692307692 0.0985576923076923 0.04326923076923077 0.028846153846153848
0 0.36538461538461536 0.14903846153846154 0.028846153846153848 0.02403846153846154
3 0.3798076923076923 0.7644230769230769 0.18269230769230768 0.125
2 0.1875 0.7692307692307693 0.1778846153846154 0.12259615384615384
0 0.3173076923076923 0.4254807692307692 0.019230769230769232 0.01201923076923077
0 0.328125 0.6237980769230769 0.028846153846153848 0.016826923076923076
0 0.31490384615384615 0.5649038461538461 0.016826923076923076 0.014423076923076924
0 0.34375 0.22956730769230768 0.02403846153846154 0.019230769230769232
0 0.22716346153846154 0.29086538461538464 0.019230769230769232 0.014423076923076924
0 0.3125 0.3894230769230769 0.02403846153846154 0.014423076923076924
0 0.30649038461538464 0.47115384615384615 0.019230769230769232 0.014423076923076924
0 0.33052884615384615 0.2644230769230769 0.019230769230769232 0.01201923076923077