3 0.5120192307692307 0.9134615384615384 0.15384615384615385 0.11057692307692307
0 0.5228365384615384 0.6502403846153846 0.0673076923076923 0.0625
0 0.4987980769230769 0.7896634615384616 0.08173076923076923 0.0625
2 0.6778846153846154 0.9266826923076923 0.14423076923076922 0.10336538461538461
0 0.5516826923076923 0.18509615384615385 0.04567307692307692 0.03365384615384615
0 0.5925480769230769 0.6081730769230769 0.03125 0.021634615384615384
0 0.5709134615384616 0.32211538461538464 0.04567307692307692 0.038461538461538464
0 0.6081730769230769 0.34975961538461536 0.028846153846153848 0.019230769230769232
3 0.6201923076923077 0.15504807692307693 0.028846153846153848 0.019230769230769232
4 0.6538461538461539 0.15504807692307693 0.028846153846153848 0.019230769230769232
0 0.578125 0.06370192307692307 0.019230769230769232 0.014423076923076924
0 0.5444711538461539 0.010817307692307692 0.028846153846153848 0.014423076923076924
0 0.5745192307692307 0.04326923076923077 0.019230769230769232 0.009615384615384616
0 0.5745192307692307 0.6346153846153846 0.04567307692307692 0.03365384615384615