0 0.6237980769230769 0.5276442307692307 0.09375 0.125
0 0.21875 0.4014423076923077 0.03365384615384615 0.038461538461538464
2 0.052884615384615384 0.28125 0.08173076923076923 0.14182692307692307
3 0.0625 0.4483173076923077 0.09134615384615384 0.17067307692307693
0 0.5024038461538461 0.32572115384615385 0.009615384615384616 0.019230769230769232
0 0.4026442307692308 0.3389423076923077 0.019230769230769232 0.02403846153846154
0 0.3581730769230769 0.3473557692307692 0.02403846153846154 0.02403846153846154
0 0.46875 0.32091346153846156 0.01201923076923077 0.019230769230769232
0 0.6526442307692307 0.3245192307692308 0.021634615384615384 0.02403846153846154
0 0.6923076923076923 0.32091346153846156 0.019230769230769232 0.019230769230769232
1 0.5757211538461539 0.31490384615384615 0.07932692307692307 0.07451923076923077