0 0.4362980769230769 0.4098557692307692 0.036057692307692304 0.04326923076923077
0 0.41225961538461536 0.4026442307692308 0.016826923076923076 0.02403846153846154
0 0.6574519230769231 0.3942307692307692 0.02403846153846154 0.03365384615384615
0 0.6201923076923077 0.3737980769230769 0.019230769230769232 0.02403846153846154
0 0.4567307692307692 0.36778846153846156 0.014423076923076924 0.019230769230769232
3 0.20432692307692307 0.3641826923076923 0.01201923076923077 0.019230769230769232
3 0.12740384615384615 0.3737980769230769 0.009615384615384616 0.019230769230769232
0 0.3088942307692308 0.3701923076923077 0.01201923076923077 0.019230769230769232
0 0.4230769230769231 0.36538461538461536 0.009615384615384616 0.014423076923076924
0 0.09254807692307693 0.39903846153846156 0.01201923076923077 0.019230769230769232
2 0.20552884615384615 0.33774038461538464 0.014423076923076924 0.016826923076923076
6 0.10096153846153846 0.33413461538461536 0.014423076923076924 0.019230769230769232
0 0.9891826923076923 0.5168269230769231 0.014423076923076924 0.052884615384615384
0 0.13822115384615385 0.39783653846153844 0.014423076923076924 0.019230769230769232