0 0.4879807692307692 0.24639423076923078 0.08653846153846154 0.07211538461538461
0 0.5324519230769231 0.7115384615384616 0.0673076923076923 0.04807692307692308
3 0.6382211538461539 0.6334134615384616 0.06490384615384616 0.03365384615384615
0 0.5961538461538461 0.48677884615384615 0.03365384615384615 0.028846153846153848
3 0.5108173076923077 0.11658653846153846 0.02403846153846154 0.06971153846153846
0 0.41586538461538464 0.019230769230769232 0.09375 0.038461538461538464
3 0.6346153846153846 0.25721153846153844 0.03365384615384615 0.02403846153846154
2 0.7055288461538461 0.6370192307692307 0.052884615384615384 0.03125
2 0.6862980769230769 0.5060096153846154 0.03125 0.02403846153846154
3 0.6502403846153846 0.5072115384615384 0.038461538461538464 0.021634615384615384
0 0.6201923076923077 0.3786057692307692 0.02403846153846154 0.016826923076923076
4 0.6730769230769231 0.25721153846153844 0.03365384615384615 0.021634615384615384