0 0.5444711538461539 0.6862980769230769 0.057692307692307696 0.04807692307692308
0 0.48197115384615385 0.11298076923076923 0.08653846153846154 0.04326923076923077
0 0.6033653846153846 0.7451923076923077 0.028846153846153848 0.021634615384615384
0 0.5709134615384616 0.38221153846153844 0.057692307692307696 0.038461538461538464
0 0.609375 0.3173076923076923 0.028846153846153848 0.028846153846153848
0 0.46875 0.16105769230769232 0.07932692307692307 0.057692307692307696
0 0.3786057692307692 0.03245192307692308 0.12980769230769232 0.057692307692307696
3 0.6490384615384616 0.5853365384615384 0.04326923076923077 0.016826923076923076
3 0.6586538461538461 0.5036057692307693 0.028846153846153848 0.014423076923076924
2 0.6959134615384616 0.5841346153846154 0.03365384615384615 0.014423076923076924
2 0.6911057692307693 0.5048076923076923 0.02403846153846154 0.019230769230769232
5 0.6778846153846154 0.28365384615384615 0.028846153846153848 0.014423076923076924
0 0.59375 0.7956730769230769 0.019230769230769232 0.019230769230769232
3 0.3557692307692308 0.08653846153846154 0.09134615384615384 0.08173076923076923
3 0.6478365384615384 0.2824519230769231 0.028846153846153848 0.019230769230769232