0 0.3786057692307692 0.4987980769230769 0.08653846153846154 0.11057692307692307
0 0.42427884615384615 0.6165865384615384 0.04567307692307692 0.052884615384615384
0 0.14423076923076922 0.5901442307692307 0.028846153846153848 0.04807692307692308
0 0.2439903846153846 0.6117788461538461 0.03365384615384615 0.04326923076923077
1 0.17908653846153846 0.640625 0.21153846153846154 0.11538461538461539
0 0.19951923076923078 0.7055288461538461 0.03125 0.03365384615384615
2 0.7692307692307693 0.7379807692307693 0.04326923076923077 0.057692307692307696
4 0.3401442307692308 0.7391826923076923 0.038461538461538464 0.05048076923076923
3 0.7668269230769231 0.6754807692307693 0.038461538461538464 0.05048076923076923
3 0.7355769230769231 0.6802884615384616 0.016826923076923076 0.06009615384615385
3 0.3425480769230769 0.6838942307692307 0.038461538461538464 0.052884615384615384
2 0.9471153846153846 0.7644230769230769 0.06971153846153846 0.14423076923076922
6 0.4963942307692308 0.8461538461538461 0.028846153846153848 0.04326923076923077
0 0.640625 0.6598557692307693 0.028846153846153848 0.03365384615384615
0 0.38822115384615385 0.6730769230769231 0.016826923076923076 0.02403846153846154
0 0.32211538461538464 0.6526442307692307 0.021634615384615384 0.02403846153846154