2 0.6334134615384616 0.6682692307692307 0.026442307692307692 0.038461538461538464
3 0.4206730769230769 0.6057692307692307 0.04807692307692308 0.07932692307692307
2 0.4230769230769231 0.6947115384615384 0.040865384615384616 0.07211538461538461
3 0.2403846153846154 0.49278846153846156 0.09134615384615384 0.04326923076923077
0 0.9651442307692307 0.41947115384615385 0.06490384615384616 0.10336538461538461
0 0.15985576923076922 0.5372596153846154 0.03125 0.04326923076923077
0 0.09735576923076923 0.5288461538461539 0.02403846153846154 0.04326923076923077
3 0.9543269230769231 0.5745192307692307 0.028846153846153848 0.04807692307692308
5 0.9519230769230769 0.625 0.026442307692307692 0.04326923076923077
0 0.49759615384615385 0.6105769230769231 0.009615384615384616 0.019230769230769232
3 0.921875 0.5793269230769231 0.014423076923076924 0.038461538461538464
3 0.6322115384615384 0.6213942307692307 0.028846153846153848 0.04326923076923077
1 0.5637019230769231 0.6081730769230769 0.11778846153846154 0.07211538461538461