0 0.6189903846153846 0.4254807692307692 0.03365384615384615 0.03365384615384615
0 0.8185096153846154 0.453125 0.028846153846153848 0.04807692307692308
0 0.4987980769230769 0.5673076923076923 0.10576923076923077 0.12740384615384615
3 0.9206730769230769 0.4831730769230769 0.08173076923076923 0.14903846153846154
0 0.6382211538461539 0.4026442307692308 0.019230769230769232 0.028846153846153848
0 0.7980769230769231 0.47596153846153844 0.04326923076923077 0.06009615384615385
6 0.3473557692307692 0.2932692307692308 0.014423076923076924 0.016826923076923076
0 0.10817307692307693 0.44350961538461536 0.019230769230769232 0.03365384615384615
3 0.5769230769230769 0.421875 0.052884615384615384 0.019230769230769232
0 0.013221153846153846 0.25841346153846156 0.019230769230769232 0.028846153846153848
3 0.17668269230769232 0.43028846153846156 0.04807692307692308 0.019230769230769232
3 0.45072115384615385 0.3545673076923077 0.019230769230769232 0.02403846153846154
3 0.25721153846153844 0.3605769230769231 0.014423076923076924 0.019230769230769232
4 0.9278846153846154 0.3329326923076923 0.08653846153846154 0.12980769230769232