0 0.8137019230769231 0.5360576923076923 0.03365384615384615 0.04326923076923077
0 0.8677884615384616 0.5336538461538461 0.028846153846153848 0.04326923076923077
3 0.7752403846153846 0.4675480769230769 0.09134615384615384 0.04807692307692308
3 0.24879807692307693 0.6129807692307693 0.03365384615384615 0.05048076923076923
0 0.33533653846153844 0.5985576923076923 0.019230769230769232 0.02403846153846154
0 0.27403846153846156 0.5913461538461539 0.014423076923076924 0.02403846153846154
0 0.3581730769230769 0.6045673076923077 0.016826923076923076 0.019230769230769232
3 0.5384615384615384 0.5997596153846154 0.0673076923076923 0.09615384615384616
2 0.5384615384615384 0.7007211538461539 0.0673076923076923 0.09375
2 0.24519230769230768 0.6622596153846154 0.036057692307692304 0.04567307692307692
0 0.7019230769230769 0.7283653846153846 0.026442307692307692 0.028846153846153848