0 0.6394230769230769 0.3233173076923077 0.1201923076923077 0.15865384615384615
0 0.04326923076923077 0.3858173076923077 0.0673076923076923 0.10576923076923077
0 0.2764423076923077 0.5300480769230769 0.04326923076923077 0.052884615384615384
0 0.7019230769230769 0.5612980769230769 0.028846153846153848 0.038461538461538464
0 0.10576923076923077 0.5168269230769231 0.028846153846153848 0.04326923076923077
0 0.16826923076923078 0.5492788461538461 0.021634615384615384 0.03365384615384615
0 0.4879807692307692 0.5649038461538461 0.03125 0.038461538461538464
3 0.6550480769230769 0.5432692307692307 0.052884615384615384 0.016826923076923076
0 0.32211538461538464 0.5877403846153846 0.016826923076923076 0.028846153846153848
0 0.30528846153846156 0.6778846153846154 0.014423076923076924 0.014423076923076924
0 0.4519230769230769 0.6081730769230769 0.009615384615384616 0.019230769230769232
0 0.47115384615384615 0.5961538461538461 0.014423076923076924 0.019230769230769232