0 0.3112980769230769 0.4495192307692308 0.04326923076923077 0.052884615384615384
3 0.8569711538461539 0.3858173076923077 0.02403846153846154 0.03365384615384615
3 0.5552884615384616 0.3581730769230769 0.03365384615384615 0.038461538461538464
3 0.46634615384615385 0.3942307692307692 0.02403846153846154 0.10096153846153846
2 0.5552884615384616 0.31009615384615385 0.03365384615384615 0.038461538461538464
0 0.9026442307692307 0.4170673076923077 0.014423076923076924 0.019230769230769232
0 0.9591346153846154 0.4338942307692308 0.014423076923076924 0.019230769230769232
0 0.3076923076923077 0.38341346153846156 0.014423076923076924 0.019230769230769232
0 0.21995192307692307 0.4206730769230769 0.026442307692307692 0.038461538461538464
0 0.14783653846153846 0.42427884615384615 0.02403846153846154 0.03365384615384615
3 0.0889423076923077 0.8870192307692307 0.17307692307692307 0.22115384615384615
3 0.828125 0.38461538461538464 0.014423076923076924 0.038461538461538464
2 0.8317307692307693 0.3401442307692308 0.014423076923076924 0.03365384615384615
2 0.4699519230769231 0.2848557692307692 0.038461538461538464 0.10096153846153846
5 0.8581730769230769 0.3449519230769231 0.02403846153846154 0.038461538461538464
0 0.21995192307692307 0.30528846153846156 0.01201923076923077 0.014423076923076924
0 0.10576923076923077 0.4098557692307692 0.01201923076923077 0.019230769230769232