0 0.021634615384615384 0.5396634615384616 0.021634615384615384 0.03365384615384615
0 0.16346153846153846 0.5432692307692307 0.036057692307692304 0.04807692307692308
0 0.19831730769230768 0.59375 0.019230769230769232 0.02403846153846154
0 0.3629807692307692 0.8269230769230769 0.04807692307692308 0.05048076923076923
0 0.5180288461538461 0.6141826923076923 0.02403846153846154 0.028846153846153848
0 0.48677884615384615 0.5913461538461539 0.028846153846153848 0.038461538461538464
0 0.5552884615384616 0.5877403846153846 0.036057692307692304 0.04326923076923077
0 0.6057692307692307 0.5745192307692307 0.036057692307692304 0.04567307692307692
0 0.5901442307692307 0.625 0.016826923076923076 0.019230769230769232
3 0.7800480769230769 0.5336538461538461 0.07692307692307693 0.019230769230769232
0 0.008413461538461538 0.5564903846153846 0.016826923076923076 0.019230769230769232
0 0.6129807692307693 0.6286057692307693 0.014423076923076924 0.019230769230769232
0 0.5384615384615384 0.6286057692307693 0.019230769230769232 0.019230769230769232
0 0.7199519230769231 0.6201923076923077 0.014423076923076924 0.019230769230769232