3 0.2824519230769231 0.2776442307692308 0.21153846153846154 0.17067307692307693
0 0.027644230769230768 0.46274038461538464 0.04326923076923077 0.07211538461538461
0 0.2776442307692308 0.5024038461538461 0.057692307692307696 0.07451923076923077
0 0.2860576923076923 0.7692307692307693 0.03365384615384615 0.03365384615384615
0 0.8894230769230769 0.5204326923076923 0.03365384615384615 0.04567307692307692
3 0.8966346153846154 0.5913461538461539 0.040865384615384616 0.0625
4 0.9002403846153846 0.6538461538461539 0.04326923076923077 0.0625
0 0.4411057692307692 0.6129807692307693 0.019230769230769232 0.02403846153846154
0 0.5384615384615384 0.6213942307692307 0.014423076923076924 0.02403846153846154
0 0.7536057692307693 0.5901442307692307 0.021634615384615384 0.028846153846153848
0 0.21875 0.5877403846153846 0.021634615384615384 0.026442307692307692
3 0.5072115384615384 0.6382211538461539 0.014423076923076924 0.03125