1 0.7572115384615384 0.6262019230769231 0.052884615384615384 0.04807692307692308
0 0.3605769230769231 0.8293269230769231 0.04326923076923077 0.04567307692307692
0 0.1622596153846154 0.5408653846153846 0.038461538461538464 0.04807692307692308
0 0.6045673076923077 0.5757211538461539 0.040865384615384616 0.04807692307692308
0 0.5516826923076923 0.5901442307692307 0.03365384615384615 0.038461538461538464
0 0.4855769230769231 0.5925480769230769 0.03365384615384615 0.038461538461538464
0 0.021634615384615384 0.5408653846153846 0.026442307692307692 0.03365384615384615
0 0.19831730769230768 0.5949519230769231 0.021634615384615384 0.02403846153846154
0 0.5192307692307693 0.6141826923076923 0.02403846153846154 0.028846153846153848
0 0.8112980769230769 0.6069711538461539 0.014423076923076924 0.014423076923076924
0 0.7932692307692307 0.6045673076923077 0.01201923076923077 0.016826923076923076
0 0.5901442307692307 0.625 0.014423076923076924 0.019230769230769232
0 0.6129807692307693 0.6298076923076923 0.014423076923076924 0.014423076923076924
0 0.009615384615384616 0.5480769230769231 0.014423076923076924 0.03365384615384615