0 0.5120192307692307 0.21754807692307693 0.0673076923076923 0.04807692307692308
0 0.45913461538461536 0.9495192307692307 0.08173076923076923 0.0625
0 0.5757211538461539 0.14182692307692307 0.03365384615384615 0.021634615384615384
0 0.5925480769230769 0.2860576923076923 0.03125 0.02403846153846154
0 0.6069711538461539 0.2127403846153846 0.019230769230769232 0.014423076923076924
0 0.6213942307692307 0.3088942307692308 0.014423076923076924 0.009615384615384616
0 0.6069711538461539 0.5865384615384616 0.02403846153846154 0.02403846153846154
3 0.5865384615384616 0.5348557692307693 0.014423076923076924 0.052884615384615384
3 0.6526442307692307 0.4483173076923077 0.028846153846153848 0.021634615384615384
2 0.6622596153846154 0.16826923076923078 0.038461538461538464 0.01201923076923077
2 0.671875 0.27403846153846156 0.02403846153846154 0.019230769230769232
0 0.8100961538461539 0.7139423076923077 0.04326923076923077 0.040865384615384616
4 0.6850961538461539 0.4483173076923077 0.019230769230769232 0.019230769230769232
3 0.6117788461538461 0.171875 0.04807692307692308 0.019230769230769232
3 0.640625 0.27403846153846156 0.03125 0.019230769230769232
0 0.6826923076923077 0.9278846153846154 0.019230769230769232 0.014423076923076924