0 0.4326923076923077 0.3713942307692308 0.04807692307692308 0.036057692307692304
0 0.41947115384615385 0.4579326923076923 0.03365384615384615 0.03125
0 0.3858173076923077 0.5240384615384616 0.019230769230769232 0.014423076923076924
0 0.4098557692307692 0.7992788461538461 0.02403846153846154 0.019230769230769232
0 0.3870192307692308 0.5480769230769231 0.019230769230769232 0.014423076923076924
1 0.37740384615384615 0.5925480769230769 0.0673076923076923 0.0673076923076923
0 0.3798076923076923 0.43149038461538464 0.019230769230769232 0.014423076923076924
1 0.47475961538461536 0.09014423076923077 0.28365384615384615 0.17307692307692307
0 0.4519230769230769 0.9326923076923077 0.03365384615384615 0.02403846153846154
6 0.31850961538461536 0.5588942307692307 0.016826923076923076 0.009615384615384616
2 0.3269230769230769 0.4519230769230769 0.019230769230769232 0.019230769230769232
0 0.41466346153846156 0.33413461538461536 0.028846153846153848 0.028846153846153848
3 0.5360576923076923 0.84375 0.038461538461538464 0.1201923076923077