0 0.22596153846153846 0.5588942307692307 0.11538461538461539 0.16826923076923078
0 0.16346153846153846 0.4699519230769231 0.057692307692307696 0.09134615384615384
0 0.8149038461538461 0.375 0.028846153846153848 0.038461538461538464
0 0.8677884615384616 0.3942307692307692 0.03125 0.038461538461538464
0 0.18028846153846154 0.33774038461538464 0.019230769230769232 0.01201923076923077
0 0.7319711538461539 0.3557692307692308 0.03365384615384615 0.038461538461538464
0 0.5276442307692307 0.21394230769230768 0.019230769230769232 0.028846153846153848
6 0.42908653846153844 0.23317307692307693 0.009615384615384616 0.016826923076923076
0 0.04567307692307692 0.3762019230769231 0.02403846153846154 0.03365384615384615
0 0.2800480769230769 0.31009615384615385 0.019230769230769232 0.02403846153846154
0 0.8942307692307693 0.38822115384615385 0.019230769230769232 0.04326923076923077
1 0.36899038461538464 0.3004807692307692 0.10096153846153846 0.09615384615384616
1 0.5036057692307693 0.27524038461538464 0.028846153846153848 0.019230769230769232