0 0.5540865384615384 0.9495192307692307 0.08173076923076923 0.057692307692307696
3 0.4375 0.11778846153846154 0.08653846153846154 0.04567307692307692
3 0.4098557692307692 0.7307692307692307 0.09134615384615384 0.028846153846153848
3 0.36899038461538464 0.3004807692307692 0.04326923076923077 0.028846153846153848
3 0.3737980769230769 0.3245192307692308 0.038461538461538464 0.014423076923076924
2 0.3473557692307692 0.11177884615384616 0.07692307692307693 0.03365384615384615
2 0.3269230769230769 0.2980769230769231 0.038461538461538464 0.026442307692307692
4 0.3088942307692308 0.7295673076923077 0.08173076923076923 0.028846153846153848
6 0.25961538461538464 0.43990384615384615 0.028846153846153848 0.016826923076923076
0 0.41346153846153844 0.34975961538461536 0.03125 0.028846153846153848
4 0.3293269230769231 0.6141826923076923 0.038461538461538464 0.028846153846153848
1 0.39663461538461536 0.6286057692307693 0.06490384615384616 0.10096153846153846
0 0.35216346153846156 0.6129807692307693 0.03365384615384615 0.02403846153846154
0 0.3870192307692308 0.4206730769230769 0.019230769230769232 0.014423076923076924
0 0.3870192307692308 0.5096153846153846 0.019230769230769232 0.014423076923076924
0 0.32572115384615385 0.8545673076923077 0.019230769230769232 0.014423076923076924
0 0.41225961538461536 0.8197115384615384 0.019230769230769232 0.014423076923076924