0 0.6105769230769231 0.546875 0.07692307692307693 0.09375
3 0.9699519230769231 0.5805288461538461 0.055288461538461536 0.1466346153846154
3 0.03365384615384615 0.5853365384615384 0.0625 0.1778846153846154
4 0.9807692307692307 0.7211538461538461 0.03365384615384615 0.1201923076923077
0 0.6298076923076923 0.625 0.040865384615384616 0.05048076923076923
3 0.2620192307692308 0.6706730769230769 0.038461538461538464 0.057692307692307696
2 0.028846153846153848 0.7596153846153846 0.04807692307692308 0.14903846153846154
0 0.8966346153846154 0.6165865384615384 0.02403846153846154 0.028846153846153848
0 0.5877403846153846 0.6634615384615384 0.02403846153846154 0.03125
0 0.4651442307692308 0.6682692307692307 0.02403846153846154 0.03125
3 0.6634615384615384 0.6911057692307693 0.019230769230769232 0.057692307692307696
3 0.29447115384615385 0.6766826923076923 0.016826923076923076 0.057692307692307696
2 0.25961538461538464 0.7307692307692307 0.04326923076923077 0.052884615384615384
2 0.6658653846153846 0.7475961538461539 0.019230769230769232 0.052884615384615384
6 0.5072115384615384 0.8449519230769231 0.03365384615384615 0.06490384615384616
0 0.5504807692307693 0.6646634615384616 0.02403846153846154 0.028846153846153848