0 0.13942307692307693 0.4098557692307692 0.0889423076923077 0.1201923076923077
4 0.9158653846153846 0.6466346153846154 0.028846153846153848 0.03365384615384615
2 0.5853365384615384 0.6959134615384616 0.028846153846153848 0.03365384615384615
0 0.6622596153846154 0.5865384615384616 0.028846153846153848 0.03365384615384615
0 0.7896634615384616 0.6033653846153846 0.009615384615384616 0.019230769230769232
3 0.4182692307692308 0.5973557692307693 0.052884615384615384 0.10817307692307693
3 0.5865384615384616 0.6502403846153846 0.03125 0.04326923076923077
3 0.9134615384615384 0.5973557692307693 0.028846153846153848 0.04567307692307692
2 0.4098557692307692 0.7091346153846154 0.04326923076923077 0.09375
0 0.10096153846153846 0.5697115384615384 0.019230769230769232 0.028846153846153848
0 0.1502403846153846 0.7331730769230769 0.028846153846153848 0.028846153846153848
0 0.5504807692307693 0.6237980769230769 0.014423076923076924 0.019230769230769232
0 0.7043269230769231 0.6153846153846154 0.01201923076923077 0.019230769230769232
0 0.8389423076923077 0.6033653846153846 0.01201923076923077 0.019230769230769232
1 0.7307692307692307 0.6394230769230769 0.04807692307692308 0.04326923076923077
3 0.8052884615384616 0.6334134615384616 0.014423076923076924 0.019230769230769232
0 0.8882211538461539 0.5877403846153846 0.014423076923076924 0.016826923076923076
0 0.7692307692307693 0.6153846153846154 0.014423076923076924 0.019230769230769232
6 0.7752403846153846 0.75 0.019230769230769232 0.038461538461538464