0 0.39903846153846156 0.5300480769230769 0.16826923076923078 0.1201923076923077
0 0.17548076923076922 0.6682692307692307 0.28365384615384615 0.20432692307692307
0 0.5973557692307693 0.40625 0.02403846153846154 0.02403846153846154
0 0.5036057692307693 0.9447115384615384 0.06490384615384616 0.038461538461538464
0 0.7331730769230769 0.8257211538461539 0.028846153846153848 0.026442307692307692
1 0.6189903846153846 0.6634615384615384 0.07211538461538461 0.11538461538461539
3 0.4963942307692308 0.6682692307692307 0.04326923076923077 0.125
0 0.5901442307692307 0.21995192307692307 0.028846153846153848 0.016826923076923076
0 0.5516826923076923 0.7644230769230769 0.05048076923076923 0.040865384615384616
3 0.6033653846153846 0.109375 0.038461538461538464 0.03125
3 0.6382211538461539 0.39903846153846156 0.038461538461538464 0.03125
0 0.5132211538461539 0.1201923076923077 0.052884615384615384 0.04807692307692308
0 0.5625 0.08533653846153846 0.03365384615384615 0.02403846153846154
0 0.5901442307692307 0.2536057692307692 0.028846153846153848 0.028846153846153848
0 0.6225961538461539 0.28966346153846156 0.019230769230769232 0.016826923076923076
0 0.34134615384615385 0.9867788461538461 0.14423076923076922 0.02403846153846154
1 0.6286057692307693 0.24278846153846154 0.04567307692307692 0.0673076923076923