0 0.25721153846153844 0.06129807692307692 0.19230769230769232 0.11298076923076923
0 0.49278846153846156 0.4206730769230769 0.08173076923076923 0.0673076923076923
0 0.4110576923076923 0.06610576923076923 0.09615384615384616 0.07692307692307693
0 0.5456730769230769 0.3737980769230769 0.052884615384615384 0.04326923076923077
3 0.5192307692307693 0.4651442307692308 0.03125 0.08653846153846154
0 0.6069711538461539 0.703125 0.019230769230769232 0.014423076923076924
3 0.6213942307692307 0.7776442307692307 0.019230769230769232 0.019230769230769232
0 0.5925480769230769 0.41466346153846156 0.03365384615384615 0.028846153846153848
3 0.5985576923076923 0.8653846153846154 0.038461538461538464 0.014423076923076924
4 0.6538461538461539 0.7776442307692307 0.02403846153846154 0.019230769230769232
3 0.5901442307692307 0.0625 0.019230769230769232 0.01201923076923077
2 0.6153846153846154 0.06370192307692307 0.014423076923076924 0.014423076923076924