0 0.8918269230769231 0.4495192307692308 0.10576923076923077 0.125
3 0.1622596153846154 0.5264423076923077 0.09375 0.04326923076923077
3 0.34375 0.6947115384615384 0.014423076923076924 0.03365384615384615
3 0.2668269230769231 0.6875 0.01201923076923077 0.019230769230769232
2 0.34375 0.7307692307692307 0.014423076923076924 0.028846153846153848
0 0.9110576923076923 0.5985576923076923 0.038461538461538464 0.04326923076923077
0 0.7608173076923077 0.6490384615384616 0.03125 0.03125
0 0.6947115384615384 0.6634615384615384 0.021634615384615384 0.02403846153846154
0 0.5048076923076923 0.6778846153846154 0.021634615384615384 0.02403846153846154
0 0.3737980769230769 0.6814903846153846 0.016826923076923076 0.02403846153846154
0 0.2668269230769231 0.6490384615384616 0.021634615384615384 0.028846153846153848
0 0.2247596153846154 0.6526442307692307 0.016826923076923076 0.019230769230769232
0 0.08774038461538461 0.7451923076923077 0.021634615384615384 0.03125
0 0.03365384615384615 0.5973557692307693 0.014423076923076924 0.019230769230769232
6 0.1935096153846154 0.7415865384615384 0.014423076923076924 0.02403846153846154
2 0.2668269230769231 0.7175480769230769 0.014423076923076924 0.028846153846153848