0 0.4362980769230769 0.9399038461538461 0.057692307692307696 0.04326923076923077
0 0.38461538461538464 0.20192307692307693 0.04807692307692308 0.036057692307692304
0 0.36658653846153844 0.34615384615384615 0.04326923076923077 0.03365384615384615
0 0.33774038461538464 0.4266826923076923 0.028846153846153848 0.021634615384615384
0 0.33533653846153844 0.2692307692307692 0.016826923076923076 0.014423076923076924
0 0.33533653846153844 0.6237980769230769 0.02403846153846154 0.021634615384615384
0 0.31850961538461536 0.6694711538461539 0.01201923076923077 0.009615384615384616
0 0.32211538461538464 0.5949519230769231 0.019230769230769232 0.014423076923076924
3 0.41586538461538464 0.24879807692307693 0.02403846153846154 0.0889423076923077
0 0.3389423076923077 0.3545673076923077 0.028846153846153848 0.021634615384615384
3 0.31009615384615385 0.4807692307692308 0.04567307692307692 0.019230769230769232
3 0.32091346153846156 0.78125 0.028846153846153848 0.021634615384615384
2 0.28725961538461536 0.78125 0.02403846153846154 0.019230769230769232
4 0.25841346153846156 0.4795673076923077 0.038461538461538464 0.01201923076923077
0 0.21033653846153846 0.9206730769230769 0.04567307692307692 0.036057692307692304
6 0.23918269230769232 0.6526442307692307 0.02403846153846154 0.014423076923076924
0 0.3173076923076923 0.625 0.019230769230769232 0.01201923076923077
0 0.3329326923076923 0.23798076923076922 0.019230769230769232 0.014423076923076924