0 0.39783653846153844 0.1346153846153846 0.04567307692307692 0.038461538461538464
0 0.4074519230769231 0.39903846153846156 0.0673076923076923 0.052884615384615384
0 0.3401442307692308 0.7199519230769231 0.019230769230769232 0.014423076923076924
0 0.3485576923076923 0.7632211538461539 0.019230769230769232 0.014423076923076924
0 0.42908653846153844 0.9495192307692307 0.052884615384615384 0.03125
3 0.33413461538461536 0.7956730769230769 0.028846153846153848 0.014423076923076924
0 0.37740384615384615 0.5252403846153846 0.04567307692307692 0.04326923076923077
0 0.34375 0.6057692307692307 0.028846153846153848 0.02403846153846154
2 0.2932692307692308 0.7980769230769231 0.019230769230769232 0.014423076923076924
0 0.18509615384615385 0.47836538461538464 0.028846153846153848 0.028846153846153848
3 0.3401442307692308 0.8605769230769231 0.019230769230769232 0.014423076923076924