0 0.39663461538461536 0.5745192307692307 0.038461538461538464 0.05048076923076923
0 0.4495192307692308 0.5901442307692307 0.03365384615384615 0.03365384615384615
0 0.5180288461538461 0.5925480769230769 0.028846153846153848 0.038461538461538464
0 0.8413461538461539 0.5432692307692307 0.036057692307692304 0.052884615384615384
0 0.6394230769230769 0.8293269230769231 0.04807692307692308 0.05048076923076923
0 0.484375 0.6117788461538461 0.02403846153846154 0.028846153846153848
0 0.41346153846153844 0.6274038461538461 0.01201923076923077 0.016826923076923076
0 0.8076923076923077 0.5949519230769231 0.014423076923076924 0.028846153846153848
0 0.9819711538461539 0.5420673076923077 0.016826923076923076 0.028846153846153848
0 0.9915865384615384 0.5516826923076923 0.01201923076923077 0.03125
1 0.2283653846153846 0.6225961538461539 0.0625 0.052884615384615384
0 0.46274038461538464 0.6310096153846154 0.014423076923076924 0.019230769230769232
0 0.3918269230769231 0.6286057692307693 0.01201923076923077 0.019230769230769232
1 0.06971153846153846 0.3401442307692308 0.1346153846153846 0.43509615384615385