0 0.6682692307692307 0.030048076923076924 0.14423076923076922 0.052884615384615384
5 0.3629807692307692 0.9615384615384616 0.0673076923076923 0.03125
5 0.3557692307692308 0.8185096153846154 0.03365384615384615 0.02403846153846154
2 0.3317307692307692 0.5240384615384616 0.038461538461538464 0.03125
3 0.4098557692307692 0.43509615384615385 0.09134615384615384 0.019230769230769232
3 0.375 0.5240384615384616 0.038461538461538464 0.026442307692307692
3 0.39663461538461536 0.8173076923076923 0.03125 0.021634615384615384
3 0.4423076923076923 0.9603365384615384 0.06490384615384616 0.03365384615384615
0 0.43990384615384615 0.2091346153846154 0.03365384615384615 0.02403846153846154
0 0.46033653846153844 0.2980769230769231 0.04567307692307692 0.038461538461538464
2 0.30649038461538464 0.43990384615384615 0.09615384615384616 0.03365384615384615
0 0.44350961538461536 0.13581730769230768 0.028846153846153848 0.01201923076923077
0 0.40024038461538464 0.28846153846153844 0.019230769230769232 0.014423076923076924
0 0.32572115384615385 0.20432692307692307 0.019230769230769232 0.014423076923076924
3 0.8377403846153846 0.10576923076923077 0.2403846153846154 0.20673076923076922