0 0.9399038461538461 0.5637019230769231 0.04326923076923077 0.057692307692307696
0 0.20192307692307693 0.6153846153846154 0.036057692307692304 0.04807692307692308
0 0.34615384615384615 0.6334134615384616 0.03365384615384615 0.04326923076923077
0 0.4266826923076923 0.6622596153846154 0.021634615384615384 0.028846153846153848
0 0.2692307692307692 0.6646634615384616 0.014423076923076924 0.016826923076923076
0 0.6237980769230769 0.6646634615384616 0.021634615384615384 0.02403846153846154
0 0.6694711538461539 0.6814903846153846 0.009615384615384616 0.01201923076923077
0 0.5949519230769231 0.6778846153846154 0.014423076923076924 0.019230769230769232
3 0.24879807692307693 0.5841346153846154 0.0889423076923077 0.02403846153846154
0 0.3545673076923077 0.6610576923076923 0.021634615384615384 0.028846153846153848
3 0.4807692307692308 0.6899038461538461 0.019230769230769232 0.04567307692307692
3 0.78125 0.6790865384615384 0.021634615384615384 0.028846153846153848
2 0.78125 0.7127403846153846 0.019230769230769232 0.02403846153846154
4 0.4795673076923077 0.7415865384615384 0.01201923076923077 0.038461538461538464
0 0.9206730769230769 0.7896634615384616 0.036057692307692304 0.04567307692307692
6 0.6526442307692307 0.7608173076923077 0.014423076923076924 0.02403846153846154
0 0.625 0.6826923076923077 0.01201923076923077 0.019230769230769232
0 0.23798076923076922 0.6670673076923077 0.014423076923076924 0.019230769230769232