0 0.0673076923076923 0.6778846153846154 0.09615384615384616 0.13942307692307693
0 0.3918269230769231 0.453125 0.04326923076923077 0.04326923076923077
0 0.4651442307692308 0.41947115384615385 0.02403846153846154 0.028846153846153848
0 0.7355769230769231 0.4182692307692308 0.02403846153846154 0.02403846153846154
0 0.21754807692307693 0.46634615384615385 0.036057692307692304 0.04326923076923077
0 0.25961538461538464 0.4411057692307692 0.028846153846153848 0.03365384615384615
0 0.3389423076923077 0.421875 0.021634615384615384 0.028846153846153848
0 0.14423076923076922 0.4338942307692308 0.009615384615384616 0.016826923076923076
0 0.36538461538461536 0.4098557692307692 0.014423076923076924 0.02403846153846154
3 0.028846153846153848 0.49158653846153844 0.038461538461538464 0.10817307692307693
3 0.9615384615384616 0.48197115384615385 0.06971153846153846 0.15865384615384615
0 0.6550480769230769 0.4639423076923077 0.04326923076923077 0.057692307692307696
0 0.5925480769230769 0.40865384615384615 0.021634615384615384 0.02403846153846154
0 0.5793269230769231 0.3942307692307692 0.014423076923076924 0.016826923076923076
0 0.4362980769230769 0.32572115384615385 0.014423076923076924 0.019230769230769232
4 0.025240384615384616 0.37740384615384615 0.03365384615384615 0.08653846153846154
2 0.9615384615384616 0.30528846153846156 0.07211538461538461 0.16826923076923078