0 0.2704326923076923 0.5300480769230769 0.04807692307692308 0.052884615384615384
0 0.6430288461538461 0.5480769230769231 0.038461538461538464 0.05048076923076923
0 0.5961538461538461 0.5745192307692307 0.02403846153846154 0.038461538461538464
3 0.8629807692307693 0.5324519230769231 0.036057692307692304 0.11057692307692307
0 0.33533653846153844 0.5973557692307693 0.019230769230769232 0.019230769230769232
0 0.5060096153846154 0.5877403846153846 0.02403846153846154 0.03365384615384615
0 0.8870192307692307 0.5084134615384616 0.021634615384615384 0.057692307692307696
4 0.8677884615384616 0.65625 0.038461538461538464 0.10576923076923077
0 0.09735576923076923 0.5612980769230769 0.021634615384615384 0.03125
0 0.171875 0.5877403846153846 0.014423076923076924 0.016826923076923076
0 0.44591346153846156 0.7055288461538461 0.016826923076923076 0.019230769230769232
0 0.40024038461538464 0.6826923076923077 0.014423076923076924 0.019230769230769232
0 0.2764423076923077 0.6069711538461539 0.01201923076923077 0.014423076923076924