0 0.44591346153846156 0.05048076923076923 0.08173076923076923 0.057692307692307696
3 0.5625 0.8822115384615384 0.08653846153846154 0.04567307692307692
3 0.5901442307692307 0.2692307692307692 0.09134615384615384 0.028846153846153848
3 0.6310096153846154 0.6995192307692307 0.04326923076923077 0.028846153846153848
3 0.6262019230769231 0.6754807692307693 0.038461538461538464 0.014423076923076924
2 0.6526442307692307 0.8882211538461539 0.07692307692307693 0.03365384615384615
2 0.6730769230769231 0.7019230769230769 0.038461538461538464 0.026442307692307692
4 0.6911057692307693 0.2704326923076923 0.08173076923076923 0.028846153846153848
6 0.7403846153846154 0.5600961538461539 0.028846153846153848 0.016826923076923076
0 0.5865384615384616 0.6502403846153846 0.03125 0.028846153846153848
4 0.6706730769230769 0.3858173076923077 0.038461538461538464 0.028846153846153848
1 0.6033653846153846 0.3713942307692308 0.06490384615384616 0.10096153846153846
0 0.6478365384615384 0.3870192307692308 0.03365384615384615 0.02403846153846154
0 0.6129807692307693 0.5793269230769231 0.019230769230769232 0.014423076923076924
0 0.6129807692307693 0.49038461538461536 0.019230769230769232 0.014423076923076924
0 0.6742788461538461 0.14543269230769232 0.019230769230769232 0.014423076923076924
0 0.5877403846153846 0.18028846153846154 0.019230769230769232 0.014423076923076924