0 0.5552884615384616 0.2800480769230769 0.04807692307692308 0.04326923076923077
0 0.5709134615384616 0.5168269230769231 0.05048076923076923 0.036057692307692304
0 0.5961538461538461 0.6574519230769231 0.038461538461538464 0.02403846153846154
0 0.5288461538461539 0.7872596153846154 0.0625 0.05048076923076923
0 0.6057692307692307 0.36778846153846156 0.03125 0.021634615384615384
0 0.6370192307692307 0.5168269230769231 0.016826923076923076 0.01201923076923077
3 0.5024038461538461 0.9459134615384616 0.20432692307692307 0.10576923076923077
0 0.6057692307692307 0.5504807692307693 0.02403846153846154 0.02403846153846154
0 0.6129807692307693 0.5661057692307693 0.03125 0.019230769230769232
0 0.5901442307692307 0.8004807692307693 0.028846153846153848 0.02403846153846154
0 0.6370192307692307 0.4338942307692308 0.019230769230769232 0.009615384615384616
1 0.5336538461538461 0.12139423076923077 0.3629807692307692 0.23557692307692307
3 0.5084134615384616 0.8641826923076923 0.1778846153846154 0.057692307692307696