0 0.5757211538461539 0.18629807692307693 0.10096153846153846 0.07692307692307693
0 0.6850961538461539 0.8401442307692307 0.17548076923076922 0.11538461538461539
3 0.4651442307692308 0.9350961538461539 0.16826923076923078 0.07692307692307693
2 0.30649038461538464 0.953125 0.14182692307692307 0.0673076923076923
2 0.33413461538461536 0.6995192307692307 0.04807692307692308 0.03365384615384615
3 0.38822115384615385 0.6995192307692307 0.04807692307692308 0.038461538461538464
4 0.3389423076923077 0.35336538461538464 0.04326923076923077 0.03125
3 0.38822115384615385 0.35336538461538464 0.04326923076923077 0.03365384615384615
0 0.46634615384615385 0.12259615384615384 0.04326923076923077 0.02403846153846154
0 0.4182692307692308 0.2536057692307692 0.019230769230769232 0.019230769230769232
0 0.4026442307692308 0.5709134615384616 0.02403846153846154 0.019230769230769232
0 0.39302884615384615 0.4963942307692308 0.019230769230769232 0.014423076923076924
3 0.36538461538461536 0.6201923076923077 0.019230769230769232 0.014423076923076924
3 0.3641826923076923 0.4807692307692308 0.016826923076923076 0.014423076923076924
2 0.3473557692307692 0.6213942307692307 0.019230769230769232 0.014423076923076924
0 0.43028846153846156 0.8209134615384616 0.028846153846153848 0.02403846153846154
5 0.3425480769230769 0.4807692307692308 0.019230769230769232 0.014423076923076924
6 0.24639423076923078 0.4963942307692308 0.057692307692307696 0.03125