0 0.5504807692307693 0.4411057692307692 0.03365384615384615 0.04326923076923077
0 0.9771634615384616 0.6346153846153846 0.036057692307692304 0.10096153846153846
3 0.30288461538461536 0.41586538461538464 0.07211538461538461 0.1201923076923077
2 0.30288461538461536 0.2932692307692308 0.06971153846153846 0.11298076923076923
0 0.7764423076923077 0.4543269230769231 0.03365384615384615 0.04326923076923077
0 0.7127403846153846 0.4230769230769231 0.02403846153846154 0.019230769230769232
0 0.8293269230769231 0.43509615384615385 0.019230769230769232 0.028846153846153848
0 0.8942307692307693 0.45913461538461536 0.019230769230769232 0.03365384615384615
0 0.9278846153846154 0.48197115384615385 0.026442307692307692 0.03365384615384615
0 0.46274038461538464 0.3942307692307692 0.014423076923076924 0.019230769230769232
0 0.5949519230769231 0.4026442307692308 0.014423076923076924 0.028846153846153848