0 0.4098557692307692 0.8605769230769231 0.1201923076923077 0.0889423076923077
4 0.6466346153846154 0.08413461538461539 0.03365384615384615 0.028846153846153848
2 0.6959134615384616 0.41466346153846156 0.03365384615384615 0.028846153846153848
0 0.5865384615384616 0.33774038461538464 0.03365384615384615 0.028846153846153848
0 0.6033653846153846 0.21033653846153846 0.019230769230769232 0.009615384615384616
3 0.5973557692307693 0.5817307692307693 0.10817307692307693 0.052884615384615384
3 0.6502403846153846 0.41346153846153844 0.04326923076923077 0.03125
3 0.5973557692307693 0.08653846153846154 0.04567307692307692 0.028846153846153848
2 0.7091346153846154 0.5901442307692307 0.09375 0.04326923076923077
0 0.5697115384615384 0.8990384615384616 0.028846153846153848 0.019230769230769232
0 0.7331730769230769 0.8497596153846154 0.028846153846153848 0.03125
0 0.6237980769230769 0.4495192307692308 0.019230769230769232 0.014423076923076924
0 0.6153846153846154 0.2956730769230769 0.019230769230769232 0.01201923076923077
0 0.6033653846153846 0.16105769230769232 0.019230769230769232 0.01201923076923077
1 0.6394230769230769 0.2692307692307692 0.04326923076923077 0.04807692307692308
3 0.6334134615384616 0.19471153846153846 0.019230769230769232 0.014423076923076924
0 0.5877403846153846 0.11177884615384616 0.016826923076923076 0.014423076923076924
0 0.6153846153846154 0.23076923076923078 0.019230769230769232 0.014423076923076924
6 0.75 0.2247596153846154 0.038461538461538464 0.019230769230769232