0 0.6466346153846154 0.3786057692307692 0.10096153846153846 0.13942307692307693
0 0.5348557692307693 0.5336538461538461 0.04326923076923077 0.052884615384615384
0 0.09495192307692307 0.43990384615384615 0.06009615384615385 0.07932692307692307
2 0.9110576923076923 0.6622596153846154 0.04807692307692308 0.07211538461538461
0 0.5997596153846154 0.5841346153846154 0.02403846153846154 0.028846153846153848
0 0.47716346153846156 0.5853365384615384 0.019230769230769232 0.028846153846153848
0 0.15504807692307693 0.5276442307692307 0.026442307692307692 0.038461538461538464
0 0.2127403846153846 0.5588942307692307 0.02403846153846154 0.028846153846153848
3 0.4026442307692308 0.59375 0.04326923076923077 0.07211538461538461
3 0.9098557692307693 0.5745192307692307 0.04807692307692308 0.07932692307692307
0 0.7620192307692307 0.5733173076923077 0.019230769230769232 0.028846153846153848
0 0.7139423076923077 0.5997596153846154 0.01201923076923077 0.019230769230769232
0 0.7007211538461539 0.609375 0.014423076923076924 0.019230769230769232
6 0.6370192307692307 0.859375 0.055288461538461536 0.10576923076923077
4 0.39903846153846156 0.6682692307692307 0.052884615384615384 0.0673076923076923
0 0.8185096153846154 0.5901442307692307 0.014423076923076924 0.019230769230769232
0 0.6262019230769231 0.5973557692307693 0.01201923076923077 0.019230769230769232
0 0.6838942307692307 0.6153846153846154 0.014423076923076924 0.019230769230769232
0 0.5276442307692307 0.6021634615384616 0.014423076923076924 0.016826923076923076