0 0.7716346153846154 0.6262019230769231 0.028846153846153848 0.038461538461538464
0 0.8713942307692307 0.6045673076923077 0.028846153846153848 0.04326923076923077
0 0.9326923076923077 0.5817307692307693 0.03125 0.038461538461538464
3 0.49038461538461536 0.6141826923076923 0.07211538461538461 0.016826923076923076
1 0.390625 0.6923076923076923 0.10336538461538461 0.07692307692307693
0 0.028846153846153848 0.4098557692307692 0.04807692307692308 0.1346153846153846
3 0.2776442307692308 0.6971153846153846 0.014423076923076924 0.03125
2 0.27524038461538464 0.7355769230769231 0.014423076923076924 0.03365384615384615
6 0.41586538461538464 0.7692307692307693 0.01201923076923077 0.019230769230769232
0 0.5252403846153846 0.7920673076923077 0.021634615384615384 0.028846153846153848
0 0.13942307692307693 0.6478365384615384 0.019230769230769232 0.02403846153846154
0 0.2512019230769231 0.6802884615384616 0.019230769230769232 0.02403846153846154