0 0.4543269230769231 0.17307692307692307 0.052884615384615384 0.038461538461538464
0 0.4254807692307692 0.12139423076923077 0.03125 0.02403846153846154
0 0.4326923076923077 0.7463942307692307 0.038461538461538464 0.03365384615384615
0 0.4495192307692308 0.8161057692307693 0.04326923076923077 0.028846153846153848
0 0.4543269230769231 0.8713942307692307 0.03365384615384615 0.02403846153846154
3 0.35216346153846156 0.5372596153846154 0.02403846153846154 0.021634615384615384
3 0.43990384615384615 0.5973557692307693 0.019230769230769232 0.07211538461538461
2 0.31850961538461536 0.5372596153846154 0.028846153846153848 0.019230769230769232
0 0.4098557692307692 0.2403846153846154 0.03365384615384615 0.026442307692307692
1 0.36538461538461536 0.26802884615384615 0.06009615384615385 0.08173076923076923
5 0.3245192307692308 0.21394230769230768 0.04807692307692308 0.019230769230769232
5 0.3245192307692308 0.30288461538461536 0.028846153846153848 0.019230769230769232
3 0.37259615384615385 0.21394230769230768 0.04326923076923077 0.014423076923076924
0 0.42427884615384615 0.8629807692307693 0.019230769230769232 0.014423076923076924
0 0.3737980769230769 0.6490384615384616 0.019230769230769232 0.014423076923076924
0 0.3737980769230769 0.6225961538461539 0.019230769230769232 0.014423076923076924
0 0.3713942307692308 0.578125 0.01201923076923077 0.01201923076923077
3 0.3545673076923077 0.3245192307692308 0.02403846153846154 0.009615384615384616