0 0.5637019230769231 0.4795673076923077 0.07692307692307693 0.09134615384615384
0 0.42427884615384615 0.5444711538461539 0.04567307692307692 0.057692307692307696
0 0.7800480769230769 0.5564903846153846 0.03365384615384615 0.04567307692307692
0 0.3581730769230769 0.5793269230769231 0.028846153846153848 0.03365384615384615
0 0.12620192307692307 0.5180288461538461 0.036057692307692304 0.052884615384615384
0 0.08774038461538461 0.5456730769230769 0.021634615384615384 0.03365384615384615
0 0.3076923076923077 0.5961538461538461 0.021634615384615384 0.02403846153846154
0 0.39663461538461536 0.6033653846153846 0.019230769230769232 0.02403846153846154
0 0.41947115384615385 0.6129807692307693 0.014423076923076924 0.019230769230769232
0 0.5204326923076923 0.6057692307692307 0.019230769230769232 0.02403846153846154
0 0.5817307692307693 0.6213942307692307 0.01201923076923077 0.016826923076923076
2 0.8870192307692307 0.6682692307692307 0.0625 0.13942307692307693
3 0.8822115384615384 0.5168269230769231 0.07451923076923077 0.15865384615384615
3 0.6141826923076923 0.6237980769230769 0.03365384615384615 0.04807692307692308
3 0.7127403846153846 0.5420673076923077 0.07692307692307693 0.019230769230769232
0 0.11177884615384616 0.5588942307692307 0.021634615384615384 0.028846153846153848
6 0.4230769230769231 0.75 0.03365384615384615 0.04567307692307692
2 0.6153846153846154 0.6754807692307693 0.03365384615384615 0.04326923076923077
3 0.2644230769230769 0.6009615384615384 0.03365384615384615 0.04807692307692308