0 0.12379807692307693 0.7596153846153846 0.14182692307692307 0.19230769230769232
0 0.8846153846153846 0.8088942307692307 0.16105769230769232 0.22115384615384615
0 0.16826923076923078 0.49399038461538464 0.052884615384615384 0.0625
0 0.3004807692307692 0.4519230769230769 0.036057692307692304 0.05048076923076923
3 0.3557692307692308 0.39783653846153844 0.04807692307692308 0.07932692307692307
4 0.35216346153846156 0.30288461538461536 0.052884615384615384 0.07692307692307693
0 0.7103365384615384 0.42908653846153844 0.03365384615384615 0.038461538461538464
2 0.3942307692307692 0.32211538461538464 0.019230769230769232 0.07211538461538461
0 0.1814903846153846 0.43149038461538464 0.014423076923076924 0.019230769230769232
0 0.203125 0.4338942307692308 0.014423076923076924 0.028846153846153848
0 0.6887019230769231 0.3942307692307692 0.014423076923076924 0.019230769230769232
0 0.7920673076923077 0.43509615384615385 0.02403846153846154 0.038461538461538464
3 0.39663461538461536 0.4074519230769231 0.028846153846153848 0.07692307692307693