0 0.5769230769230769 0.5264423076923077 0.07932692307692307 0.0625
3 0.6899038461538461 0.46153846153846156 0.07451923076923077 0.055288461538461536
4 0.7776442307692307 0.45913461538461536 0.07451923076923077 0.057692307692307696
0 0.5817307692307693 0.10576923076923077 0.0625 0.04326923076923077
0 0.5877403846153846 0.16706730769230768 0.0625 0.04326923076923077
0 0.6105769230769231 0.8725961538461539 0.038461538461538464 0.028846153846153848
0 0.6622596153846154 0.6177884615384616 0.028846153846153848 0.02403846153846154
0 0.6646634615384616 0.39663461538461536 0.03365384615384615 0.026442307692307692
0 0.6911057692307693 0.29086538461538464 0.019230769230769232 0.014423076923076924
0 0.6586538461538461 0.8365384615384616 0.019230769230769232 0.014423076923076924
0 0.6598557692307693 0.8918269230769231 0.019230769230769232 0.01201923076923077