0 0.2692307692307692 0.44350961538461536 0.23076923076923078 0.14423076923076922
0 0.5036057692307693 0.6538461538461539 0.10096153846153846 0.07932692307692307
0 0.5360576923076923 0.17307692307692307 0.057692307692307696 0.040865384615384616
0 0.47836538461538464 0.08173076923076923 0.08173076923076923 0.052884615384615384
0 0.4891826923076923 0.23076923076923078 0.08173076923076923 0.0625
0 0.5168269230769231 0.2668269230769231 0.0673076923076923 0.040865384615384616
0 0.5721153846153846 0.7572115384615384 0.04326923076923077 0.028846153846153848
1 0.6069711538461539 0.8737980769230769 0.09134615384615384 0.08173076923076923
0 0.5901442307692307 0.5973557692307693 0.04567307692307692 0.038461538461538464
3 0.6237980769230769 0.7259615384615384 0.057692307692307696 0.02403846153846154
3 0.4495192307692308 0.1201923076923077 0.052884615384615384 0.08653846153846154