0 0.4483173076923077 0.6177884615384616 0.11298076923076923 0.13942307692307693
0 0.20192307692307693 0.46153846153846156 0.036057692307692304 0.04807692307692308
0 0.9735576923076923 0.5264423076923077 0.038461538461538464 0.06009615384615385
0 0.6334134615384616 0.49038461538461536 0.057692307692307696 0.0673076923076923
2 0.4026442307692308 0.31971153846153844 0.038461538461538464 0.04807692307692308
3 0.037259615384615384 0.5432692307692307 0.06971153846153846 0.2091346153846154
3 0.7932692307692307 0.41225961538461536 0.03365384615384615 0.055288461538461536
3 0.4026442307692308 0.38221153846153844 0.03365384615384615 0.057692307692307696
4 0.7980769230769231 0.35697115384615385 0.03365384615384615 0.04807692307692308
3 0.2764423076923077 0.4807692307692308 0.09375 0.019230769230769232
6 0.6334134615384616 0.2283653846153846 0.028846153846153848 0.06490384615384616
0 0.6971153846153846 0.4423076923076923 0.03125 0.038461538461538464
0 0.6466346153846154 0.40625 0.016826923076923076 0.02403846153846154
0 0.7427884615384616 0.41586538461538464 0.021634615384615384 0.028846153846153848