0 0.9495192307692307 0.44591346153846156 0.057692307692307696 0.08173076923076923
3 0.11778846153846154 0.5625 0.04567307692307692 0.08653846153846154
3 0.7307692307692307 0.5901442307692307 0.028846153846153848 0.09134615384615384
3 0.3004807692307692 0.6310096153846154 0.028846153846153848 0.04326923076923077
3 0.3245192307692308 0.6262019230769231 0.014423076923076924 0.038461538461538464
2 0.11177884615384616 0.6526442307692307 0.03365384615384615 0.07692307692307693
2 0.2980769230769231 0.6730769230769231 0.026442307692307692 0.038461538461538464
4 0.7295673076923077 0.6911057692307693 0.028846153846153848 0.08173076923076923
6 0.43990384615384615 0.7403846153846154 0.016826923076923076 0.028846153846153848
0 0.34975961538461536 0.5865384615384616 0.028846153846153848 0.03125
4 0.6141826923076923 0.6706730769230769 0.028846153846153848 0.038461538461538464
1 0.6286057692307693 0.6033653846153846 0.10096153846153846 0.06490384615384616
0 0.6129807692307693 0.6478365384615384 0.02403846153846154 0.03365384615384615
0 0.4206730769230769 0.6129807692307693 0.014423076923076924 0.019230769230769232
0 0.5096153846153846 0.6129807692307693 0.014423076923076924 0.019230769230769232
0 0.8545673076923077 0.6742788461538461 0.014423076923076924 0.019230769230769232
0 0.8197115384615384 0.5877403846153846 0.014423076923076924 0.019230769230769232