0 0.03125 0.33413461538461536 0.052884615384615384 0.13942307692307693
0 0.2980769230769231 0.5396634615384616 0.038461538461538464 0.05048076923076923
0 0.2091346153846154 0.5625 0.021634615384615384 0.03365384615384615
5 0.8173076923076923 0.6430288461538461 0.021634615384615384 0.03125
5 0.9615384615384616 0.6370192307692307 0.028846153846153848 0.0673076923076923
2 0.5216346153846154 0.6682692307692307 0.028846153846153848 0.03365384615384615
3 0.43509615384615385 0.5913461538461539 0.019230769230769232 0.09134615384615384
3 0.5240384615384616 0.6274038461538461 0.03125 0.038461538461538464
3 0.10576923076923077 0.16466346153846154 0.20432692307692307 0.2403846153846154
3 0.9579326923076923 0.5588942307692307 0.03365384615384615 0.07211538461538461
0 0.9170673076923077 0.5649038461538461 0.01201923076923077 0.019230769230769232
0 0.8617788461538461 0.5793269230769231 0.014423076923076924 0.019230769230769232
0 0.13701923076923078 0.5625 0.026442307692307692 0.03365384615384615
0 0.28846153846153844 0.5997596153846154 0.014423076923076924 0.019230769230769232
0 0.20673076923076922 0.6766826923076923 0.014423076923076924 0.019230769230769232
0 0.09975961538461539 0.5793269230769231 0.004807692307692308 0.016826923076923076
2 0.7908653846153846 0.6490384615384616 0.014423076923076924 0.03365384615384615
2 0.4375 0.6899038461538461 0.02403846153846154 0.07932692307692307
3 0.7896634615384616 0.6057692307692307 0.014423076923076924 0.036057692307692304
3 0.8161057692307693 0.6057692307692307 0.021634615384615384 0.038461538461538464