3 0.7307692307692307 0.3629807692307692 0.021634615384615384 0.03365384615384615
3 0.9615384615384616 0.5228365384615384 0.07211538461538461 0.038461538461538464
2 0.3786057692307692 0.2860576923076923 0.019230769230769232 0.07211538461538461
0 0.02403846153846154 0.5637019230769231 0.040865384615384616 0.08653846153846154
0 0.0673076923076923 0.44471153846153844 0.021634615384615384 0.03125
0 0.2127403846153846 0.4338942307692308 0.03365384615384615 0.04326923076923077
3 0.09254807692307693 0.6177884615384616 0.15865384615384615 0.09615384615384616
3 0.08052884615384616 0.3942307692307692 0.014423076923076924 0.019230769230769232
3 0.16346153846153846 0.3786057692307692 0.014423076923076924 0.02403846153846154
3 0.3786057692307692 0.3629807692307692 0.02403846153846154 0.07211538461538461
3 0.859375 0.40024038461538464 0.03125 0.07211538461538461
4 0.7319711538461539 0.3245192307692308 0.026442307692307692 0.028846153846153848
4 0.8605769230769231 0.32572115384615385 0.028846153846153848 0.0673076923076923
0 0.18629807692307693 0.41346153846153844 0.019230769230769232 0.028846153846153848
0 0.6382211538461539 0.3870192307692308 0.02403846153846154 0.02403846153846154