0 0.5901442307692307 0.42788461538461536 0.08173076923076923 0.0673076923076923
0 0.65625 0.46033653846153844 0.05048076923076923 0.03365384615384615
0 0.5084134615384616 0.8677884615384616 0.11298076923076923 0.08173076923076923
0 0.5048076923076923 0.027644230769230768 0.09134615384615384 0.05048076923076923
0 0.6418269230769231 0.3137019230769231 0.052884615384615384 0.040865384615384616
0 0.6442307692307693 0.7355769230769231 0.04326923076923077 0.03365384615384615
0 0.6838942307692307 0.6177884615384616 0.02403846153846154 0.021634615384615384
3 0.7235576923076923 0.44471153846153844 0.028846153846153848 0.021634615384615384
0 0.5901442307692307 0.020432692307692308 0.04567307692307692 0.03125
3 0.7175480769230769 0.6526442307692307 0.028846153846153848 0.021634615384615384
3 0.7079326923076923 0.7259615384615384 0.04567307692307692 0.014423076923076924
4 0.7536057692307693 0.44471153846153844 0.028846153846153848 0.019230769230769232
0 0.6706730769230769 0.265625 0.028846153846153848 0.021634615384615384
0 0.6935096153846154 0.6382211538461539 0.016826923076923076 0.014423076923076924
0 0.6971153846153846 0.6658653846153846 0.019230769230769232 0.014423076923076924
0 0.703125 0.3581730769230769 0.019230769230769232 0.014423076923076924