3 0.65625 0.265625 0.09134615384615384 0.0625
2 0.7536057692307693 0.2668269230769231 0.08653846153846154 0.057692307692307696
3 0.6550480769230769 0.8677884615384616 0.07692307692307693 0.040865384615384616
5 0.7379807692307693 0.8689903846153846 0.0673076923076923 0.040865384615384616
0 0.6033653846153846 0.9050480769230769 0.04326923076923077 0.028846153846153848
0 0.6286057692307693 0.7848557692307693 0.038461538461538464 0.03365384615384615
0 0.609375 0.9543269230769231 0.03125 0.026442307692307692
0 0.7151442307692307 0.9795673076923077 0.019230769230769232 0.01201923076923077
0 0.6490384615384616 0.4050480769230769 0.03125 0.028846153846153848
3 0.6237980769230769 0.3269230769230769 0.019230769230769232 0.036057692307692304
3 0.7067307692307693 0.5817307692307693 0.019230769230769232 0.014423076923076924
5 0.7307692307692307 0.5805288461538461 0.019230769230769232 0.014423076923076924