0 0.030048076923076924 0.3317307692307692 0.052884615384615384 0.14423076923076922
5 0.9615384615384616 0.6370192307692307 0.03125 0.0673076923076923
5 0.8185096153846154 0.6442307692307693 0.02403846153846154 0.03365384615384615
2 0.5240384615384616 0.6682692307692307 0.03125 0.038461538461538464
3 0.43509615384615385 0.5901442307692307 0.019230769230769232 0.09134615384615384
3 0.5240384615384616 0.625 0.026442307692307692 0.038461538461538464
3 0.8173076923076923 0.6033653846153846 0.021634615384615384 0.03125
3 0.9603365384615384 0.5576923076923077 0.03365384615384615 0.06490384615384616
0 0.2091346153846154 0.5600961538461539 0.02403846153846154 0.03365384615384615
0 0.2980769230769231 0.5396634615384616 0.038461538461538464 0.04567307692307692
2 0.43990384615384615 0.6935096153846154 0.03365384615384615 0.09615384615384616
0 0.13581730769230768 0.5564903846153846 0.01201923076923077 0.028846153846153848
0 0.28846153846153844 0.5997596153846154 0.014423076923076924 0.019230769230769232
0 0.20432692307692307 0.6742788461538461 0.014423076923076924 0.019230769230769232
3 0.10576923076923077 0.1622596153846154 0.20673076923076922 0.2403846153846154