0 0.8774038461538461 0.7956730769230769 0.14182692307692307 0.20432692307692307
0 0.15504807692307693 0.6105769230769231 0.07932692307692307 0.11298076923076923
0 0.43990384615384615 0.45913461538461536 0.04807692307692308 0.057692307692307696
0 0.6706730769230769 0.44350961538461536 0.03365384615384615 0.04326923076923077
0 0.8894230769230769 0.46875 0.03125 0.04326923076923077
0 0.10336538461538461 0.49158653846153844 0.028846153846153848 0.04567307692307692
0 0.2536057692307692 0.45552884615384615 0.03365384615384615 0.04807692307692308
0 0.3293269230769231 0.42788461538461536 0.028846153846153848 0.03365384615384615
0 0.49158653846153844 0.4026442307692308 0.019230769230769232 0.028846153846153848
0 0.6490384615384616 0.40625 0.019230769230769232 0.02403846153846154
0 0.6262019230769231 0.39302884615384615 0.014423076923076924 0.019230769230769232
0 0.47475961538461536 0.3076923076923077 0.01201923076923077 0.014423076923076924
0 0.03365384615384615 0.4567307692307692 0.016826923076923076 0.02403846153846154
0 0.2668269230769231 0.39783653846153844 0.01201923076923077 0.016826923076923076
3 0.8413461538461539 0.484375 0.0673076923076923 0.028846153846153848
0 0.43028846153846156 0.3942307692307692 0.009615384615384616 0.019230769230769232
3 0.13701923076923078 0.5336538461538461 0.10336538461538461 0.038461538461538464