0 0.8317307692307693 0.27283653846153844 0.2644230769230769 0.21153846153846154
0 0.47836538461538464 0.12379807692307693 0.06490384615384616 0.04326923076923077
0 0.5024038461538461 0.44591346153846156 0.09615384615384616 0.06971153846153846
0 0.4567307692307692 0.49038461538461536 0.07211538461538461 0.057692307692307696
0 0.5456730769230769 0.7427884615384616 0.1201923076923077 0.07692307692307693
0 0.3858173076923077 0.5925480769230769 0.019230769230769232 0.019230769230769232
0 0.375 0.47836538461538464 0.019230769230769232 0.016826923076923076
0 0.3762019230769231 0.4519230769230769 0.019230769230769232 0.014423076923076924
4 0.31971153846153844 0.5997596153846154 0.03125 0.026442307692307692
3 0.3545673076923077 0.5997596153846154 0.03365384615384615 0.026442307692307692
0 0.4423076923076923 0.8245192307692307 0.04326923076923077 0.036057692307692304