3 0.7512019230769231 0.5865384615384616 0.08413461538461539 0.028846153846153848
3 0.21995192307692307 0.6790865384615384 0.019230769230769232 0.02403846153846154
3 0.5204326923076923 0.6923076923076923 0.01201923076923077 0.03365384615384615
0 0.078125 0.7896634615384616 0.03365384615384615 0.04326923076923077
0 0.6526442307692307 0.6370192307692307 0.036057692307692304 0.03365384615384615
0 0.7956730769230769 0.6177884615384616 0.036057692307692304 0.04326923076923077
0 0.5733173076923077 0.6610576923076923 0.02403846153846154 0.03125
0 0.05889423076923077 0.5600961538461539 0.04326923076923077 0.057692307692307696
0 0.3786057692307692 0.6646634615384616 0.021634615384615384 0.02403846153846154
0 0.4074519230769231 0.6802884615384616 0.014423076923076924 0.014423076923076924
0 0.7307692307692307 0.6646634615384616 0.019230769230769232 0.019230769230769232
2 0.21754807692307693 0.7115384615384616 0.019230769230769232 0.028846153846153848
6 0.3473557692307692 0.7584134615384616 0.014423076923076924 0.019230769230769232
0 0.6466346153846154 0.6574519230769231 0.02403846153846154 0.028846153846153848
0 0.7632211538461539 0.6682692307692307 0.014423076923076924 0.019230769230769232
4 0.5228365384615384 0.7379807692307693 0.014423076923076924 0.03365384615384615