0 0.12259615384615384 0.7956730769230769 0.14182692307692307 0.20432692307692307
0 0.8449519230769231 0.6105769230769231 0.07932692307692307 0.11298076923076923
0 0.5600961538461539 0.45913461538461536 0.04807692307692308 0.057692307692307696
0 0.3293269230769231 0.44350961538461536 0.03365384615384615 0.04326923076923077
0 0.11057692307692307 0.46875 0.03125 0.04326923076923077
0 0.8966346153846154 0.49158653846153844 0.028846153846153848 0.04567307692307692
0 0.7463942307692307 0.45552884615384615 0.03365384615384615 0.04807692307692308
0 0.6706730769230769 0.42788461538461536 0.028846153846153848 0.03365384615384615
0 0.5084134615384616 0.4026442307692308 0.019230769230769232 0.028846153846153848
0 0.35096153846153844 0.40625 0.019230769230769232 0.02403846153846154
0 0.3737980769230769 0.39302884615384615 0.014423076923076924 0.019230769230769232
0 0.5252403846153846 0.3076923076923077 0.01201923076923077 0.014423076923076924
0 0.9663461538461539 0.4567307692307692 0.016826923076923076 0.02403846153846154
0 0.7331730769230769 0.39783653846153844 0.01201923076923077 0.016826923076923076
3 0.15865384615384615 0.484375 0.0673076923076923 0.028846153846153848
0 0.5697115384615384 0.3942307692307692 0.009615384615384616 0.019230769230769232
3 0.8629807692307693 0.5336538461538461 0.10336538461538461 0.038461538461538464