6 0.2800480769230769 0.359375 0.02403846153846154 0.014423076923076924
2 0.3449519230769231 0.22235576923076922 0.03365384615384615 0.02403846153846154
3 0.3858173076923077 0.22355769230769232 0.038461538461538464 0.02403846153846154
0 0.4963942307692308 0.8052884615384616 0.06490384615384616 0.052884615384615384
0 0.47115384615384615 0.9242788461538461 0.028846153846153848 0.026442307692307692
3 0.39903846153846156 0.6177884615384616 0.07211538461538461 0.016826923076923076
3 0.4495192307692308 0.08173076923076923 0.07451923076923077 0.03365384615384615
2 0.36658653846153844 0.07451923076923077 0.07932692307692307 0.028846153846153848
4 0.33533653846153844 0.515625 0.038461538461538464 0.028846153846153848
3 0.375 0.5144230769230769 0.038461538461538464 0.028846153846153848
4 0.32091346153846156 0.6153846153846154 0.07211538461538461 0.019230769230769232