0 0.9675480769230769 0.27163461538461536 0.0625 0.15384615384615385
0 0.9519230769230769 0.4963942307692308 0.028846153846153848 0.038461538461538464
0 0.7908653846153846 0.5673076923076923 0.014423076923076924 0.019230769230769232
3 0.6887019230769231 0.6021634615384616 0.040865384615384616 0.052884615384615384
0 0.5240384615384616 0.6033653846153846 0.014423076923076924 0.019230769230769232
0 0.4411057692307692 0.5913461538461539 0.019230769230769232 0.019230769230769232
3 0.29447115384615385 0.6081730769230769 0.04326923076923077 0.057692307692307696
3 0.21995192307692307 0.5144230769230769 0.06971153846153846 0.019230769230769232
2 0.29447115384615385 0.6730769230769231 0.04567307692307692 0.0625
4 0.6887019230769231 0.6598557692307693 0.040865384615384616 0.052884615384615384
0 0.03485576923076923 0.5084134615384616 0.03365384615384615 0.052884615384615384
0 0.15985576923076922 0.5637019230769231 0.02403846153846154 0.028846153846153848
0 0.1814903846153846 0.5709134615384616 0.021634615384615384 0.028846153846153848
3 0.5384615384615384 0.6370192307692307 0.014423076923076924 0.019230769230769232
3 0.39302884615384615 0.6370192307692307 0.014423076923076924 0.019230769230769232
0 0.9459134615384616 0.5276442307692307 0.019230769230769232 0.019230769230769232
6 0.5300480769230769 0.7776442307692307 0.03365384615384615 0.06009615384615385
5 0.5384615384615384 0.65625 0.014423076923076924 0.019230769230769232
2 0.3942307692307692 0.65625 0.01201923076923077 0.019230769230769232
0 0.030048076923076924 0.546875 0.019230769230769232 0.02403846153846154