0 0.703125 0.6189903846153846 0.04326923076923077 0.052884615384615384
3 0.09735576923076923 0.6346153846153846 0.05048076923076923 0.11538461538461539
0 0.25841346153846156 0.6298076923076923 0.04326923076923077 0.04807692307692308
0 0.49399038461538464 0.6442307692307693 0.028846153846153848 0.04326923076923077
1 0.46875 0.703125 0.0673076923076923 0.06009615384615385
4 0.09735576923076923 0.7536057692307693 0.04326923076923077 0.10576923076923077
3 0.8978365384615384 0.5564903846153846 0.0889423076923077 0.03365384615384615
3 0.15745192307692307 0.6274038461538461 0.057692307692307696 0.10576923076923077
0 0.41346153846153844 0.6706730769230769 0.021634615384615384 0.028846153846153848
0 0.7019230769230769 0.6646634615384616 0.02403846153846154 0.02403846153846154
0 0.6370192307692307 0.6862980769230769 0.014423076923076924 0.019230769230769232
0 0.5913461538461539 0.6995192307692307 0.009615384615384616 0.014423076923076924
2 0.15264423076923078 0.7451923076923077 0.052884615384615384 0.11538461538461539