0 0.5829326923076923 0.09375 0.13701923076923078 0.09375
0 0.3786057692307692 0.42908653846153844 0.057692307692307696 0.04807692307692308
0 0.36177884615384615 0.2932692307692308 0.038461538461538464 0.028846153846153848
0 0.37259615384615385 0.6790865384615384 0.04567307692307692 0.038461538461538464
3 0.35697115384615385 0.5084134615384616 0.12740384615384615 0.0673076923076923
0 0.35096153846153844 0.765625 0.028846153846153848 0.02403846153846154
0 0.35096153846153844 0.6983173076923077 0.03125 0.02403846153846154
3 0.37740384615384615 0.7379807692307693 0.019230769230769232 0.057692307692307696
0 0.23798076923076922 0.8064903846153846 0.019230769230769232 0.014423076923076924
0 0.36778846153846156 0.9122596153846154 0.02403846153846154 0.019230769230769232
0 0.3581730769230769 0.45913461538461536 0.04567307692307692 0.019230769230769232
0 0.3425480769230769 0.31971153846153844 0.03125 0.02403846153846154
4 0.22235576923076922 0.5120192307692307 0.12259615384615384 0.06971153846153846
0 0.3401442307692308 0.7824519230769231 0.02403846153846154 0.016826923076923076
0 0.34375 0.8786057692307693 0.019230769230769232 0.01201923076923077