0 0.29927884615384615 0.6370192307692307 0.21634615384615385 0.1466346153846154
0 0.5048076923076923 0.7391826923076923 0.07211538461538461 0.05048076923076923
0 0.5060096153846154 0.2620192307692308 0.07211538461538461 0.055288461538461536
4 0.6454326923076923 0.014423076923076924 0.10096153846153846 0.021634615384615384
0 0.5564903846153846 0.9399038461538461 0.03365384615384615 0.021634615384615384
3 0.5348557692307693 0.021634615384615384 0.09615384615384616 0.038461538461538464
0 0.5817307692307693 0.32211538461538464 0.028846153846153848 0.028846153846153848
3 0.4254807692307692 0.7463942307692307 0.0625 0.14423076923076922
0 0.515625 0.9867788461538461 0.04567307692307692 0.021634615384615384
0 0.5793269230769231 0.8846153846153846 0.028846153846153848 0.016826923076923076
1 0.6201923076923077 0.23317307692307693 0.03125 0.05048076923076923
0 0.5913461538461539 0.3016826923076923 0.019230769230769232 0.014423076923076924
0 0.6117788461538461 0.3629807692307692 0.019230769230769232 0.016826923076923076