0 0.6634615384615384 0.5817307692307693 0.02403846153846154 0.03365384615384615
0 0.07091346153846154 0.4495192307692308 0.0625 0.08173076923076923
3 0.28725961538461536 0.5853365384615384 0.028846153846153848 0.09134615384615384
3 0.8942307692307693 0.5564903846153846 0.04567307692307692 0.08653846153846154
4 0.40024038461538464 0.6742788461538461 0.03365384615384615 0.03125
4 0.28966346153846156 0.6862980769230769 0.026442307692307692 0.07692307692307693
0 0.59375 0.609375 0.014423076923076924 0.019230769230769232
3 0.7139423076923077 0.6286057692307693 0.028846153846153848 0.038461538461538464
2 0.9002403846153846 0.6478365384615384 0.036057692307692304 0.07451923076923077
2 0.7151442307692307 0.6682692307692307 0.02403846153846154 0.038461538461538464
3 0.6899038461538461 0.6213942307692307 0.014423076923076924 0.04326923076923077
1 0.3870192307692308 0.6129807692307693 0.11057692307692307 0.07932692307692307
0 0.19471153846153846 0.5877403846153846 0.014423076923076924 0.019230769230769232
0 0.5060096153846154 0.6117788461538461 0.01201923076923077 0.019230769230769232
6 0.5745192307692307 0.7451923076923077 0.016826923076923076 0.038461538461538464
0 0.4050480769230769 0.6442307692307693 0.028846153846153848 0.03365384615384615