0 0.5528846153846154 0.8064903846153846 0.12980769230769232 0.0985576923076923
0 0.3713942307692308 0.7632211538461539 0.04326923076923077 0.028846153846153848
0 0.13701923076923078 0.9639423076923077 0.057692307692307696 0.04807692307692308
0 0.32572115384615385 0.6466346153846154 0.028846153846153848 0.021634615384615384
0 0.31971153846153844 0.5889423076923077 0.02403846153846154 0.019230769230769232
3 0.40024038461538464 0.15865384615384615 0.019230769230769232 0.07211538461538461
0 0.34975961538461536 0.27524038461538464 0.038461538461538464 0.026442307692307692
0 0.37259615384615385 0.2247596153846154 0.05048076923076923 0.03365384615384615
3 0.3401442307692308 0.6081730769230769 0.014423076923076924 0.04326923076923077
0 0.29447115384615385 0.4807692307692308 0.019230769230769232 0.014423076923076924
0 0.33533653846153844 0.2439903846153846 0.02403846153846154 0.019230769230769232
3 0.2848557692307692 0.3317307692307692 0.02403846153846154 0.019230769230769232
5 0.25721153846153844 0.3317307692307692 0.02403846153846154 0.019230769230769232