0 0.06129807692307692 0.7427884615384616 0.11298076923076923 0.19230769230769232
0 0.4206730769230769 0.5072115384615384 0.0673076923076923 0.08173076923076923
0 0.06610576923076923 0.5889423076923077 0.07692307692307693 0.09615384615384616
0 0.3737980769230769 0.4543269230769231 0.04326923076923077 0.052884615384615384
3 0.4651442307692308 0.4807692307692308 0.08653846153846154 0.03125
0 0.703125 0.39302884615384615 0.014423076923076924 0.019230769230769232
3 0.7776442307692307 0.3786057692307692 0.019230769230769232 0.021634615384615384
0 0.41466346153846156 0.4074519230769231 0.028846153846153848 0.03365384615384615
3 0.8653846153846154 0.4014423076923077 0.014423076923076924 0.038461538461538464
4 0.7776442307692307 0.34615384615384615 0.019230769230769232 0.026442307692307692
3 0.0625 0.4098557692307692 0.01201923076923077 0.019230769230769232
2 0.06370192307692307 0.38461538461538464 0.014423076923076924 0.014423076923076924