0 0.4675480769230769 0.20673076923076922 0.04807692307692308 0.03365384615384615
0 0.4735576923076923 0.40384615384615385 0.07211538461538461 0.057692307692307696
0 0.6911057692307693 0.04807692307692308 0.14423076923076922 0.08653846153846154
0 0.5168269230769231 0.04447115384615385 0.052884615384615384 0.038461538461538464
0 0.4098557692307692 0.2403846153846154 0.016826923076923076 0.01201923076923077
0 0.4326923076923077 0.2920673076923077 0.038461538461538464 0.028846153846153848
0 0.39903846153846156 0.4699519230769231 0.03125 0.016826923076923076
0 0.3004807692307692 0.453125 0.019230769230769232 0.01201923076923077
0 0.3870192307692308 0.6153846153846154 0.019230769230769232 0.014423076923076924
0 0.44591346153846156 0.6670673076923077 0.04326923076923077 0.038461538461538464
0 0.4050480769230769 0.6394230769230769 0.03125 0.019230769230769232
0 0.47596153846153844 0.9098557692307693 0.052884615384615384 0.03365384615384615
3 0.4951923076923077 0.8581730769230769 0.028846153846153848 0.0625
3 0.5612980769230769 0.07211538461538461 0.052884615384615384 0.10096153846153846
0 0.390625 0.27403846153846156 0.019230769230769232 0.014423076923076924
0 0.3894230769230769 0.40865384615384615 0.019230769230769232 0.014423076923076924