0 0.7175480769230769 0.640625 0.03125 0.03365384615384615
3 0.5841346153846154 0.6370192307692307 0.055288461538461536 0.016826923076923076
0 0.5024038461538461 0.6286057692307693 0.036057692307692304 0.05048076923076923
0 0.41225961538461536 0.6430288461538461 0.03125 0.03365384615384615
0 0.4495192307692308 0.7932692307692307 0.02403846153846154 0.02403846153846154
0 0.3425480769230769 0.6598557692307693 0.019230769230769232 0.02403846153846154
0 0.23918269230769232 0.6574519230769231 0.014423076923076924 0.019230769230769232
0 0.19831730769230768 0.6502403846153846 0.01201923076923077 0.019230769230769232
0 0.039663461538461536 0.8461538461538461 0.055288461538461536 0.057692307692307696
0 0.04927884615384615 0.140625 0.0985576923076923 0.23798076923076922
3 0.16706730769230768 0.6682692307692307 0.014423076923076924 0.028846153846153848