3 0.9038461538461539 0.5913461538461539 0.03365384615384615 0.07451923076923077
3 0.7512019230769231 0.6358173076923077 0.02403846153846154 0.038461538461538464
4 0.7536057692307693 0.6754807692307693 0.021634615384615384 0.03365384615384615
0 0.03485576923076923 0.5432692307692307 0.016826923076923076 0.03365384615384615
0 0.18028846153846154 0.5540865384615384 0.036057692307692304 0.04326923076923077
0 0.6526442307692307 0.609375 0.021634615384615384 0.02403846153846154
3 0.3605769230769231 0.6334134615384616 0.026442307692307692 0.08173076923076923
2 0.3605769230769231 0.7223557692307693 0.026442307692307692 0.08173076923076923
6 0.6346153846153846 0.7536057692307693 0.019230769230769232 0.03365384615384615
1 0.4423076923076923 0.6286057692307693 0.0673076923076923 0.0673076923076923
0 0.24879807692307693 0.6129807692307693 0.009615384615384616 0.014423076923076924
0 0.7872596153846154 0.6105769230769231 0.014423076923076924 0.021634615384615384
4 0.9074519230769231 0.6682692307692307 0.028846153846153848 0.07211538461538461
3 0.15264423076923078 0.6213942307692307 0.014423076923076924 0.028846153846153848
3 0.06850961538461539 0.6021634615384616 0.01201923076923077 0.019230769230769232
0 0.1658653846153846 0.5829326923076923 0.016826923076923076 0.028846153846153848
0 0.22115384615384615 0.6153846153846154 0.014423076923076924 0.014423076923076924
0 0.18629807692307693 0.6057692307692307 0.01201923076923077 0.016826923076923076