3 0.41346153846153844 0.7512019230769231 0.028846153846153848 0.08413461538461539
3 0.32091346153846156 0.21995192307692307 0.02403846153846154 0.019230769230769232
3 0.3076923076923077 0.5204326923076923 0.03365384615384615 0.01201923076923077
0 0.21033653846153846 0.078125 0.04326923076923077 0.03365384615384615
0 0.3629807692307692 0.6526442307692307 0.03365384615384615 0.036057692307692304
0 0.38221153846153844 0.7956730769230769 0.04326923076923077 0.036057692307692304
0 0.3389423076923077 0.5733173076923077 0.03125 0.02403846153846154
0 0.43990384615384615 0.05889423076923077 0.057692307692307696 0.04326923076923077
0 0.33533653846153844 0.3786057692307692 0.02403846153846154 0.021634615384615384
0 0.31971153846153844 0.4074519230769231 0.014423076923076924 0.014423076923076924
0 0.33533653846153844 0.7307692307692307 0.019230769230769232 0.019230769230769232
2 0.28846153846153844 0.21754807692307693 0.028846153846153848 0.019230769230769232
6 0.24158653846153846 0.3473557692307692 0.019230769230769232 0.014423076923076924
0 0.3425480769230769 0.6466346153846154 0.028846153846153848 0.02403846153846154
0 0.3317307692307692 0.7632211538461539 0.019230769230769232 0.014423076923076924
4 0.2620192307692308 0.5228365384615384 0.03365384615384615 0.014423076923076924