1 0.07091346153846154 0.31490384615384615 0.13221153846153846 0.4543269230769231
0 0.39903846153846156 0.5757211538461539 0.036057692307692304 0.04807692307692308
0 0.4483173076923077 0.5889423076923077 0.03365384615384615 0.038461538461538464
0 0.5168269230769231 0.5901442307692307 0.03125 0.038461538461538464
0 0.6418269230769231 0.8269230769230769 0.04807692307692308 0.05048076923076923
0 0.8413461538461539 0.5408653846153846 0.038461538461538464 0.052884615384615384
1 0.2127403846153846 0.6177884615384616 0.057692307692307696 0.057692307692307696
3 0.2247596153846154 0.5324519230769231 0.07692307692307693 0.02403846153846154
0 0.9795673076923077 0.5396634615384616 0.021634615384615384 0.038461538461538464
0 0.8052884615384616 0.5925480769230769 0.02403846153846154 0.03125
0 0.4855769230769231 0.6141826923076923 0.021634615384615384 0.03365384615384615