0 0.6021634615384616 0.1346153846153846 0.04567307692307692 0.038461538461538464
0 0.5925480769230769 0.39903846153846156 0.0673076923076923 0.052884615384615384
0 0.6598557692307693 0.7199519230769231 0.019230769230769232 0.014423076923076924
0 0.6514423076923077 0.7632211538461539 0.019230769230769232 0.014423076923076924
0 0.5709134615384616 0.9495192307692307 0.052884615384615384 0.03125
3 0.6658653846153846 0.7956730769230769 0.028846153846153848 0.014423076923076924
0 0.6225961538461539 0.5252403846153846 0.04567307692307692 0.04326923076923077
0 0.65625 0.6057692307692307 0.028846153846153848 0.02403846153846154
2 0.7067307692307693 0.7980769230769231 0.019230769230769232 0.014423076923076924
0 0.8149038461538461 0.47836538461538464 0.028846153846153848 0.028846153846153848
3 0.6598557692307693 0.8605769230769231 0.019230769230769232 0.014423076923076924