0 0.5024038461538461 0.40865384615384615 0.03365384615384615 0.038461538461538464
4 0.055288461538461536 0.3245192307692308 0.04326923076923077 0.07451923076923077
4 0.7764423076923077 0.2764423076923077 0.09134615384615384 0.13701923076923078
3 0.7740384615384616 0.421875 0.09134615384615384 0.13942307692307693
0 0.703125 0.4326923076923077 0.028846153846153848 0.04807692307692308
0 0.31490384615384615 0.4182692307692308 0.036057692307692304 0.04326923076923077
1 0.13822115384615385 0.4723557692307692 0.2668269230769231 0.22115384615384615
0 0.8497596153846154 0.42908653846153844 0.02403846153846154 0.03365384615384615
0 0.4579326923076923 0.36778846153846156 0.01201923076923077 0.019230769230769232
0 0.5336538461538461 0.38461538461538464 0.028846153846153848 0.03125
3 0.3798076923076923 0.3485576923076923 0.014423076923076924 0.03125