0 0.46033653846153844 0.021634615384615384 0.03365384615384615 0.021634615384615384
0 0.4567307692307692 0.16346153846153846 0.04807692307692308 0.036057692307692304
0 0.40625 0.19831730769230768 0.02403846153846154 0.019230769230769232
0 0.17307692307692307 0.3629807692307692 0.05048076923076923 0.04807692307692308
0 0.3858173076923077 0.5180288461538461 0.028846153846153848 0.02403846153846154
0 0.40865384615384615 0.48677884615384615 0.038461538461538464 0.028846153846153848
0 0.41225961538461536 0.5552884615384616 0.04326923076923077 0.036057692307692304
0 0.4254807692307692 0.6057692307692307 0.04567307692307692 0.036057692307692304
0 0.375 0.5901442307692307 0.019230769230769232 0.016826923076923076
3 0.46634615384615385 0.7800480769230769 0.019230769230769232 0.07692307692307693
0 0.44350961538461536 0.009615384615384616 0.021634615384615384 0.014423076923076924
0 0.3713942307692308 0.6129807692307693 0.019230769230769232 0.014423076923076924
0 0.3713942307692308 0.5384615384615384 0.019230769230769232 0.019230769230769232
0 0.3798076923076923 0.7199519230769231 0.019230769230769232 0.014423076923076924