3 0.6189903846153846 0.703125 0.038461538461538464 0.052884615384615384
3 0.8305288461538461 0.6310096153846154 0.0625 0.14903846153846154
2 0.8329326923076923 0.78125 0.057692307692307696 0.12980769230769232
2 0.6189903846153846 0.7572115384615384 0.036057692307692304 0.04807692307692308
3 0.26802884615384615 0.6971153846153846 0.03365384615384615 0.04807692307692308
5 0.2668269230769231 0.7475961538461539 0.03125 0.04326923076923077
0 0.9783653846153846 0.4338942307692308 0.036057692307692304 0.11057692307692307
0 0.5516826923076923 0.6887019230769231 0.019230769230769232 0.02403846153846154
0 0.22596153846153846 0.6610576923076923 0.019230769230769232 0.028846153846153848
0 0.30408653846153844 0.6754807692307693 0.019230769230769232 0.02403846153846154
0 0.1622596153846154 0.65625 0.014423076923076924 0.019230769230769232
0 0.037259615384615384 0.6334134615384616 0.014423076923076924 0.019230769230769232
0 0.14423076923076922 0.6730769230769231 0.01201923076923077 0.016826923076923076