0 0.27884615384615385 0.13942307692307693 0.1875 0.11538461538461539
0 0.41346153846153844 0.8341346153846154 0.10576923076923077 0.08653846153846154
0 0.5324519230769231 0.8870192307692307 0.03365384615384615 0.026442307692307692
2 0.6947115384615384 0.03485576923076923 0.14423076923076922 0.0625
2 0.6682692307692307 0.2980769230769231 0.05048076923076923 0.03365384615384615
3 0.6105769230769231 0.3004807692307692 0.05048076923076923 0.038461538461538464
3 0.609375 0.6538461538461539 0.04807692307692308 0.036057692307692304
4 0.6598557692307693 0.6574519230769231 0.04326923076923077 0.028846153846153848
3 0.515625 0.05048076923076923 0.20192307692307693 0.0889423076923077
3 0.5324519230769231 0.24519230769230768 0.019230769230769232 0.0673076923076923
0 0.5961538461538461 0.43149038461538464 0.02403846153846154 0.021634615384615384
0 0.6069711538461539 0.5072115384615384 0.019230769230769232 0.016826923076923076
0 0.5685096153846154 0.1778846153846154 0.02403846153846154 0.02403846153846154
0 0.5829326923076923 0.7536057692307693 0.019230769230769232 0.014423076923076924
2 0.6526442307692307 0.38221153846153844 0.019230769230769232 0.014423076923076924
6 0.7572115384615384 0.5084134615384616 0.057692307692307696 0.03365384615384615