0 0.5396634615384616 0.9783653846153846 0.03365384615384615 0.021634615384615384
0 0.5432692307692307 0.8365384615384616 0.04807692307692308 0.036057692307692304
0 0.59375 0.8016826923076923 0.02403846153846154 0.019230769230769232
0 0.8269230769230769 0.6370192307692307 0.05048076923076923 0.04807692307692308
0 0.6141826923076923 0.48197115384615385 0.028846153846153848 0.02403846153846154
0 0.5913461538461539 0.5132211538461539 0.038461538461538464 0.028846153846153848
0 0.5877403846153846 0.44471153846153844 0.04326923076923077 0.036057692307692304
0 0.5745192307692307 0.3942307692307692 0.04567307692307692 0.036057692307692304
0 0.625 0.4098557692307692 0.019230769230769232 0.016826923076923076
3 0.5336538461538461 0.21995192307692307 0.019230769230769232 0.07692307692307693
0 0.5564903846153846 0.9903846153846154 0.021634615384615384 0.014423076923076924
0 0.6286057692307693 0.3870192307692308 0.019230769230769232 0.014423076923076924
0 0.6286057692307693 0.46153846153846156 0.019230769230769232 0.019230769230769232
0 0.6201923076923077 0.2800480769230769 0.019230769230769232 0.014423076923076924