0 0.296875 0.5588942307692307 0.08173076923076923 0.10576923076923077
0 0.8185096153846154 0.4411057692307692 0.028846153846153848 0.038461538461538464
0 0.6490384615384616 0.38341346153846156 0.014423076923076924 0.016826923076923076
0 0.45913461538461536 0.41466346153846156 0.036057692307692304 0.038461538461538464
0 0.2824519230769231 0.41466346153846156 0.028846153846153848 0.038461538461538464
0 0.4963942307692308 0.38100961538461536 0.014423076923076924 0.019230769230769232
3 0.055288461538461536 0.5396634615384616 0.08653846153846154 0.04326923076923077
3 0.46153846153846156 0.3557692307692308 0.02403846153846154 0.03125
3 0.65625 0.3629807692307692 0.02403846153846154 0.03365384615384615
2 0.46274038461538464 0.32211538461538464 0.019230769230769232 0.03125
4 0.65625 0.3293269230769231 0.021634615384615384 0.028846153846153848
0 0.3870192307692308 0.38341346153846156 0.014423076923076924 0.019230769230769232
3 0.328125 0.375 0.021634615384615384 0.04567307692307692
3 0.7115384615384616 0.375 0.014423076923076924 0.052884615384615384
6 0.5288461538461539 0.28725961538461536 0.019230769230769232 0.03365384615384615
2 0.3233173076923077 0.31850961538461536 0.014423076923076924 0.04567307692307692
0 0.5360576923076923 0.3701923076923077 0.014423076923076924 0.019230769230769232
0 0.03485576923076923 0.4567307692307692 0.02403846153846154 0.03365384615384615