3 0.6754807692307693 0.8798076923076923 0.07211538461538461 0.038461538461538464
0 0.5721153846153846 0.4411057692307692 0.09615384615384616 0.07692307692307693
0 0.6838942307692307 0.5168269230769231 0.03365384615384615 0.026442307692307692
0 0.6838942307692307 0.6502403846153846 0.028846153846153848 0.019230769230769232
0 0.6634615384615384 0.8052884615384616 0.03125 0.02403846153846154
3 0.7151442307692307 0.3112980769230769 0.07451923076923077 0.055288461538461536
3 0.6995192307692307 0.3581730769230769 0.08173076923076923 0.019230769230769232
4 0.7475961538461539 0.8810096153846154 0.0625 0.03365384615384615
0 0.6682692307692307 0.27524038461538464 0.03125 0.028846153846153848
4 0.7824519230769231 0.35336538461538464 0.06490384615384616 0.019230769230769232
2 0.7415865384615384 0.8497596153846154 0.052884615384615384 0.014423076923076924
0 0.6923076923076923 0.7055288461538461 0.02403846153846154 0.016826923076923076
0 0.7019230769230769 0.6322115384615384 0.028846153846153848 0.016826923076923076
2 0.7944711538461539 0.30649038461538464 0.07692307692307693 0.052884615384615384