0 0.44471153846153844 0.2644230769230769 0.11057692307692307 0.08173076923076923
0 0.5432692307692307 0.3713942307692308 0.057692307692307696 0.04807692307692308
0 0.5889423076923077 0.5540865384615384 0.03365384615384615 0.026442307692307692
0 0.6057692307692307 0.6778846153846154 0.019230769230769232 0.014423076923076924
0 0.5216346153846154 0.8653846153846154 0.052884615384615384 0.036057692307692304
3 0.4831730769230769 0.0985576923076923 0.3004807692307692 0.16826923076923078
0 0.5420673076923077 0.9615384615384616 0.019230769230769232 0.01201923076923077
0 0.5252403846153846 0.9483173076923077 0.038461538461538464 0.021634615384615384
0 0.5973557692307693 0.7536057692307693 0.019230769230769232 0.014423076923076924
0 0.6454326923076923 0.8028846153846154 0.028846153846153848 0.026442307692307692
0 0.59375 0.25 0.016826923076923076 0.014423076923076924
1 0.5901442307692307 0.8004807692307693 0.07932692307692307 0.07932692307692307