0 0.5336538461538461 0.6177884615384616 0.052884615384615384 0.06490384615384616
3 0.16706730769230768 0.6838942307692307 0.038461538461538464 0.06009615384615385
2 0.6478365384615384 0.78125 0.04326923076923077 0.057692307692307696
4 0.16706730769230768 0.7475961538461539 0.038461538461538464 0.052884615384615384
0 0.47475961538461536 0.6850961538461539 0.019230769230769232 0.02403846153846154
3 0.6466346153846154 0.7151442307692307 0.04326923076923077 0.0625
6 0.33052884615384615 0.9314903846153846 0.04326923076923077 0.07211538461538461
1 0.3641826923076923 0.7163461538461539 0.0625 0.04326923076923077
3 0.6045673076923077 0.7079326923076923 0.014423076923076924 0.0625
0 0.2247596153846154 0.6670673076923077 0.016826923076923076 0.019230769230769232
0 0.3004807692307692 0.6935096153846154 0.014423076923076924 0.019230769230769232
0 0.6826923076923077 0.6754807692307693 0.021634615384615384 0.028846153846153848
0 0.4579326923076923 0.7115384615384616 0.01201923076923077 0.014423076923076924
0 0.4963942307692308 0.703125 0.014423076923076924 0.019230769230769232
0 0.4254807692307692 0.7151442307692307 0.009615384615384616 0.009615384615384616