3 0.8798076923076923 0.3245192307692308 0.038461538461538464 0.07211538461538461
0 0.4411057692307692 0.42788461538461536 0.07692307692307693 0.09615384615384616
0 0.5168269230769231 0.3161057692307692 0.026442307692307692 0.03365384615384615
0 0.6502403846153846 0.3161057692307692 0.019230769230769232 0.028846153846153848
0 0.8052884615384616 0.33653846153846156 0.02403846153846154 0.03125
3 0.3112980769230769 0.2848557692307692 0.055288461538461536 0.07451923076923077
3 0.3581730769230769 0.3004807692307692 0.019230769230769232 0.08173076923076923
4 0.8810096153846154 0.25240384615384615 0.03365384615384615 0.0625
0 0.27524038461538464 0.3317307692307692 0.028846153846153848 0.03125
4 0.35336538461538464 0.21754807692307693 0.021634615384615384 0.06490384615384616
2 0.8497596153846154 0.25841346153846156 0.014423076923076924 0.052884615384615384
0 0.7055288461538461 0.3076923076923077 0.016826923076923076 0.02403846153846154
0 0.6322115384615384 0.2980769230769231 0.016826923076923076 0.028846153846153848
2 0.30649038461538464 0.20552884615384615 0.052884615384615384 0.07692307692307693