0 0.10817307692307693 0.5504807692307693 0.10576923076923077 0.125
3 0.8377403846153846 0.4735576923076923 0.09375 0.04326923076923077
3 0.65625 0.30528846153846156 0.014423076923076924 0.03365384615384615
3 0.7331730769230769 0.3125 0.01201923076923077 0.019230769230769232
2 0.65625 0.2692307692307692 0.014423076923076924 0.028846153846153848
0 0.0889423076923077 0.4014423076923077 0.038461538461538464 0.04326923076923077
0 0.23918269230769232 0.35096153846153844 0.03125 0.03125
0 0.30528846153846156 0.33653846153846156 0.021634615384615384 0.02403846153846154
0 0.4951923076923077 0.32211538461538464 0.021634615384615384 0.02403846153846154
0 0.6262019230769231 0.31850961538461536 0.016826923076923076 0.02403846153846154
0 0.7331730769230769 0.35096153846153844 0.021634615384615384 0.028846153846153848
0 0.7752403846153846 0.3473557692307692 0.016826923076923076 0.021634615384615384
0 0.9122596153846154 0.2548076923076923 0.021634615384615384 0.03125
0 0.9663461538461539 0.4026442307692308 0.014423076923076924 0.019230769230769232
6 0.8064903846153846 0.25841346153846156 0.014423076923076924 0.02403846153846154
2 0.7331730769230769 0.2824519230769231 0.014423076923076924 0.028846153846153848