0 0.5588942307692307 0.5504807692307693 0.04326923076923077 0.03365384615384615
0 0.36538461538461536 0.9771634615384616 0.10096153846153846 0.036057692307692304
3 0.5841346153846154 0.30288461538461536 0.1201923076923077 0.07211538461538461
2 0.7067307692307693 0.30288461538461536 0.11298076923076923 0.06971153846153846
0 0.5456730769230769 0.7764423076923077 0.04326923076923077 0.03365384615384615
0 0.5769230769230769 0.7127403846153846 0.019230769230769232 0.02403846153846154
0 0.5649038461538461 0.8293269230769231 0.028846153846153848 0.019230769230769232
0 0.5408653846153846 0.8942307692307693 0.03365384615384615 0.019230769230769232
0 0.5180288461538461 0.9278846153846154 0.03365384615384615 0.026442307692307692
0 0.6057692307692307 0.46274038461538464 0.019230769230769232 0.014423076923076924
0 0.5973557692307693 0.5949519230769231 0.028846153846153848 0.014423076923076924