0 0.49399038461538464 0.5276442307692307 0.057692307692307696 0.07211538461538461
0 0.31971153846153844 0.5685096153846154 0.036057692307692304 0.05048076923076923
0 0.10336538461538461 0.4483173076923077 0.07211538461538461 0.10576923076923077
0 0.8088942307692307 0.5120192307692307 0.055288461538461536 0.0673076923076923
0 0.6706730769230769 0.5889423076923077 0.028846153846153848 0.03365384615384615
0 0.4675480769230769 0.6286057692307693 0.009615384615384616 0.019230769230769232
0 0.4338942307692308 0.5973557692307693 0.02403846153846154 0.03365384615384615
3 0.3713942307692308 0.6442307692307693 0.014423076923076924 0.02403846153846154
2 0.5661057692307693 0.6778846153846154 0.014423076923076924 0.02403846153846154
0 0.5516826923076923 0.6165865384615384 0.021634615384615384 0.019230769230769232
1 0.9182692307692307 0.3918269230769231 0.15865384615384615 0.4206730769230769
4 0.37259615384615385 0.6742788461538461 0.019230769230769232 0.028846153846153848
0 0.453125 0.5829326923076923 0.03125 0.038461538461538464
0 0.49038461538461536 0.6298076923076923 0.014423076923076924 0.019230769230769232
2 0.6502403846153846 0.6862980769230769 0.014423076923076924 0.03365384615384615
3 0.6478365384615384 0.640625 0.019230769230769232 0.038461538461538464
3 0.5673076923076923 0.6490384615384616 0.019230769230769232 0.028846153846153848
0 0.09735576923076923 0.5889423076923077 0.01201923076923077 0.014423076923076924
0 0.015625 0.5108173076923077 0.021634615384615384 0.04567307692307692
0 0.2824519230769231 0.6213942307692307 0.01201923076923077 0.016826923076923076