0 0.013221153846153846 0.4543269230769231 0.019230769230769232 0.057692307692307696
0 0.07572115384615384 0.5096153846153846 0.026442307692307692 0.038461538461538464
0 0.1778846153846154 0.5444711538461539 0.026442307692307692 0.03125
0 0.20072115384615385 0.48677884615384615 0.052884615384615384 0.06009615384615385
0 0.31971153846153844 0.5564903846153846 0.028846153846153848 0.038461538461538464
0 0.33653846153846156 0.59375 0.009615384615384616 0.01201923076923077
0 0.44471153846153844 0.609375 0.01201923076923077 0.014423076923076924
0 0.46274038461538464 0.5985576923076923 0.014423076923076924 0.019230769230769232
0 0.47836538461538464 0.578125 0.02403846153846154 0.03125
0 0.6466346153846154 0.578125 0.016826923076923076 0.03125
0 0.5637019230769231 0.49158653846153844 0.057692307692307696 0.07211538461538461
0 0.3112980769230769 0.6694711538461539 0.014423076923076924 0.014423076923076924
0 0.14423076923076922 0.5697115384615384 0.014423076923076924 0.019230769230769232
0 0.21754807692307693 0.5661057692307693 0.019230769230769232 0.028846153846153848
3 0.6081730769230769 0.5661057692307693 0.04326923076923077 0.016826923076923076
3 0.11177884615384616 0.49038461538461536 0.0625 0.019230769230769232
0 0.15504807692307693 0.5829326923076923 0.01201923076923077 0.01201923076923077