0 0.7295673076923077 0.4699519230769231 0.04807692307692308 0.052884615384615384
0 0.35697115384615385 0.4519230769230769 0.038461538461538464 0.05048076923076923
0 0.40384615384615385 0.4254807692307692 0.02403846153846154 0.038461538461538464
3 0.13701923076923078 0.4675480769230769 0.036057692307692304 0.11057692307692307
0 0.6646634615384616 0.4026442307692308 0.019230769230769232 0.019230769230769232
0 0.49399038461538464 0.41225961538461536 0.02403846153846154 0.03365384615384615
0 0.11298076923076923 0.49158653846153844 0.021634615384615384 0.057692307692307696
4 0.13221153846153846 0.34375 0.038461538461538464 0.10576923076923077
0 0.9026442307692307 0.4387019230769231 0.021634615384615384 0.03125
0 0.828125 0.41225961538461536 0.014423076923076924 0.016826923076923076
0 0.5540865384615384 0.29447115384615385 0.016826923076923076 0.019230769230769232
0 0.5997596153846154 0.3173076923076923 0.014423076923076924 0.019230769230769232
0 0.7235576923076923 0.39302884615384615 0.01201923076923077 0.014423076923076924