0 0.5444711538461539 0.3449519230769231 0.06009615384615385 0.04326923076923077
1 0.6237980769230769 0.6081730769230769 0.06009615384615385 0.0673076923076923
3 0.3870192307692308 0.9375 0.0673076923076923 0.1201923076923077
3 0.6478365384615384 0.45552884615384615 0.019230769230769232 0.016826923076923076
2 0.6766826923076923 0.4567307692307692 0.02403846153846154 0.019230769230769232
0 0.5745192307692307 0.3125 0.03365384615384615 0.028846153846153848
0 0.5793269230769231 0.8365384615384616 0.02403846153846154 0.019230769230769232
0 0.5685096153846154 0.4543269230769231 0.04326923076923077 0.036057692307692304
0 0.5697115384615384 0.27524038461538464 0.03365384615384615 0.02403846153846154
0 0.5901442307692307 0.3269230769230769 0.028846153846153848 0.02403846153846154
0 0.6189903846153846 0.4326923076923077 0.019230769230769232 0.014423076923076924
0 0.6322115384615384 0.4098557692307692 0.019230769230769232 0.014423076923076924
0 0.5528846153846154 0.08653846153846154 0.02403846153846154 0.021634615384615384
0 0.6081730769230769 0.5300480769230769 0.028846153846153848 0.021634615384615384
6 0.6838942307692307 0.5661057692307693 0.014423076923076924 0.01201923076923077
0 0.6069711538461539 0.5612980769230769 0.02403846153846154 0.019230769230769232
0 0.5276442307692307 0.9831730769230769 0.04326923076923077 0.026442307692307692
0 0.6009615384615384 0.3112980769230769 0.02403846153846154 0.019230769230769232