0 0.5 0.8052884615384616 0.0625 0.05048076923076923
0 0.4254807692307692 0.2764423076923077 0.028846153846153848 0.02403846153846154
3 0.38461538461538464 0.22235576923076922 0.038461538461538464 0.026442307692307692
3 0.40024038461538464 0.6165865384615384 0.07451923076923077 0.016826923076923076
3 0.44591346153846156 0.08052884615384616 0.07451923076923077 0.036057692307692304
4 0.3161057692307692 0.6153846153846154 0.07211538461538461 0.021634615384615384
4 0.33533653846153844 0.5168269230769231 0.03365384615384615 0.026442307692307692
3 0.3786057692307692 0.5144230769230769 0.03365384615384615 0.028846153846153848
1 0.3786057692307692 0.390625 0.04326923076923077 0.05048076923076923
2 0.3629807692307692 0.07451923076923077 0.07211538461538461 0.03365384615384615
2 0.34375 0.22235576923076922 0.04326923076923077 0.02403846153846154
0 0.4651442307692308 0.9230769230769231 0.03365384615384615 0.028846153846153848
0 0.40024038461538464 0.33413461538461536 0.016826923076923076 0.014423076923076924
6 0.2824519230769231 0.3557692307692308 0.019230769230769232 0.014423076923076924