0 0.051682692307692304 0.4795673076923077 0.05048076923076923 0.0625
0 0.08173076923076923 0.5444711538461539 0.02403846153846154 0.038461538461538464
3 0.8040865384615384 0.6153846153846154 0.028846153846153848 0.04326923076923077
2 0.4543269230769231 0.6790865384615384 0.03365384615384615 0.04326923076923077
0 0.2127403846153846 0.5973557692307693 0.01201923076923077 0.016826923076923076
0 0.14783653846153846 0.5901442307692307 0.009615384615384616 0.016826923076923076
0 0.6947115384615384 0.5877403846153846 0.03365384615384615 0.038461538461538464
1 0.49399038461538464 0.609375 0.125 0.10576923076923077
2 0.2644230769230769 0.7415865384615384 0.04807692307692308 0.12980769230769232
4 0.8064903846153846 0.6658653846153846 0.03125 0.04807692307692308
6 0.6862980769230769 0.7632211538461539 0.038461538461538464 0.06009615384615385
3 0.2608173076923077 0.5889423076923077 0.05048076923076923 0.1346153846153846
5 0.109375 0.6430288461538461 0.01201923076923077 0.019230769230769232