0 0.4963942307692308 0.8112980769230769 0.06490384615384616 0.052884615384615384
0 0.53125 0.9266826923076923 0.03365384615384615 0.02403846153846154
0 0.5456730769230769 0.9867788461538461 0.02403846153846154 0.014423076923076924
0 0.5745192307692307 0.2824519230769231 0.028846153846153848 0.02403846153846154
3 0.5973557692307693 0.6237980769230769 0.07932692307692307 0.016826923076923076
3 0.6177884615384616 0.2283653846153846 0.038461538461538464 0.026442307692307692
2 0.6598557692307693 0.22596153846153846 0.03365384615384615 0.02403846153846154
0 0.6033653846153846 0.33653846153846156 0.019230769230769232 0.014423076923076924
0 0.5889423076923077 0.20432692307692307 0.019230769230769232 0.01201923076923077
0 0.6117788461538461 0.4182692307692308 0.014423076923076924 0.007211538461538462
3 0.5516826923076923 0.08774038461538461 0.08173076923076923 0.028846153846153848
2 0.6370192307692307 0.07932692307692307 0.07211538461538461 0.028846153846153848
4 0.6802884615384616 0.6225961538461539 0.06490384615384616 0.019230769230769232
3 0.6213942307692307 0.5204326923076923 0.03365384615384615 0.028846153846153848
6 0.7307692307692307 0.36538461538461536 0.03365384615384615 0.014423076923076924
4 0.6646634615384616 0.5240384615384616 0.03365384615384615 0.028846153846153848
0 0.5661057692307693 0.9387019230769231 0.019230769230769232 0.01201923076923077