1 0.6850961538461539 0.9290865384615384 0.4543269230769231 0.13221153846153846
0 0.42427884615384615 0.6009615384615384 0.04807692307692308 0.036057692307692304
0 0.4110576923076923 0.5516826923076923 0.038461538461538464 0.03365384615384615
0 0.4098557692307692 0.4831730769230769 0.038461538461538464 0.03125
0 0.17307692307692307 0.3581730769230769 0.05048076923076923 0.04807692307692308
0 0.45913461538461536 0.15865384615384615 0.052884615384615384 0.038461538461538464
1 0.38221153846153844 0.7872596153846154 0.057692307692307696 0.057692307692307696
3 0.4675480769230769 0.7752403846153846 0.02403846153846154 0.07692307692307693
0 0.46033653846153844 0.020432692307692308 0.038461538461538464 0.021634615384615384
0 0.4074519230769231 0.19471153846153846 0.03125 0.02403846153846154
0 0.3858173076923077 0.5144230769230769 0.03365384615384615 0.021634615384615384