0 0.3449519230769231 0.45552884615384615 0.04326923076923077 0.06009615384615385
1 0.6081730769230769 0.3762019230769231 0.0673076923076923 0.06009615384615385
3 0.9375 0.6129807692307693 0.1201923076923077 0.0673076923076923
3 0.45552884615384615 0.35216346153846156 0.016826923076923076 0.019230769230769232
2 0.4567307692307692 0.3233173076923077 0.019230769230769232 0.02403846153846154
0 0.3125 0.4254807692307692 0.028846153846153848 0.03365384615384615
0 0.8365384615384616 0.4206730769230769 0.019230769230769232 0.02403846153846154
0 0.4543269230769231 0.43149038461538464 0.036057692307692304 0.04326923076923077
0 0.27524038461538464 0.43028846153846156 0.02403846153846154 0.03365384615384615
0 0.3269230769230769 0.4098557692307692 0.02403846153846154 0.028846153846153848
0 0.4326923076923077 0.38100961538461536 0.014423076923076924 0.019230769230769232
0 0.4098557692307692 0.36778846153846156 0.014423076923076924 0.019230769230769232
0 0.08653846153846154 0.44711538461538464 0.021634615384615384 0.02403846153846154
0 0.5300480769230769 0.3918269230769231 0.021634615384615384 0.028846153846153848
6 0.5661057692307693 0.3161057692307692 0.01201923076923077 0.014423076923076924
0 0.5612980769230769 0.39302884615384615 0.019230769230769232 0.02403846153846154
0 0.9831730769230769 0.4723557692307692 0.02403846153846154 0.04326923076923077
0 0.3112980769230769 0.39903846153846156 0.019230769230769232 0.02403846153846154