1 0.36778846153846156 0.9050480769230769 0.43509615384615385 0.1875
1 0.5384615384615384 0.15625 0.28846153846153844 0.24519230769230768
3 0.6189903846153846 0.33413461538461536 0.052884615384615384 0.040865384615384616
5 0.6911057692307693 0.33653846153846156 0.0625 0.040865384615384616
0 0.6165865384615384 0.6947115384615384 0.016826923076923076 0.014423076923076924
3 0.6057692307692307 0.8353365384615384 0.0673076923076923 0.04326923076923077
0 0.6286057692307693 0.49759615384615385 0.014423076923076924 0.014423076923076924
0 0.6286057692307693 0.47836538461538464 0.01201923076923077 0.014423076923076924
2 0.6802884615384616 0.8425480769230769 0.08173076923076923 0.052884615384615384
0 0.6298076923076923 0.5841346153846154 0.019230769230769232 0.014423076923076924
0 0.6358173076923077 0.5685096153846154 0.016826923076923076 0.014423076923076924