0 0.051682692307692304 0.5204326923076923 0.05048076923076923 0.0625
0 0.08173076923076923 0.45552884615384615 0.02403846153846154 0.038461538461538464
3 0.8040865384615384 0.38461538461538464 0.028846153846153848 0.04326923076923077
2 0.4543269230769231 0.32091346153846156 0.03365384615384615 0.04326923076923077
0 0.2127403846153846 0.4026442307692308 0.01201923076923077 0.016826923076923076
0 0.14783653846153846 0.4098557692307692 0.009615384615384616 0.016826923076923076
0 0.6947115384615384 0.41225961538461536 0.03365384615384615 0.038461538461538464
1 0.49399038461538464 0.390625 0.125 0.10576923076923077
2 0.2644230769230769 0.25841346153846156 0.04807692307692308 0.12980769230769232
4 0.8064903846153846 0.33413461538461536 0.03125 0.04807692307692308
6 0.6862980769230769 0.23677884615384615 0.038461538461538464 0.06009615384615385
3 0.2608173076923077 0.4110576923076923 0.05048076923076923 0.1346153846153846
5 0.109375 0.35697115384615385 0.01201923076923077 0.019230769230769232