0 0.6033653846153846 0.24278846153846154 0.1201923076923077 0.09134615384615384
0 0.609375 0.9591346153846154 0.10096153846153846 0.06971153846153846
0 0.4567307692307692 0.8088942307692307 0.038461538461538464 0.03365384615384615
0 0.41346153846153844 0.7439903846153846 0.02403846153846154 0.019230769230769232
0 0.4651442307692308 0.06971153846153846 0.03365384615384615 0.02403846153846154
3 0.7944711538461539 0.203125 0.21634615384615385 0.2644230769230769
3 0.4807692307692308 0.8677884615384616 0.019230769230769232 0.0673076923076923
1 0.4110576923076923 0.12259615384615384 0.06009615384615385 0.08653846153846154
0 0.4411057692307692 0.13942307692307693 0.03365384615384615 0.02403846153846154
0 0.4567307692307692 0.007211538461538462 0.02403846153846154 0.014423076923076924
6 0.33533653846153844 0.7848557692307693 0.019230769230769232 0.014423076923076924
2 0.3641826923076923 0.8269230769230769 0.019230769230769232 0.014423076923076924
3 0.3918269230769231 0.8293269230769231 0.019230769230769232 0.016826923076923076
3 0.4026442307692308 0.9170673076923077 0.028846153846153848 0.01201923076923077
0 0.3016826923076923 0.296875 0.019230769230769232 0.019230769230769232