0 0.38100961538461536 0.296875 0.052884615384615384 0.04326923076923077
3 0.36538461538461536 0.9026442307692307 0.11538461538461539 0.05048076923076923
0 0.3701923076923077 0.7415865384615384 0.04807692307692308 0.04326923076923077
0 0.3557692307692308 0.5060096153846154 0.04326923076923077 0.028846153846153848
1 0.296875 0.53125 0.06009615384615385 0.0673076923076923
4 0.24639423076923078 0.9026442307692307 0.10576923076923077 0.04326923076923077
3 0.44350961538461536 0.10216346153846154 0.03365384615384615 0.0889423076923077
3 0.37259615384615385 0.8425480769230769 0.10576923076923077 0.057692307692307696
0 0.3293269230769231 0.5865384615384616 0.028846153846153848 0.021634615384615384
0 0.33533653846153844 0.2980769230769231 0.02403846153846154 0.02403846153846154
0 0.3137019230769231 0.3629807692307692 0.019230769230769232 0.014423076923076924
0 0.3004807692307692 0.40865384615384615 0.014423076923076924 0.009615384615384616
2 0.2548076923076923 0.8473557692307693 0.11538461538461539 0.052884615384615384