3 0.2692307692307692 0.6370192307692307 0.021634615384615384 0.03365384615384615
3 0.038461538461538464 0.47716346153846156 0.07451923076923077 0.038461538461538464
2 0.6213942307692307 0.7139423076923077 0.019230769230769232 0.07211538461538461
0 0.9759615384615384 0.4362980769230769 0.040865384615384616 0.08653846153846154
0 0.9326923076923077 0.5552884615384616 0.021634615384615384 0.03125
0 0.7872596153846154 0.5661057692307693 0.03365384615384615 0.04326923076923077
3 0.9074519230769231 0.38221153846153844 0.15865384615384615 0.09615384615384616
3 0.9194711538461539 0.6057692307692307 0.014423076923076924 0.021634615384615384
3 0.8365384615384616 0.6213942307692307 0.014423076923076924 0.026442307692307692
3 0.6213942307692307 0.6370192307692307 0.02403846153846154 0.07211538461538461
3 0.140625 0.5997596153846154 0.03125 0.06971153846153846
4 0.26802884615384615 0.6754807692307693 0.026442307692307692 0.028846153846153848
4 0.13942307692307693 0.6742788461538461 0.028846153846153848 0.0673076923076923
0 0.8137019230769231 0.5865384615384616 0.019230769230769232 0.028846153846153848
0 0.36177884615384615 0.6129807692307693 0.02403846153846154 0.02403846153846154