0 0.453125 0.6105769230769231 0.09375 0.07692307692307693
3 0.421875 0.9699519230769231 0.1466346153846154 0.055288461538461536
3 0.41466346153846156 0.03365384615384615 0.1778846153846154 0.0625
4 0.28125 0.9807692307692307 0.1201923076923077 0.03365384615384615
0 0.375 0.6298076923076923 0.05048076923076923 0.040865384615384616
3 0.3293269230769231 0.2620192307692308 0.057692307692307696 0.038461538461538464
2 0.2403846153846154 0.028846153846153848 0.14903846153846154 0.04807692307692308
0 0.38341346153846156 0.8966346153846154 0.028846153846153848 0.02403846153846154
0 0.33653846153846156 0.5877403846153846 0.03125 0.02403846153846154
0 0.3317307692307692 0.4651442307692308 0.03125 0.02403846153846154
3 0.3088942307692308 0.6634615384615384 0.057692307692307696 0.019230769230769232
3 0.3233173076923077 0.29447115384615385 0.057692307692307696 0.016826923076923076
2 0.2692307692307692 0.25961538461538464 0.052884615384615384 0.04326923076923077
2 0.25240384615384615 0.6658653846153846 0.052884615384615384 0.019230769230769232
6 0.15504807692307693 0.5072115384615384 0.06490384615384616 0.03365384615384615
0 0.33533653846153844 0.5504807692307693 0.028846153846153848 0.02403846153846154