0 0.40865384615384615 0.49759615384615385 0.038461538461538464 0.03365384615384615
4 0.3245192307692308 0.9447115384615384 0.07451923076923077 0.04326923076923077
4 0.2764423076923077 0.22355769230769232 0.1346153846153846 0.09134615384615384
3 0.421875 0.22596153846153846 0.13942307692307693 0.09134615384615384
0 0.4326923076923077 0.296875 0.04807692307692308 0.028846153846153848
0 0.4182692307692308 0.6850961538461539 0.04326923076923077 0.036057692307692304
1 0.4723557692307692 0.8617788461538461 0.22115384615384615 0.2668269230769231
0 0.42908653846153844 0.1502403846153846 0.03365384615384615 0.02403846153846154
0 0.36778846153846156 0.5420673076923077 0.019230769230769232 0.01201923076923077
0 0.38461538461538464 0.46634615384615385 0.03125 0.028846153846153848
3 0.3485576923076923 0.6201923076923077 0.03125 0.014423076923076924