0 0.2403846153846154 0.12379807692307693 0.19230769230769232 0.13942307692307693
0 0.19110576923076922 0.8846153846153846 0.22115384615384615 0.16105769230769232
0 0.5060096153846154 0.16826923076923078 0.0625 0.052884615384615384
0 0.5480769230769231 0.3004807692307692 0.05048076923076923 0.036057692307692304
3 0.6021634615384616 0.3557692307692308 0.07932692307692307 0.04807692307692308
4 0.6971153846153846 0.35216346153846156 0.07692307692307693 0.052884615384615384
0 0.5709134615384616 0.7103365384615384 0.038461538461538464 0.03365384615384615
2 0.6778846153846154 0.3942307692307692 0.07211538461538461 0.019230769230769232
0 0.5685096153846154 0.1814903846153846 0.019230769230769232 0.014423076923076924
0 0.5661057692307693 0.203125 0.028846153846153848 0.014423076923076924
0 0.6057692307692307 0.6887019230769231 0.019230769230769232 0.014423076923076924
0 0.5649038461538461 0.7920673076923077 0.038461538461538464 0.02403846153846154
3 0.5925480769230769 0.39663461538461536 0.07692307692307693 0.028846153846153848