3 0.12139423076923077 0.44591346153846156 0.17307692307692307 0.08173076923076923
0 0.040865384615384616 0.5036057692307693 0.0625 0.09375
0 0.2932692307692308 0.6370192307692307 0.036057692307692304 0.04326923076923077
0 0.49038461538461536 0.6754807692307693 0.021634615384615384 0.028846153846153848
0 0.6394230769230769 0.6610576923076923 0.02403846153846154 0.03125
0 0.7692307692307693 0.5528846153846154 0.057692307692307696 0.06971153846153846
0 0.8966346153846154 0.7944711538461539 0.028846153846153848 0.038461538461538464
0 0.9759615384615384 0.5480769230769231 0.028846153846153848 0.05048076923076923
0 0.6838942307692307 0.7704326923076923 0.016826923076923076 0.016826923076923076
0 0.7043269230769231 0.6598557692307693 0.014423076923076924 0.02403846153846154
0 0.7680288461538461 0.6622596153846154 0.014423076923076924 0.016826923076923076
0 0.9855769230769231 0.6021634615384616 0.014423076923076924 0.019230769230769232
0 0.9519230769230769 0.6057692307692307 0.016826923076923076 0.03125