0 0.6778846153846154 0.9326923076923077 0.13942307692307693 0.0985576923076923
0 0.453125 0.6081730769230769 0.04326923076923077 0.04326923076923077
0 0.41947115384615385 0.5348557692307693 0.028846153846153848 0.02403846153846154
0 0.4182692307692308 0.2644230769230769 0.02403846153846154 0.02403846153846154
0 0.46634615384615385 0.7824519230769231 0.04326923076923077 0.036057692307692304
0 0.4411057692307692 0.7403846153846154 0.03365384615384615 0.028846153846153848
0 0.421875 0.6610576923076923 0.028846153846153848 0.021634615384615384
0 0.4338942307692308 0.8557692307692307 0.016826923076923076 0.009615384615384616
0 0.4098557692307692 0.6346153846153846 0.02403846153846154 0.014423076923076924
3 0.49158653846153844 0.9711538461538461 0.10817307692307693 0.038461538461538464
3 0.48197115384615385 0.038461538461538464 0.15865384615384615 0.06971153846153846
0 0.4639423076923077 0.3449519230769231 0.057692307692307696 0.04326923076923077
0 0.40865384615384615 0.4074519230769231 0.02403846153846154 0.021634615384615384
0 0.3942307692307692 0.4206730769230769 0.016826923076923076 0.014423076923076924
0 0.32572115384615385 0.5637019230769231 0.019230769230769232 0.014423076923076924
4 0.37740384615384615 0.9747596153846154 0.08653846153846154 0.036057692307692304
2 0.30528846153846156 0.038461538461538464 0.16826923076923078 0.07211538461538461