0 0.7007211538461539 0.6370192307692307 0.21634615384615385 0.14423076923076922
0 0.4951923076923077 0.7391826923076923 0.07211538461538461 0.05048076923076923
0 0.49399038461538464 0.2620192307692308 0.07211538461538461 0.055288461538461536
4 0.3545673076923077 0.014423076923076924 0.10096153846153846 0.021634615384615384
0 0.44350961538461536 0.9399038461538461 0.03365384615384615 0.021634615384615384
3 0.4651442307692308 0.021634615384615384 0.09615384615384616 0.038461538461538464
0 0.4182692307692308 0.32211538461538464 0.028846153846153848 0.028846153846153848
3 0.5745192307692307 0.7463942307692307 0.0625 0.14423076923076922
0 0.48677884615384615 0.9867788461538461 0.04567307692307692 0.021634615384615384
0 0.4206730769230769 0.8846153846153846 0.028846153846153848 0.016826923076923076
1 0.3798076923076923 0.23317307692307693 0.03125 0.05048076923076923
0 0.40865384615384615 0.3016826923076923 0.019230769230769232 0.014423076923076924
0 0.38822115384615385 0.3629807692307692 0.019230769230769232 0.016826923076923076