0 0.38221153846153844 0.5336538461538461 0.06490384615384616 0.052884615384615384
3 0.3161057692307692 0.16706730769230768 0.06009615384615385 0.038461538461538464
2 0.21875 0.6478365384615384 0.057692307692307696 0.04326923076923077
4 0.25240384615384615 0.16706730769230768 0.052884615384615384 0.038461538461538464
0 0.31490384615384615 0.47475961538461536 0.02403846153846154 0.019230769230769232
3 0.2848557692307692 0.6466346153846154 0.0625 0.04326923076923077
6 0.06850961538461539 0.33052884615384615 0.07211538461538461 0.04326923076923077
1 0.28365384615384615 0.3641826923076923 0.04326923076923077 0.0625
3 0.2920673076923077 0.6045673076923077 0.0625 0.014423076923076924
0 0.3329326923076923 0.2247596153846154 0.019230769230769232 0.016826923076923076
0 0.30649038461538464 0.3004807692307692 0.019230769230769232 0.014423076923076924
0 0.3245192307692308 0.6826923076923077 0.028846153846153848 0.021634615384615384
0 0.28846153846153844 0.4579326923076923 0.014423076923076924 0.01201923076923077
0 0.296875 0.4963942307692308 0.019230769230769232 0.014423076923076924
0 0.2848557692307692 0.4254807692307692 0.009615384615384616 0.009615384615384616