0 0.20432692307692307 0.12259615384615384 0.20432692307692307 0.14182692307692307
0 0.3894230769230769 0.8449519230769231 0.11298076923076923 0.07932692307692307
0 0.5408653846153846 0.5600961538461539 0.057692307692307696 0.04807692307692308
0 0.5564903846153846 0.3293269230769231 0.04326923076923077 0.03365384615384615
0 0.53125 0.11057692307692307 0.04326923076923077 0.03125
0 0.5084134615384616 0.8966346153846154 0.04567307692307692 0.028846153846153848
0 0.5444711538461539 0.7463942307692307 0.04807692307692308 0.03365384615384615
0 0.5721153846153846 0.6706730769230769 0.03365384615384615 0.028846153846153848
0 0.5973557692307693 0.5084134615384616 0.028846153846153848 0.019230769230769232
0 0.59375 0.35096153846153844 0.02403846153846154 0.019230769230769232
0 0.6069711538461539 0.3737980769230769 0.019230769230769232 0.014423076923076924
0 0.6923076923076923 0.5252403846153846 0.014423076923076924 0.01201923076923077
0 0.5432692307692307 0.9663461538461539 0.02403846153846154 0.016826923076923076
0 0.6021634615384616 0.7331730769230769 0.016826923076923076 0.01201923076923077
3 0.515625 0.15865384615384615 0.028846153846153848 0.0673076923076923
0 0.6057692307692307 0.5697115384615384 0.019230769230769232 0.009615384615384616
3 0.46634615384615385 0.8629807692307693 0.038461538461538464 0.10336538461538461