0 0.4699519230769231 0.39903846153846156 0.1201923076923077 0.16826923076923078
0 0.3317307692307692 0.17548076923076922 0.20432692307692307 0.28365384615384615
0 0.59375 0.5973557692307693 0.02403846153846154 0.02403846153846154
0 0.055288461538461536 0.5036057692307693 0.038461538461538464 0.06490384615384616
0 0.17427884615384615 0.7331730769230769 0.026442307692307692 0.028846153846153848
1 0.33653846153846156 0.6189903846153846 0.11538461538461539 0.07211538461538461
3 0.3317307692307692 0.4963942307692308 0.125 0.04326923076923077
0 0.7800480769230769 0.5901442307692307 0.016826923076923076 0.028846153846153848
0 0.23557692307692307 0.5516826923076923 0.040865384615384616 0.05048076923076923
3 0.890625 0.6033653846153846 0.03125 0.040865384615384616
3 0.6009615384615384 0.6382211538461539 0.03125 0.038461538461538464
0 0.8798076923076923 0.5132211538461539 0.04807692307692308 0.052884615384615384
0 0.9146634615384616 0.5625 0.02403846153846154 0.03365384615384615
0 0.7463942307692307 0.5901442307692307 0.028846153846153848 0.028846153846153848
0 0.7103365384615384 0.6225961538461539 0.016826923076923076 0.019230769230769232
0 0.013221153846153846 0.34134615384615385 0.02403846153846154 0.14423076923076922
1 0.7572115384615384 0.6286057692307693 0.0673076923076923 0.04567307692307692