0 0.33413461538461536 0.03125 0.13942307692307693 0.052884615384615384
0 0.5396634615384616 0.2980769230769231 0.05048076923076923 0.038461538461538464
0 0.5625 0.2091346153846154 0.03365384615384615 0.021634615384615384
5 0.6430288461538461 0.8173076923076923 0.03125 0.021634615384615384
5 0.6370192307692307 0.9615384615384616 0.0673076923076923 0.028846153846153848
2 0.6682692307692307 0.5216346153846154 0.03365384615384615 0.028846153846153848
3 0.5913461538461539 0.43509615384615385 0.09134615384615384 0.019230769230769232
3 0.6274038461538461 0.5240384615384616 0.038461538461538464 0.03125
3 0.16466346153846154 0.10576923076923077 0.2403846153846154 0.20192307692307693
3 0.5588942307692307 0.9579326923076923 0.07211538461538461 0.036057692307692304
0 0.5649038461538461 0.9170673076923077 0.019230769230769232 0.01201923076923077
0 0.5793269230769231 0.8617788461538461 0.019230769230769232 0.014423076923076924
0 0.5625 0.13701923076923078 0.03365384615384615 0.02403846153846154
0 0.5997596153846154 0.28846153846153844 0.019230769230769232 0.014423076923076924
0 0.6766826923076923 0.20673076923076922 0.019230769230769232 0.014423076923076924
0 0.5793269230769231 0.09975961538461539 0.016826923076923076 0.004807692307692308
2 0.6490384615384616 0.7908653846153846 0.03365384615384615 0.014423076923076924
2 0.6899038461538461 0.4375 0.07932692307692307 0.02403846153846154
3 0.6057692307692307 0.7896634615384616 0.03365384615384615 0.014423076923076924
3 0.6057692307692307 0.8161057692307693 0.038461538461538464 0.021634615384615384