0 0.13942307692307693 0.7211538461538461 0.11538461538461539 0.1875
0 0.8341346153846154 0.5865384615384616 0.08653846153846154 0.10576923076923077
0 0.8870192307692307 0.4675480769230769 0.026442307692307692 0.03365384615384615
2 0.03485576923076923 0.30528846153846156 0.0625 0.14423076923076922
2 0.2980769230769231 0.3317307692307692 0.03365384615384615 0.05048076923076923
3 0.3004807692307692 0.3894230769230769 0.038461538461538464 0.05048076923076923
3 0.6538461538461539 0.390625 0.036057692307692304 0.04807692307692308
4 0.6574519230769231 0.3401442307692308 0.028846153846153848 0.04326923076923077
3 0.05048076923076923 0.484375 0.0889423076923077 0.20192307692307693
3 0.24519230769230768 0.4675480769230769 0.0673076923076923 0.019230769230769232
0 0.43149038461538464 0.40384615384615385 0.021634615384615384 0.02403846153846154
0 0.5072115384615384 0.39302884615384615 0.016826923076923076 0.019230769230769232
0 0.1778846153846154 0.43149038461538464 0.02403846153846154 0.02403846153846154
0 0.7536057692307693 0.4170673076923077 0.014423076923076924 0.019230769230769232
2 0.38221153846153844 0.3473557692307692 0.014423076923076924 0.019230769230769232
6 0.5084134615384616 0.24278846153846154 0.03365384615384615 0.057692307692307696