0 0.32211538461538464 0.30408653846153844 0.14423076923076922 0.1778846153846154
0 0.921875 0.5048076923076923 0.038461538461538464 0.052884615384615384
3 0.06850961538461539 0.44471153846153844 0.09134615384615384 0.038461538461538464
3 0.8810096153846154 0.47836538461538464 0.08173076923076923 0.03365384615384615
0 0.39663461538461536 0.5709134615384616 0.038461538461538464 0.04326923076923077
0 0.6670673076923077 0.5793269230769231 0.028846153846153848 0.03365384615384615
0 0.5949519230769231 0.5901442307692307 0.02403846153846154 0.03365384615384615
0 0.47596153846153844 0.6213942307692307 0.014423076923076924 0.016826923076923076
0 0.44591346153846156 0.59375 0.026442307692307692 0.028846153846153848
0 0.14182692307692307 0.5805288461538461 0.014423076923076924 0.019230769230769232
0 0.055288461538461536 0.5564903846153846 0.014423076923076924 0.019230769230769232