0 0.7235576923076923 0.5733173076923077 0.02403846153846154 0.028846153846153848
0 0.1935096153846154 0.5012019230769231 0.05048076923076923 0.06490384615384616
3 0.921875 0.5480769230769231 0.03125 0.08173076923076923
3 0.4831730769230769 0.6225961538461539 0.02403846153846154 0.04326923076923077
3 0.38221153846153844 0.5997596153846154 0.021634615384615384 0.07451923076923077
1 0.5769230769230769 0.6141826923076923 0.07211538461538461 0.07211538461538461
0 0.7980769230769231 0.5877403846153846 0.014423076923076924 0.016826923076923076
0 0.6658653846153846 0.5997596153846154 0.014423076923076924 0.016826923076923076
0 0.07692307692307693 0.5348557692307693 0.028846153846153848 0.038461538461538464
3 0.7764423076923077 0.6153846153846154 0.028846153846153848 0.040865384615384616
0 0.25240384615384615 0.6802884615384616 0.014423076923076924 0.019230769230769232
0 0.2860576923076923 0.5985576923076923 0.014423076923076924 0.019230769230769232
2 0.7776442307692307 0.6574519230769231 0.026442307692307692 0.038461538461538464
4 0.484375 0.6646634615384616 0.028846153846153848 0.038461538461538464
4 0.38461538461538464 0.6826923076923077 0.021634615384615384 0.0673076923076923
2 0.9254807692307693 0.6322115384615384 0.03365384615384615 0.07451923076923077
6 0.6418269230769231 0.7223557692307693 0.014423076923076924 0.02403846153846154
3 0.15985576923076922 0.6081730769230769 0.014423076923076924 0.028846153846153848
0 0.06610576923076923 0.5661057692307693 0.014423076923076924 0.016826923076923076
0 0.1875 0.5973557692307693 0.01201923076923077 0.019230769230769232