3 0.5576923076923077 0.1045673076923077 0.12740384615384615 0.07211538461538461
0 0.4795673076923077 0.6862980769230769 0.09615384615384616 0.07451923076923077
0 0.45552884615384615 0.5817307692307693 0.11057692307692307 0.07692307692307693
0 0.5805288461538461 0.30528846153846156 0.03365384615384615 0.026442307692307692
3 0.5661057692307693 0.9290865384615384 0.09134615384615384 0.04326923076923077
3 0.578125 0.8798076923076923 0.09615384615384616 0.038461538461538464
4 0.703125 0.10216346153846154 0.11057692307692307 0.06971153846153846
0 0.5600961538461539 0.24639423076923078 0.05048076923076923 0.028846153846153848
0 0.5817307692307693 0.2800480769230769 0.038461538461538464 0.019230769230769232
0 0.6262019230769231 0.3942307692307692 0.019230769230769232 0.014423076923076924
0 0.6129807692307693 0.7127403846153846 0.016826923076923076 0.01201923076923077
0 0.6057692307692307 0.7512019230769231 0.019230769230769232 0.01201923076923077
0 0.6021634615384616 0.7848557692307693 0.019230769230769232 0.01201923076923077
3 0.6526442307692307 0.5564903846153846 0.02403846153846154 0.014423076923076924
4 0.6766826923076923 0.8822115384615384 0.08173076923076923 0.04567307692307692
0 0.6069711538461539 0.18389423076923078 0.014423076923076924 0.009615384615384616
0 0.6081730769230769 0.4254807692307692 0.028846153846153848 0.02403846153846154