6 0.2800480769230769 0.640625 0.02403846153846154 0.014423076923076924
2 0.3449519230769231 0.7776442307692307 0.03365384615384615 0.02403846153846154
3 0.3858173076923077 0.7764423076923077 0.038461538461538464 0.02403846153846154
0 0.4963942307692308 0.19471153846153846 0.06490384615384616 0.052884615384615384
0 0.47115384615384615 0.07572115384615384 0.028846153846153848 0.026442307692307692
3 0.39903846153846156 0.38221153846153844 0.07211538461538461 0.016826923076923076
3 0.4495192307692308 0.9182692307692307 0.07451923076923077 0.03365384615384615
2 0.36658653846153844 0.9254807692307693 0.07932692307692307 0.028846153846153848
4 0.33533653846153844 0.484375 0.038461538461538464 0.028846153846153848
3 0.375 0.4855769230769231 0.038461538461538464 0.028846153846153848
4 0.32091346153846156 0.38461538461538464 0.07211538461538461 0.019230769230769232