0 0.2764423076923077 0.4266826923076923 0.02403846153846154 0.028846153846153848
0 0.8064903846153846 0.4987980769230769 0.05048076923076923 0.06490384615384616
3 0.078125 0.4519230769230769 0.03125 0.08173076923076923
3 0.5168269230769231 0.37740384615384615 0.02403846153846154 0.04326923076923077
3 0.6177884615384616 0.40024038461538464 0.021634615384615384 0.07451923076923077
1 0.4230769230769231 0.3858173076923077 0.07211538461538461 0.07211538461538461
0 0.20192307692307693 0.41225961538461536 0.014423076923076924 0.016826923076923076
0 0.33413461538461536 0.40024038461538464 0.014423076923076924 0.016826923076923076
0 0.9230769230769231 0.4651442307692308 0.028846153846153848 0.038461538461538464
3 0.22355769230769232 0.38461538461538464 0.028846153846153848 0.038461538461538464
0 0.7475961538461539 0.31971153846153844 0.014423076923076924 0.019230769230769232
0 0.7139423076923077 0.4014423076923077 0.014423076923076924 0.019230769230769232
2 0.22235576923076922 0.3425480769230769 0.026442307692307692 0.038461538461538464
4 0.515625 0.33533653846153844 0.028846153846153848 0.038461538461538464
4 0.6153846153846154 0.3173076923076923 0.021634615384615384 0.0673076923076923
2 0.07451923076923077 0.36778846153846156 0.03365384615384615 0.07211538461538461
6 0.3581730769230769 0.2776442307692308 0.014423076923076924 0.02403846153846154
3 0.8401442307692307 0.3918269230769231 0.014423076923076924 0.028846153846153848
0 0.9338942307692307 0.4338942307692308 0.014423076923076924 0.016826923076923076
0 0.8125 0.4026442307692308 0.01201923076923077 0.019230769230769232