0 0.2824519230769231 0.640625 0.03125 0.03365384615384615
3 0.41586538461538464 0.6370192307692307 0.055288461538461536 0.016826923076923076
0 0.49759615384615385 0.6286057692307693 0.036057692307692304 0.05048076923076923
0 0.5877403846153846 0.6430288461538461 0.03125 0.03365384615384615
0 0.5504807692307693 0.7932692307692307 0.02403846153846154 0.02403846153846154
0 0.6574519230769231 0.6598557692307693 0.019230769230769232 0.02403846153846154
0 0.7608173076923077 0.6574519230769231 0.014423076923076924 0.019230769230769232
0 0.8016826923076923 0.6502403846153846 0.01201923076923077 0.019230769230769232
0 0.9603365384615384 0.8461538461538461 0.055288461538461536 0.057692307692307696
0 0.9495192307692307 0.14182692307692307 0.09615384615384616 0.2403846153846154
3 0.8329326923076923 0.6682692307692307 0.014423076923076924 0.028846153846153848