0 0.4579326923076923 0.11899038461538461 0.0625 0.04326923076923077
0 0.5504807692307693 0.06129807692307692 0.10576923076923077 0.0673076923076923
0 0.3737980769230769 0.7800480769230769 0.03365384615384615 0.03125
0 0.33774038461538464 0.5637019230769231 0.016826923076923076 0.009615384615384616
0 0.35336538461538464 0.4230769230769231 0.028846153846153848 0.02403846153846154
0 0.35096153846153844 0.3954326923076923 0.02403846153846154 0.014423076923076924
0 0.44471153846153844 0.030048076923076924 0.038461538461538464 0.02403846153846154
0 0.41947115384615385 0.05889423076923077 0.028846153846153848 0.016826923076923076
0 0.3269230769230769 0.5324519230769231 0.016826923076923076 0.014423076923076924
0 0.36538461538461536 0.15264423076923078 0.019230769230769232 0.009615384615384616
3 0.46634615384615385 0.2439903846153846 0.05048076923076923 0.10096153846153846