0 0.4170673076923077 0.08533653846153846 0.057692307692307696 0.038461538461538464
0 0.359375 0.41225961538461536 0.04326923076923077 0.038461538461538464
0 0.39663461538461536 0.04927884615384615 0.038461538461538464 0.026442307692307692
0 0.33533653846153844 0.37740384615384615 0.03365384615384615 0.026442307692307692
0 0.3161057692307692 0.3942307692307692 0.019230769230769232 0.01201923076923077
0 0.3137019230769231 0.4230769230769231 0.019230769230769232 0.014423076923076924
0 0.31009615384615385 0.4855769230769231 0.019230769230769232 0.016826923076923076
3 0.35096153846153844 0.18629807692307693 0.07692307692307693 0.040865384615384616
4 0.26322115384615385 0.17548076923076922 0.07692307692307693 0.038461538461538464
3 0.30649038461538464 0.6370192307692307 0.04326923076923077 0.03365384615384615
3 0.3269230769230769 0.7151442307692307 0.08653846153846154 0.026442307692307692
2 0.2620192307692308 0.6358173076923077 0.038461538461538464 0.03125
2 0.2403846153846154 0.7199519230769231 0.07211538461538461 0.03125
6 0.20552884615384615 0.45913461538461536 0.02403846153846154 0.021634615384615384
0 0.3629807692307692 0.8365384615384616 0.03365384615384615 0.026442307692307692
3 0.2980769230769231 0.33774038461538464 0.04326923076923077 0.01201923076923077