0 0.21514423076923078 0.4879807692307692 0.052884615384615384 0.07211538461538461
0 0.026442307692307692 0.3942307692307692 0.05048076923076923 0.10096153846153846
0 0.7620192307692307 0.5396634615384616 0.038461538461538464 0.052884615384615384
0 0.8557692307692307 0.5384615384615384 0.03365384615384615 0.04807692307692308
3 0.29086538461538464 0.5661057692307693 0.07451923076923077 0.12980769230769232
3 0.35336538461538464 0.5612980769230769 0.04326923076923077 0.10096153846153846
4 0.2824519230769231 0.7019230769230769 0.0673076923076923 0.11538461538461539
2 0.3485576923076923 0.6790865384615384 0.03365384615384615 0.10817307692307693
0 0.09975961538461539 0.5372596153846154 0.016826923076923076 0.03365384615384615
0 0.7043269230769231 0.5877403846153846 0.02403846153846154 0.03365384615384615
0 0.6598557692307693 0.6021634615384616 0.014423076923076924 0.019230769230769232
3 0.6153846153846154 0.6346153846153846 0.014423076923076924 0.019230769230769232
3 0.7848557692307693 0.6213942307692307 0.014423076923076924 0.019230769230769232
0 0.11899038461538461 0.5336538461538461 0.009615384615384616 0.038461538461538464
0 0.052884615384615384 0.671875 0.019230769230769232 0.028846153846153848
4 0.6153846153846154 0.6598557692307693 0.014423076923076924 0.019230769230769232
3 0.1502403846153846 0.48677884615384615 0.07692307692307693 0.03365384615384615