0 0.20673076923076922 0.5324519230769231 0.03365384615384615 0.04807692307692308
0 0.40384615384615385 0.5264423076923077 0.057692307692307696 0.07211538461538461
0 0.04807692307692308 0.3088942307692308 0.0889423076923077 0.14423076923076922
0 0.04447115384615385 0.4831730769230769 0.038461538461538464 0.052884615384615384
0 0.2403846153846154 0.5901442307692307 0.01201923076923077 0.016826923076923076
0 0.2920673076923077 0.5673076923076923 0.028846153846153848 0.038461538461538464
0 0.4699519230769231 0.6009615384615384 0.016826923076923076 0.03125
0 0.453125 0.6995192307692307 0.01201923076923077 0.019230769230769232
0 0.6153846153846154 0.6129807692307693 0.014423076923076924 0.019230769230769232
0 0.6670673076923077 0.5540865384615384 0.038461538461538464 0.04326923076923077
0 0.6394230769230769 0.5949519230769231 0.019230769230769232 0.03125
0 0.9098557692307693 0.5240384615384616 0.03365384615384615 0.052884615384615384
3 0.8581730769230769 0.5048076923076923 0.0625 0.028846153846153848
3 0.07211538461538461 0.4387019230769231 0.10096153846153846 0.052884615384615384
0 0.27403846153846156 0.609375 0.014423076923076924 0.019230769230769232
0 0.40865384615384615 0.6105769230769231 0.014423076923076924 0.019230769230769232