0 0.3233173076923077 0.3605769230769231 0.15865384615384615 0.1201923076923077
0 0.3858173076923077 0.9567307692307693 0.10576923076923077 0.06971153846153846
0 0.5300480769230769 0.7235576923076923 0.052884615384615384 0.04326923076923077
0 0.5612980769230769 0.2980769230769231 0.038461538461538464 0.028846153846153848
0 0.5168269230769231 0.8942307692307693 0.04326923076923077 0.028846153846153848
0 0.5492788461538461 0.8317307692307693 0.03365384615384615 0.021634615384615384
0 0.5649038461538461 0.5120192307692307 0.038461538461538464 0.03125
3 0.5432692307692307 0.3449519230769231 0.016826923076923076 0.052884615384615384
0 0.5877403846153846 0.6778846153846154 0.028846153846153848 0.016826923076923076
0 0.6778846153846154 0.6947115384615384 0.014423076923076924 0.014423076923076924
0 0.6081730769230769 0.5480769230769231 0.019230769230769232 0.009615384615384616
0 0.5961538461538461 0.5288461538461539 0.019230769230769232 0.014423076923076924