0 0.9471153846153846 0.38100961538461536 0.026442307692307692 0.038461538461538464
3 0.9639423076923077 0.4543269230769231 0.0673076923076923 0.04326923076923077
3 0.8365384615384616 0.32572115384615385 0.03365384615384615 0.0673076923076923
3 0.6682692307692307 0.28966346153846156 0.02403846153846154 0.03365384615384615
4 0.8401442307692307 0.2536057692307692 0.028846153846153848 0.0625
4 0.6670673076923077 0.25 0.02403846153846154 0.03365384615384615
0 0.5769230769230769 0.31971153846153844 0.02403846153846154 0.028846153846153848
2 0.3762019230769231 0.25841346153846156 0.028846153846153848 0.038461538461538464
3 0.3762019230769231 0.2980769230769231 0.028846153846153848 0.038461538461538464
3 0.3137019230769231 0.3125 0.019230769230769232 0.08653846153846154
0 0.11538461538461539 0.40625 0.038461538461538464 0.052884615384615384
0 0.0829326923076923 0.3786057692307692 0.021634615384615384 0.03365384615384615
6 0.5612980769230769 0.1875 0.016826923076923076 0.019230769230769232
0 0.8076923076923077 0.33052884615384615 0.019230769230769232 0.028846153846153848
0 0.6995192307692307 0.31009615384615385 0.014423076923076924 0.019230769230769232
2 0.31009615384615385 0.21634615384615385 0.016826923076923076 0.07932692307692307
0 0.27283653846153844 0.33052884615384615 0.016826923076923076 0.02403846153846154
0 0.15504807692307693 0.3425480769230769 0.016826923076923076 0.02403846153846154
0 0.12620192307692307 0.3425480769230769 0.014423076923076924 0.019230769230769232