0 0.6370192307692307 0.5132211538461539 0.06971153846153846 0.09134615384615384
0 0.22235576923076922 0.44350961538461536 0.028846153846153848 0.03365384615384615
0 0.41225961538461536 0.4098557692307692 0.02403846153846154 0.03365384615384615
0 0.4519230769230769 0.4074519230769231 0.026442307692307692 0.028846153846153848
0 0.59375 0.4230769230769231 0.03365384615384615 0.04326923076923077
3 0.9134615384615384 0.4387019230769231 0.07692307692307693 0.12980769230769232
3 0.5961538461538461 0.36778846153846156 0.03365384615384615 0.04326923076923077
3 0.23798076923076922 0.38461538461538464 0.03365384615384615 0.04807692307692308
4 0.23557692307692307 0.3329326923076923 0.03125 0.04567307692307692
0 0.6310096153846154 0.4098557692307692 0.026442307692307692 0.03365384615384615
1 0.4326923076923077 0.3581730769230769 0.04807692307692308 0.05048076923076923
2 0.5961538461538461 0.3173076923076923 0.03365384615384615 0.04807692307692308
0 0.3713942307692308 0.3786057692307692 0.014423076923076924 0.019230769230769232
0 0.796875 0.4050480769230769 0.014423076923076924 0.019230769230769232
3 0.4735576923076923 0.3485576923076923 0.01201923076923077 0.019230769230769232
3 0.3317307692307692 0.3557692307692308 0.014423076923076924 0.016826923076923076
2 0.47475961538461536 0.3317307692307692 0.014423076923076924 0.016826923076923076