0 0.7824519230769231 0.4879807692307692 0.04807692307692308 0.06971153846153846
0 0.05048076923076923 0.5408653846153846 0.0625 0.08173076923076923
0 0.8581730769230769 0.42427884615384615 0.021634615384615384 0.03365384615384615
0 0.7139423076923077 0.4074519230769231 0.02403846153846154 0.03125
0 0.7872596153846154 0.39302884615384615 0.014423076923076924 0.019230769230769232
0 0.6911057692307693 0.3786057692307692 0.009615384615384616 0.014423076923076924
0 0.41346153846153844 0.39302884615384615 0.02403846153846154 0.02403846153846154
3 0.4651442307692308 0.41346153846153844 0.052884615384615384 0.014423076923076924
3 0.5516826923076923 0.3473557692307692 0.021634615384615384 0.028846153846153848
2 0.8317307692307693 0.33774038461538464 0.01201923076923077 0.038461538461538464
2 0.7259615384615384 0.328125 0.019230769230769232 0.02403846153846154
0 0.2860576923076923 0.18990384615384615 0.040865384615384616 0.04326923076923077
4 0.5516826923076923 0.31490384615384615 0.019230769230769232 0.019230769230769232
3 0.828125 0.38822115384615385 0.019230769230769232 0.04807692307692308
3 0.7259615384615384 0.359375 0.019230769230769232 0.03125
0 0.07211538461538461 0.3173076923076923 0.014423076923076924 0.019230769230769232