0 0.19471153846153846 0.5036057692307693 0.052884615384615384 0.06490384615384616
6 0.640625 0.7211538461538461 0.01201923076923077 0.019230769230769232
3 0.38221153846153844 0.5985576923076923 0.021634615384615384 0.07211538461538461
3 0.4855769230769231 0.6225961538461539 0.028846153846153848 0.038461538461538464
2 0.7776442307692307 0.65625 0.02403846153846154 0.03365384615384615
0 0.07692307692307693 0.5336538461538461 0.028846153846153848 0.028846153846153848
0 0.7223557692307693 0.5733173076923077 0.026442307692307692 0.028846153846153848
0 0.6658653846153846 0.6009615384615384 0.014423076923076924 0.019230769230769232
1 0.6033653846153846 0.6165865384615384 0.0625 0.057692307692307696
3 0.7764423076923077 0.6141826923076923 0.02403846153846154 0.038461538461538464
3 0.7560096153846154 0.609375 0.01201923076923077 0.038461538461538464
4 0.48197115384615385 0.6646634615384616 0.026442307692307692 0.038461538461538464
3 0.9182692307692307 0.5504807692307693 0.03365384615384615 0.07692307692307693
2 0.9242788461538461 0.6370192307692307 0.02403846153846154 0.057692307692307696
4 0.3858173076923077 0.6802884615384616 0.019230769230769232 0.06009615384615385