0 0.8810096153846154 0.5913461538461539 0.07451923076923077 0.10576923076923077
0 0.1466346153846154 0.6141826923076923 0.09134615384615384 0.1201923076923077
0 0.0625 0.4495192307692308 0.019230769230769232 0.03365384615384615
3 0.11899038461538461 0.8004807692307693 0.23076923076923078 0.21153846153846154
0 0.6622596153846154 0.40024038461538464 0.021634615384615384 0.02403846153846154
3 0.8401442307692307 0.3894230769230769 0.014423076923076924 0.028846153846153848
3 0.7512019230769231 0.3762019230769231 0.01201923076923077 0.019230769230769232
0 0.11538461538461539 0.41586538461538464 0.014423076923076924 0.019230769230769232
0 0.7283653846153846 0.43990384615384615 0.03365384615384615 0.038461538461538464
3 0.7872596153846154 0.4639423076923077 0.06971153846153846 0.019230769230769232
0 0.9735576923076923 0.4483173076923077 0.01201923076923077 0.019230769230769232
0 0.9435096153846154 0.33413461538461536 0.01201923076923077 0.019230769230769232
0 0.8677884615384616 0.4050480769230769 0.014423076923076924 0.014423076923076924
2 0.7512019230769231 0.35336538461538464 0.014423076923076924 0.02403846153846154
0 0.21634615384615385 0.30528846153846156 0.019230769230769232 0.019230769230769232
2 0.8425480769230769 0.3545673076923077 0.014423076923076924 0.019230769230769232
1 0.16466346153846154 0.3894230769230769 0.028846153846153848 0.038461538461538464
0 0.7451923076923077 0.4254807692307692 0.019230769230769232 0.03365384615384615
0 0.7283653846153846 0.39663461538461536 0.014423076923076924 0.019230769230769232