0 0.5745192307692307 0.21153846153846154 0.10576923076923077 0.08413461538461539
0 0.5204326923076923 0.9639423076923077 0.052884615384615384 0.040865384615384616
0 0.4266826923076923 0.5913461538461539 0.038461538461538464 0.03365384615384615
0 0.3954326923076923 0.4411057692307692 0.02403846153846154 0.019230769230769232
0 0.2127403846153846 0.25240384615384615 0.04326923076923077 0.04567307692307692
0 0.3858173076923077 0.5480769230769231 0.019230769230769232 0.01201923076923077
3 0.9170673076923077 0.14423076923076922 0.14423076923076922 0.2644230769230769
3 0.4375 0.9567307692307693 0.07932692307692307 0.040865384615384616
4 0.3629807692307692 0.9615384615384616 0.06490384615384616 0.04326923076923077
3 0.36538461538461536 0.5168269230769231 0.03365384615384615 0.019230769230769232
2 0.3293269230769231 0.5192307692307693 0.03365384615384615 0.014423076923076924
6 0.3088942307692308 0.35336538461538464 0.019230769230769232 0.01201923076923077
0 0.45072115384615385 0.9110576923076923 0.03365384615384615 0.021634615384615384