0 0.5084134615384616 0.47596153846153844 0.1346153846153846 0.10096153846153846
0 0.35697115384615385 0.4879807692307692 0.04807692307692308 0.03365384615384615
0 0.3545673076923077 0.3425480769230769 0.03365384615384615 0.028846153846153848
3 0.3317307692307692 0.5757211538461539 0.09134615384615384 0.0625
4 0.23918269230769232 0.5733173076923077 0.07932692307692307 0.057692307692307696
0 0.5360576923076923 0.9711538461538461 0.12980769230769232 0.04807692307692308
0 0.34375 0.6730769230769231 0.03365384615384615 0.03125
0 0.3245192307692308 0.7307692307692307 0.02403846153846154 0.016826923076923076
0 0.3425480769230769 0.5012019230769231 0.038461538461538464 0.019230769230769232
0 0.33052884615384615 0.3016826923076923 0.014423076923076924 0.014423076923076924
0 0.22716346153846154 0.7572115384615384 0.019230769230769232 0.01201923076923077