6 0.640625 0.7199519230769231 0.014423076923076924 0.02403846153846154
2 0.7776442307692307 0.6550480769230769 0.02403846153846154 0.03365384615384615
3 0.7764423076923077 0.6141826923076923 0.02403846153846154 0.038461538461538464
0 0.19471153846153846 0.5036057692307693 0.052884615384615384 0.06490384615384616
0 0.07572115384615384 0.5288461538461539 0.026442307692307692 0.028846153846153848
3 0.38221153846153844 0.6009615384615384 0.016826923076923076 0.07211538461538461
3 0.9182692307692307 0.5504807692307693 0.03365384615384615 0.07451923076923077
2 0.9254807692307693 0.6334134615384616 0.028846153846153848 0.07932692307692307
4 0.484375 0.6646634615384616 0.028846153846153848 0.038461538461538464
3 0.4855769230769231 0.625 0.028846153846153848 0.038461538461538464
4 0.38461538461538464 0.6790865384615384 0.019230769230769232 0.07211538461538461