0 0.8653846153846154 0.39783653846153844 0.038461538461538464 0.04567307692307692
0 0.6009615384615384 0.4074519230769231 0.052884615384615384 0.0673076923076923
0 0.2800480769230769 0.3401442307692308 0.014423076923076924 0.019230769230769232
0 0.23677884615384615 0.3485576923076923 0.014423076923076924 0.019230769230769232
0 0.05048076923076923 0.42908653846153844 0.028846153846153848 0.052884615384615384
3 0.20432692307692307 0.33413461538461536 0.014423076923076924 0.028846153846153848
0 0.47475961538461536 0.37740384615384615 0.04326923076923077 0.04567307692307692
0 0.3942307692307692 0.34375 0.02403846153846154 0.028846153846153848
2 0.20192307692307693 0.2932692307692308 0.014423076923076924 0.019230769230769232
0 0.5216346153846154 0.18509615384615385 0.028846153846153848 0.028846153846153848
3 0.13942307692307693 0.3401442307692308 0.014423076923076924 0.019230769230769232