0 0.6598557692307693 0.4723557692307692 0.10096153846153846 0.12980769230769232
0 0.36778846153846156 0.6382211538461539 0.038461538461538464 0.04326923076923077
0 0.8353365384615384 0.5612980769230769 0.052884615384615384 0.06490384615384616
3 0.9495192307692307 0.5709134615384616 0.08173076923076923 0.13701923076923078
2 0.17548076923076922 0.7271634615384616 0.019230769230769232 0.02403846153846154
0 0.5841346153846154 0.6610576923076923 0.02403846153846154 0.028846153846153848
3 0.17548076923076922 0.6971153846153846 0.016826923076923076 0.028846153846153848
2 0.9567307692307693 0.7115384615384616 0.07692307692307693 0.12259615384615384
0 0.3088942307692308 0.6875 0.016826923076923076 0.016826923076923076
0 0.3449519230769231 0.6742788461538461 0.019230769230769232 0.02403846153846154
0 0.3918269230769231 0.6838942307692307 0.019230769230769232 0.019230769230769232
0 0.3329326923076923 0.6923076923076923 0.004807692307692308 0.019230769230769232
0 0.3557692307692308 0.6971153846153846 0.014423076923076924 0.014423076923076924
0 0.8689903846153846 0.5769230769230769 0.026442307692307692 0.04567307692307692
0 0.5324519230769231 0.6754807692307693 0.019230769230769232 0.02403846153846154
0 0.5540865384615384 0.6778846153846154 0.016826923076923076 0.019230769230769232