3 0.24879807692307693 0.41346153846153844 0.08413461538461539 0.028846153846153848
3 0.7800480769230769 0.32091346153846156 0.019230769230769232 0.02403846153846154
3 0.4795673076923077 0.3076923076923077 0.01201923076923077 0.03365384615384615
0 0.921875 0.21033653846153846 0.03365384615384615 0.04326923076923077
0 0.3473557692307692 0.3629807692307692 0.036057692307692304 0.03365384615384615
0 0.20432692307692307 0.38221153846153844 0.036057692307692304 0.04326923076923077
0 0.4266826923076923 0.3389423076923077 0.02403846153846154 0.03125
0 0.9411057692307693 0.43990384615384615 0.04326923076923077 0.057692307692307696
0 0.6213942307692307 0.33533653846153844 0.021634615384615384 0.02403846153846154
0 0.5925480769230769 0.31971153846153844 0.014423076923076924 0.014423076923076924
0 0.2692307692307692 0.33533653846153844 0.019230769230769232 0.019230769230769232
2 0.7824519230769231 0.28846153846153844 0.019230769230769232 0.028846153846153848
6 0.6526442307692307 0.24158653846153846 0.014423076923076924 0.019230769230769232
0 0.35336538461538464 0.3425480769230769 0.02403846153846154 0.028846153846153848
0 0.23677884615384615 0.3317307692307692 0.014423076923076924 0.019230769230769232
4 0.47716346153846156 0.2620192307692308 0.014423076923076924 0.03365384615384615