0 0.8810096153846154 0.4579326923076923 0.04326923076923077 0.0625
0 0.9387019230769231 0.5504807692307693 0.0673076923076923 0.10576923076923077
0 0.21995192307692307 0.3737980769230769 0.03125 0.036057692307692304
0 0.4362980769230769 0.33774038461538464 0.009615384615384616 0.016826923076923076
0 0.5769230769230769 0.35336538461538464 0.02403846153846154 0.028846153846153848
0 0.6045673076923077 0.35096153846153844 0.014423076923076924 0.02403846153846154
0 0.9699519230769231 0.44471153846153844 0.02403846153846154 0.038461538461538464
0 0.9411057692307693 0.41947115384615385 0.016826923076923076 0.028846153846153848
0 0.4675480769230769 0.3269230769230769 0.014423076923076924 0.016826923076923076
0 0.8473557692307693 0.36538461538461536 0.009615384615384616 0.019230769230769232
3 0.7560096153846154 0.46634615384615385 0.10096153846153846 0.05048076923076923