0 0.2932692307692308 0.2764423076923077 0.16105769230769232 0.2283653846153846
3 0.6274038461538461 0.578125 0.07211538461538461 0.12740384615384615
0 0.7728365384615384 0.5528846153846154 0.038461538461538464 0.04807692307692308
0 0.5408653846153846 0.5588942307692307 0.04567307692307692 0.052884615384615384
0 0.39783653846153844 0.5841346153846154 0.026442307692307692 0.038461538461538464
6 0.16826923076923078 0.6862980769230769 0.014423076923076924 0.019230769230769232
4 0.6274038461538461 0.7067307692307693 0.0625 0.10817307692307693
0 0.3918269230769231 0.6189903846153846 0.016826923076923076 0.019230769230769232
0 0.4362980769230769 0.6286057692307693 0.014423076923076924 0.019230769230769232
0 0.4206730769230769 0.6021634615384616 0.02403846153846154 0.028846153846153848
0 0.5709134615384616 0.578125 0.028846153846153848 0.04807692307692308
0 0.8473557692307693 0.5733173076923077 0.02403846153846154 0.028846153846153848
3 0.8221153846153846 0.5432692307692307 0.057692307692307696 0.019230769230769232