0 0.1502403846153846 0.6129807692307693 0.0889423076923077 0.11298076923076923
0 0.8846153846153846 0.5865384615384616 0.07451923076923077 0.10576923076923077
0 0.7307692307692307 0.43990384615384615 0.03365384615384615 0.04326923076923077
3 0.11298076923076923 0.796875 0.21634615384615385 0.20192307692307693
3 0.7908653846153846 0.45913461538461536 0.0673076923076923 0.019230769230769232
3 0.8413461538461539 0.38461538461538464 0.014423076923076924 0.028846153846153848
2 0.8425480769230769 0.35096153846153844 0.014423076923076924 0.019230769230769232
0 0.6646634615384616 0.39663461538461536 0.019230769230769232 0.028846153846153848
3 0.7524038461538461 0.37259615384615385 0.014423076923076924 0.016826923076923076
2 0.7524038461538461 0.3485576923076923 0.014423076923076924 0.019230769230769232
0 0.7283653846153846 0.3942307692307692 0.014423076923076924 0.019230769230769232
0 0.9783653846153846 0.44350961538461536 0.01201923076923077 0.019230769230769232
0 0.9459134615384616 0.3317307692307692 0.014423076923076924 0.019230769230769232
0 0.0673076923076923 0.4519230769230769 0.021634615384615384 0.03365384615384615
0 0.11538461538461539 0.4170673076923077 0.014423076923076924 0.019230769230769232
1 0.15865384615384615 0.39302884615384615 0.04807692307692308 0.04326923076923077
0 0.21754807692307693 0.30408653846153844 0.014423076923076924 0.016826923076923076