0 0.90625 0.4170673076923077 0.09375 0.13701923076923078
0 0.5709134615384616 0.6213942307692307 0.04807692307692308 0.057692307692307696
0 0.7067307692307693 0.6382211538461539 0.028846153846153848 0.038461538461538464
0 0.32091346153846156 0.6274038461538461 0.038461538461538464 0.04567307692307692
3 0.49158653846153844 0.6430288461538461 0.0673076923076923 0.12740384615384615
0 0.234375 0.6490384615384616 0.026442307692307692 0.028846153846153848
0 0.3016826923076923 0.6490384615384616 0.02403846153846154 0.03125
3 0.2620192307692308 0.6225961538461539 0.057692307692307696 0.019230769230769232
0 0.1935096153846154 0.7620192307692307 0.014423076923076924 0.019230769230769232
0 0.08774038461538461 0.6322115384615384 0.019230769230769232 0.02403846153846154
0 0.5408653846153846 0.6418269230769231 0.019230769230769232 0.04567307692307692
0 0.6802884615384616 0.6574519230769231 0.02403846153846154 0.03125
4 0.4879807692307692 0.7776442307692307 0.06971153846153846 0.12259615384615384
0 0.21754807692307693 0.6598557692307693 0.016826923076923076 0.02403846153846154
0 0.12139423076923077 0.65625 0.01201923076923077 0.019230769230769232