0 0.9651442307692307 0.4050480769230769 0.0673076923076923 0.12259615384615384
0 0.7115384615384616 0.5745192307692307 0.04807692307692308 0.07211538461538461
0 0.4230769230769231 0.6466346153846154 0.03125 0.038461538461538464
0 0.6262019230769231 0.6742788461538461 0.014423076923076924 0.019230769230769232
0 0.6971153846153846 0.7644230769230769 0.019230769230769232 0.02403846153846154
0 0.5492788461538461 0.6838942307692307 0.014423076923076924 0.019230769230769232
0 0.5637019230769231 0.6838942307692307 0.014423076923076924 0.019230769230769232
0 0.47475961538461536 0.6802884615384616 0.014423076923076924 0.019230769230769232
3 0.22235576923076922 0.6838942307692307 0.014423076923076924 0.04326923076923077
3 0.3088942307692308 0.7079326923076923 0.019230769230769232 0.02403846153846154
3 0.5805288461538461 0.6045673076923077 0.07211538461538461 0.016826923076923076
0 0.4362980769230769 0.6995192307692307 0.014423076923076924 0.014423076923076924
0 0.2776442307692308 0.6850961538461539 0.019230769230769232 0.019230769230769232
0 0.33653846153846156 0.6995192307692307 0.014423076923076924 0.01201923076923077
6 0.3942307692307692 0.7608173076923077 0.014423076923076924 0.019230769230769232
2 0.22235576923076922 0.7307692307692307 0.014423076923076924 0.038461538461538464
0 0.390625 0.6862980769230769 0.014423076923076924 0.019230769230769232