0 0.7331730769230769 0.6057692307692307 0.04807692307692308 0.052884615384615384
0 0.16346153846153846 0.578125 0.04807692307692308 0.06490384615384616
0 0.8774038461538461 0.8088942307692307 0.026442307692307692 0.03365384615384615
0 0.9471153846153846 0.5865384615384616 0.03125 0.04326923076923077
0 0.3581730769230769 0.6598557692307693 0.026442307692307692 0.03125
3 0.23076923076923078 0.5444711538461539 0.125 0.038461538461538464
0 0.6634615384615384 0.6754807692307693 0.021634615384615384 0.028846153846153848
0 0.7271634615384616 0.6754807692307693 0.014423076923076924 0.019230769230769232
0 0.7127403846153846 0.7764423076923077 0.014423076923076924 0.019230769230769232
0 0.5348557692307693 0.6875 0.019230769230769232 0.02403846153846154
0 0.9615384615384616 0.6262019230769231 0.016826923076923076 0.028846153846153848