0 0.44471153846153844 0.7355769230769231 0.11057692307692307 0.08173076923076923
0 0.5432692307692307 0.6286057692307693 0.057692307692307696 0.04807692307692308
0 0.5889423076923077 0.44591346153846156 0.03365384615384615 0.026442307692307692
0 0.6057692307692307 0.32211538461538464 0.019230769230769232 0.014423076923076924
0 0.5216346153846154 0.1346153846153846 0.052884615384615384 0.036057692307692304
3 0.4831730769230769 0.9014423076923077 0.3004807692307692 0.16826923076923078
0 0.5420673076923077 0.038461538461538464 0.019230769230769232 0.009615384615384616
0 0.5252403846153846 0.051682692307692304 0.038461538461538464 0.021634615384615384
0 0.5973557692307693 0.24639423076923078 0.019230769230769232 0.014423076923076924
0 0.6454326923076923 0.1971153846153846 0.028846153846153848 0.026442307692307692
0 0.59375 0.75 0.016826923076923076 0.014423076923076924
1 0.5901442307692307 0.19951923076923078 0.07932692307692307 0.07932692307692307