0 0.5096153846153846 0.3713942307692308 0.07211538461538461 0.0625
1 0.6009615384615384 0.5060096153846154 0.09615384615384616 0.11538461538461539
0 0.5492788461538461 0.28966346153846156 0.04807692307692308 0.038461538461538464
0 0.5216346153846154 0.13581730769230768 0.04326923076923077 0.038461538461538464
0 0.5336538461538461 0.8401442307692307 0.05048076923076923 0.04567307692307692
0 0.6754807692307693 0.5084134615384616 0.038461538461538464 0.038461538461538464
0 0.53125 0.10817307692307693 0.04326923076923077 0.02403846153846154
0 0.5120192307692307 0.038461538461538464 0.04326923076923077 0.03365384615384615
0 0.5853365384615384 0.3112980769230769 0.028846153846153848 0.02403846153846154
0 0.5877403846153846 0.23557692307692307 0.02403846153846154 0.021634615384615384
3 0.4951923076923077 0.1814903846153846 0.03365384615384615 0.0889423076923077
3 0.4567307692307692 0.9086538461538461 0.038461538461538464 0.0985576923076923
0 0.5997596153846154 0.6754807692307693 0.02403846153846154 0.019230769230769232
0 0.6033653846153846 0.3894230769230769 0.02403846153846154 0.02403846153846154