0 0.4411057692307692 0.296875 0.10576923076923077 0.08173076923076923
0 0.5588942307692307 0.8185096153846154 0.038461538461538464 0.028846153846153848
0 0.6165865384615384 0.6490384615384616 0.016826923076923076 0.014423076923076924
0 0.5853365384615384 0.45913461538461536 0.038461538461538464 0.036057692307692304
0 0.5853365384615384 0.2824519230769231 0.038461538461538464 0.028846153846153848
0 0.6189903846153846 0.4963942307692308 0.019230769230769232 0.014423076923076924
3 0.46033653846153844 0.055288461538461536 0.04326923076923077 0.08653846153846154
3 0.6442307692307693 0.46153846153846156 0.03125 0.02403846153846154
3 0.6370192307692307 0.65625 0.03365384615384615 0.02403846153846154
2 0.6778846153846154 0.46274038461538464 0.03125 0.019230769230769232
4 0.6706730769230769 0.65625 0.028846153846153848 0.021634615384615384
0 0.6165865384615384 0.3870192307692308 0.019230769230769232 0.014423076923076924
3 0.625 0.328125 0.04567307692307692 0.021634615384615384
3 0.625 0.7115384615384616 0.052884615384615384 0.014423076923076924
6 0.7127403846153846 0.5288461538461539 0.03365384615384615 0.019230769230769232
2 0.6814903846153846 0.3233173076923077 0.04567307692307692 0.014423076923076924
0 0.6298076923076923 0.5360576923076923 0.019230769230769232 0.014423076923076924
0 0.5432692307692307 0.03485576923076923 0.03365384615384615 0.02403846153846154