0 0.4411057692307692 0.6682692307692307 0.13942307692307693 0.17548076923076922
0 0.20432692307692307 0.49158653846153844 0.04807692307692308 0.0625
0 0.953125 0.5721153846153846 0.057692307692307696 0.08173076923076923
0 0.5 0.41466346153846156 0.02403846153846154 0.03365384615384615
0 0.4014423076923077 0.40024038461538464 0.021634615384615384 0.019230769230769232
0 0.7283653846153846 0.2127403846153846 0.04326923076923077 0.04326923076923077
3 0.19951923076923078 0.39663461538461536 0.014423076923076924 0.04807692307692308
2 0.19591346153846154 0.3449519230769231 0.014423076923076924 0.038461538461538464
4 0.47716346153846156 0.3317307692307692 0.016826923076923076 0.019230769230769232
0 0.16706730769230768 0.42788461538461536 0.02403846153846154 0.03125
1 0.3269230769230769 0.3954326923076923 0.11298076923076923 0.11298076923076923
3 0.030048076923076924 0.5264423076923077 0.055288461538461536 0.03365384615384615
3 0.5588942307692307 0.4338942307692308 0.055288461538461536 0.019230769230769232
3 0.47596153846153844 0.36177884615384615 0.019230769230769232 0.02403846153846154
6 0.3629807692307692 0.30528846153846156 0.014423076923076924 0.02403846153846154