0 0.5913461538461539 0.49759615384615385 0.038461538461538464 0.03365384615384615
4 0.6754807692307693 0.9447115384615384 0.07451923076923077 0.04326923076923077
4 0.7235576923076923 0.22355769230769232 0.1346153846153846 0.09134615384615384
3 0.578125 0.22596153846153846 0.13942307692307693 0.09134615384615384
0 0.5673076923076923 0.296875 0.04807692307692308 0.028846153846153848
0 0.5817307692307693 0.6850961538461539 0.04326923076923077 0.036057692307692304
1 0.5276442307692307 0.8617788461538461 0.22115384615384615 0.2668269230769231
0 0.5709134615384616 0.1502403846153846 0.03365384615384615 0.02403846153846154
0 0.6322115384615384 0.5420673076923077 0.019230769230769232 0.01201923076923077
0 0.6153846153846154 0.46634615384615385 0.03125 0.028846153846153848
3 0.6514423076923077 0.6201923076923077 0.03125 0.014423076923076924