0 0.5036057692307693 0.8052884615384616 0.06490384615384616 0.052884615384615384
6 0.7211538461538461 0.359375 0.019230769230769232 0.01201923076923077
3 0.5985576923076923 0.6177884615384616 0.07211538461538461 0.021634615384615384
3 0.6225961538461539 0.5144230769230769 0.038461538461538464 0.028846153846153848
2 0.65625 0.22235576923076922 0.03365384615384615 0.02403846153846154
0 0.5336538461538461 0.9230769230769231 0.028846153846153848 0.028846153846153848
0 0.5733173076923077 0.2776442307692308 0.028846153846153848 0.026442307692307692
0 0.6009615384615384 0.33413461538461536 0.019230769230769232 0.014423076923076924
1 0.6165865384615384 0.39663461538461536 0.057692307692307696 0.0625
3 0.6141826923076923 0.22355769230769232 0.038461538461538464 0.02403846153846154
3 0.609375 0.2439903846153846 0.038461538461538464 0.01201923076923077
4 0.6646634615384616 0.5180288461538461 0.038461538461538464 0.026442307692307692
3 0.5504807692307693 0.08173076923076923 0.07692307692307693 0.03365384615384615
2 0.6370192307692307 0.07572115384615384 0.057692307692307696 0.02403846153846154
4 0.6802884615384616 0.6141826923076923 0.06009615384615385 0.019230769230769232