0 0.15264423076923078 0.390625 0.08413461538461539 0.1201923076923077
0 0.8858173076923077 0.40384615384615385 0.08173076923076923 0.10576923076923077
0 0.7319711538461539 0.5564903846153846 0.036057692307692304 0.04326923076923077
3 0.12259615384615384 0.20072115384615385 0.23557692307692307 0.21153846153846154
1 0.1346153846153846 0.5997596153846154 0.06971153846153846 0.05048076923076923
0 0.6658653846153846 0.5985576923076923 0.021634615384615384 0.028846153846153848
3 0.84375 0.609375 0.01201923076923077 0.03125
2 0.8473557692307693 0.6442307692307693 0.014423076923076924 0.02403846153846154
3 0.7560096153846154 0.6213942307692307 0.014423076923076924 0.019230769230769232
3 0.7908653846153846 0.5372596153846154 0.055288461538461536 0.019230769230769232
6 0.7115384615384616 0.6766826923076923 0.009615384615384616 0.019230769230769232
0 0.06850961538461539 0.5588942307692307 0.021634615384615384 0.04567307692307692
1 0.9134615384615384 0.5985576923076923 0.014423076923076924 0.028846153846153848
0 0.21995192307692307 0.6983173076923077 0.021634615384615384 0.02403846153846154
0 0.9783653846153846 0.5504807692307693 0.01201923076923077 0.019230769230769232
2 0.7560096153846154 0.6454326923076923 0.01201923076923077 0.019230769230769232
0 0.9471153846153846 0.6622596153846154 0.014423076923076924 0.019230769230769232