0 0.8497596153846154 0.3870192307692308 0.0889423076923077 0.11538461538461539
0 0.11538461538461539 0.41346153846153844 0.07451923076923077 0.10576923076923077
0 0.2692307692307692 0.5600961538461539 0.03365384615384615 0.04326923076923077
3 0.8870192307692307 0.203125 0.21634615384615385 0.20192307692307693
3 0.2091346153846154 0.5408653846153846 0.0673076923076923 0.019230769230769232
3 0.15865384615384615 0.6153846153846154 0.014423076923076924 0.026442307692307692
2 0.15745192307692307 0.6490384615384616 0.014423076923076924 0.019230769230769232
0 0.33533653846153844 0.6033653846153846 0.019230769230769232 0.028846153846153848
3 0.24759615384615385 0.6274038461538461 0.014423076923076924 0.016826923076923076
2 0.24759615384615385 0.6514423076923077 0.014423076923076924 0.019230769230769232
0 0.27163461538461536 0.6057692307692307 0.014423076923076924 0.019230769230769232
0 0.021634615384615384 0.5564903846153846 0.01201923076923077 0.019230769230769232
0 0.054086538461538464 0.6682692307692307 0.014423076923076924 0.019230769230769232
0 0.9326923076923077 0.5480769230769231 0.021634615384615384 0.03365384615384615
0 0.8846153846153846 0.5829326923076923 0.014423076923076924 0.019230769230769232
1 0.8413461538461539 0.6069711538461539 0.04807692307692308 0.04326923076923077
0 0.7824519230769231 0.6959134615384616 0.014423076923076924 0.016826923076923076