0 0.6574519230769231 0.5540865384615384 0.10096153846153846 0.1346153846153846
0 0.23317307692307693 0.6153846153846154 0.125 0.1778846153846154
0 0.03245192307692308 0.4987980769230769 0.04326923076923077 0.06490384615384616
0 0.18990384615384615 0.4338942307692308 0.038461538461538464 0.052884615384615384
0 0.0829326923076923 0.2608173076923077 0.02403846153846154 0.028846153846153848
0 0.22956730769230768 0.38461538461538464 0.019230769230769232 0.02403846153846154
0 0.46153846153846156 0.36899038461538464 0.019230769230769232 0.02403846153846154
0 0.5853365384615384 0.3641826923076923 0.016826923076923076 0.02403846153846154
3 0.453125 0.33533653846153844 0.028846153846153848 0.03365384615384615
3 0.7127403846153846 0.34375 0.026442307692307692 0.028846153846153848
0 0.6129807692307693 0.3629807692307692 0.014423076923076924 0.019230769230769232
0 0.5300480769230769 0.3449519230769231 0.01201923076923077 0.014423076923076924
3 0.33774038461538464 0.4639423076923077 0.10336538461538461 0.028846153846153848
0 0.5877403846153846 0.4723557692307692 0.06971153846153846 0.09615384615384616
4 0.453125 0.2980769230769231 0.028846153846153848 0.03365384615384615
2 0.7139423076923077 0.30649038461538464 0.02403846153846154 0.03365384615384615
1 0.8173076923076923 0.4026442307692308 0.20673076923076922 0.12980769230769232
1 0.3112980769230769 0.3629807692307692 0.10336538461538461 0.07451923076923077
2 0.8846153846153846 0.3088942307692308 0.03365384615384615 0.057692307692307696