0 0.4723557692307692 0.3401442307692308 0.12980769230769232 0.10096153846153846
0 0.6382211538461539 0.6322115384615384 0.04326923076923077 0.038461538461538464
0 0.5612980769230769 0.16466346153846154 0.06490384615384616 0.052884615384615384
3 0.5709134615384616 0.05048076923076923 0.13701923076923078 0.08173076923076923
2 0.7271634615384616 0.8245192307692307 0.02403846153846154 0.019230769230769232
0 0.6610576923076923 0.41586538461538464 0.028846153846153848 0.02403846153846154
3 0.6971153846153846 0.8245192307692307 0.028846153846153848 0.016826923076923076
2 0.7115384615384616 0.04326923076923077 0.12259615384615384 0.07692307692307693
0 0.6875 0.6911057692307693 0.016826923076923076 0.016826923076923076
0 0.6742788461538461 0.6550480769230769 0.02403846153846154 0.019230769230769232
0 0.6838942307692307 0.6081730769230769 0.019230769230769232 0.019230769230769232
0 0.6923076923076923 0.6670673076923077 0.019230769230769232 0.004807692307692308
0 0.6971153846153846 0.6442307692307693 0.014423076923076924 0.014423076923076924
0 0.5769230769230769 0.1310096153846154 0.04567307692307692 0.026442307692307692
0 0.6754807692307693 0.4675480769230769 0.02403846153846154 0.019230769230769232
0 0.6778846153846154 0.44591346153846156 0.019230769230769232 0.016826923076923076