0 0.6057692307692307 0.2668269230769231 0.052884615384615384 0.04807692307692308
0 0.578125 0.8365384615384616 0.06490384615384616 0.04807692307692308
0 0.8088942307692307 0.12259615384615384 0.03365384615384615 0.026442307692307692
0 0.5865384615384616 0.052884615384615384 0.04326923076923077 0.03125
0 0.6598557692307693 0.6418269230769231 0.03125 0.026442307692307692
3 0.5444711538461539 0.7692307692307693 0.038461538461538464 0.125
0 0.6754807692307693 0.33653846153846156 0.028846153846153848 0.021634615384615384
0 0.6754807692307693 0.27283653846153844 0.019230769230769232 0.014423076923076924
0 0.7764423076923077 0.28725961538461536 0.019230769230769232 0.014423076923076924
0 0.6875 0.4651442307692308 0.02403846153846154 0.019230769230769232
0 0.6262019230769231 0.038461538461538464 0.028846153846153848 0.016826923076923076