0 0.7355769230769231 0.5552884615384616 0.08173076923076923 0.11057692307692307
0 0.6286057692307693 0.4567307692307692 0.04807692307692308 0.057692307692307696
0 0.44591346153846156 0.4110576923076923 0.026442307692307692 0.03365384615384615
0 0.32211538461538464 0.3942307692307692 0.014423076923076924 0.019230769230769232
0 0.1346153846153846 0.47836538461538464 0.036057692307692304 0.052884615384615384
3 0.9014423076923077 0.5168269230769231 0.16826923076923078 0.3004807692307692
0 0.038461538461538464 0.4579326923076923 0.009615384615384616 0.019230769230769232
0 0.051682692307692304 0.47475961538461536 0.021634615384615384 0.038461538461538464
0 0.24639423076923078 0.4026442307692308 0.014423076923076924 0.019230769230769232
0 0.1971153846153846 0.3545673076923077 0.026442307692307692 0.028846153846153848
0 0.75 0.40625 0.014423076923076924 0.016826923076923076
1 0.19951923076923078 0.4098557692307692 0.07932692307692307 0.07932692307692307