0 0.8269230769230769 0.5456730769230769 0.038461538461538464 0.052884615384615384
0 0.8786057692307693 0.5745192307692307 0.02403846153846154 0.03125
0 0.2536057692307692 0.5673076923076923 0.03365384615384615 0.038461538461538464
0 0.18389423076923078 0.5504807692307693 0.028846153846153848 0.04326923076923077
0 0.12860576923076922 0.5456730769230769 0.02403846153846154 0.03365384615384615
3 0.46274038461538464 0.6478365384615384 0.021634615384615384 0.02403846153846154
3 0.4026442307692308 0.5600961538461539 0.07211538461538461 0.019230769230769232
2 0.46274038461538464 0.6814903846153846 0.019230769230769232 0.028846153846153848
0 0.7596153846153846 0.5901442307692307 0.026442307692307692 0.03365384615384615
1 0.7319711538461539 0.6346153846153846 0.08173076923076923 0.06009615384615385
5 0.7860576923076923 0.6754807692307693 0.019230769230769232 0.04807692307692308
5 0.6971153846153846 0.6754807692307693 0.019230769230769232 0.028846153846153848
3 0.7860576923076923 0.6274038461538461 0.014423076923076924 0.04326923076923077
0 0.13701923076923078 0.5757211538461539 0.014423076923076924 0.019230769230769232
0 0.35096153846153844 0.6262019230769231 0.014423076923076924 0.019230769230769232
0 0.37740384615384615 0.6262019230769231 0.014423076923076924 0.019230769230769232
0 0.421875 0.6286057692307693 0.01201923076923077 0.01201923076923077
3 0.6754807692307693 0.6454326923076923 0.009615384615384616 0.02403846153846154