0 0.03245192307692308 0.7283653846153846 0.0625 0.15384615384615385
0 0.04807692307692308 0.5036057692307693 0.028846153846153848 0.038461538461538464
0 0.2091346153846154 0.4326923076923077 0.014423076923076924 0.019230769230769232
3 0.3112980769230769 0.39783653846153844 0.040865384615384616 0.052884615384615384
0 0.47596153846153844 0.39663461538461536 0.014423076923076924 0.019230769230769232
0 0.5588942307692307 0.40865384615384615 0.019230769230769232 0.019230769230769232
3 0.7055288461538461 0.3918269230769231 0.04326923076923077 0.057692307692307696
3 0.7800480769230769 0.4855769230769231 0.06971153846153846 0.019230769230769232
2 0.7055288461538461 0.3269230769230769 0.04567307692307692 0.0625
4 0.3112980769230769 0.3401442307692308 0.040865384615384616 0.052884615384615384
0 0.9651442307692307 0.49158653846153844 0.03365384615384615 0.052884615384615384
0 0.8401442307692307 0.4362980769230769 0.02403846153846154 0.028846153846153848
0 0.8185096153846154 0.42908653846153844 0.021634615384615384 0.028846153846153848
3 0.46153846153846156 0.3629807692307692 0.014423076923076924 0.019230769230769232
3 0.6069711538461539 0.3629807692307692 0.014423076923076924 0.019230769230769232
0 0.054086538461538464 0.4723557692307692 0.019230769230769232 0.019230769230769232
6 0.4699519230769231 0.22235576923076922 0.03365384615384615 0.06009615384615385
5 0.46153846153846156 0.34375 0.014423076923076924 0.019230769230769232
2 0.6057692307692307 0.34375 0.01201923076923077 0.019230769230769232
0 0.9699519230769231 0.453125 0.019230769230769232 0.02403846153846154