3 0.40865384615384615 0.9038461538461539 0.07451923076923077 0.03365384615384615
3 0.3641826923076923 0.7512019230769231 0.038461538461538464 0.02403846153846154
4 0.3245192307692308 0.7536057692307693 0.03365384615384615 0.021634615384615384
0 0.4567307692307692 0.03485576923076923 0.03365384615384615 0.016826923076923076
0 0.44591346153846156 0.18028846153846154 0.04326923076923077 0.036057692307692304
0 0.390625 0.6526442307692307 0.02403846153846154 0.021634615384615384
3 0.36658653846153844 0.3605769230769231 0.08173076923076923 0.026442307692307692
2 0.2776442307692308 0.3605769230769231 0.08173076923076923 0.026442307692307692
6 0.24639423076923078 0.6346153846153846 0.03365384615384615 0.019230769230769232
1 0.3713942307692308 0.4423076923076923 0.0673076923076923 0.0673076923076923
0 0.3870192307692308 0.24879807692307693 0.014423076923076924 0.009615384615384616
0 0.3894230769230769 0.7872596153846154 0.019230769230769232 0.014423076923076924
4 0.3317307692307692 0.9074519230769231 0.07211538461538461 0.028846153846153848
3 0.3786057692307692 0.15264423076923078 0.028846153846153848 0.014423076923076924
3 0.39783653846153844 0.06850961538461539 0.019230769230769232 0.01201923076923077
0 0.4170673076923077 0.1658653846153846 0.028846153846153848 0.016826923076923076
0 0.38461538461538464 0.22115384615384615 0.014423076923076924 0.014423076923076924
0 0.3942307692307692 0.18629807692307693 0.016826923076923076 0.01201923076923077