0 0.4723557692307692 0.5060096153846154 0.07211538461538461 0.057692307692307696
0 0.43149038461538464 0.6802884615384616 0.05048076923076923 0.036057692307692304
0 0.5516826923076923 0.8966346153846154 0.10576923076923077 0.07211538461538461
0 0.4879807692307692 0.19110576923076922 0.0673076923076923 0.055288461538461536
0 0.4110576923076923 0.3293269230769231 0.03365384615384615 0.028846153846153848
0 0.3713942307692308 0.5324519230769231 0.019230769230769232 0.009615384615384616
0 0.4026442307692308 0.5661057692307693 0.03365384615384615 0.02403846153846154
3 0.3557692307692308 0.6286057692307693 0.02403846153846154 0.014423076923076924
2 0.32211538461538464 0.4338942307692308 0.02403846153846154 0.014423076923076924
0 0.38341346153846156 0.4483173076923077 0.019230769230769232 0.021634615384615384
1 0.6081730769230769 0.08173076923076923 0.4206730769230769 0.15865384615384615
4 0.32572115384615385 0.6274038461538461 0.028846153846153848 0.019230769230769232
0 0.4170673076923077 0.546875 0.038461538461538464 0.03125
0 0.3701923076923077 0.5096153846153846 0.019230769230769232 0.014423076923076924
2 0.3137019230769231 0.34975961538461536 0.03365384615384615 0.014423076923076924
3 0.359375 0.35216346153846156 0.038461538461538464 0.019230769230769232
3 0.35096153846153844 0.4326923076923077 0.028846153846153848 0.019230769230769232
0 0.4110576923076923 0.9026442307692307 0.014423076923076924 0.01201923076923077
0 0.4891826923076923 0.984375 0.04567307692307692 0.021634615384615384
0 0.3786057692307692 0.7175480769230769 0.016826923076923076 0.01201923076923077