0 0.6189903846153846 0.052884615384615384 0.038461538461538464 0.026442307692307692
3 0.5456730769230769 0.036057692307692304 0.04326923076923077 0.0673076923076923
3 0.6742788461538461 0.16346153846153846 0.0673076923076923 0.03365384615384615
3 0.7103365384615384 0.3317307692307692 0.03365384615384615 0.02403846153846154
4 0.7463942307692307 0.15985576923076922 0.0625 0.028846153846153848
4 0.75 0.3329326923076923 0.03365384615384615 0.02403846153846154
0 0.6802884615384616 0.4230769230769231 0.028846153846153848 0.02403846153846154
2 0.7415865384615384 0.6237980769230769 0.038461538461538464 0.028846153846153848
3 0.7019230769230769 0.6237980769230769 0.038461538461538464 0.028846153846153848
3 0.6875 0.6862980769230769 0.08653846153846154 0.019230769230769232
0 0.59375 0.8846153846153846 0.052884615384615384 0.038461538461538464
0 0.6213942307692307 0.9170673076923077 0.03365384615384615 0.021634615384615384
6 0.8125 0.4387019230769231 0.019230769230769232 0.016826923076923076
0 0.6694711538461539 0.19230769230769232 0.028846153846153848 0.019230769230769232
0 0.6899038461538461 0.3004807692307692 0.019230769230769232 0.014423076923076924
2 0.7836538461538461 0.6899038461538461 0.07932692307692307 0.016826923076923076
0 0.6694711538461539 0.7271634615384616 0.02403846153846154 0.016826923076923076
0 0.6574519230769231 0.8449519230769231 0.02403846153846154 0.016826923076923076
0 0.6574519230769231 0.8737980769230769 0.019230769230769232 0.014423076923076924