0 0.4963942307692308 0.18870192307692307 0.06490384615384616 0.052884615384615384
0 0.53125 0.0733173076923077 0.03365384615384615 0.02403846153846154
0 0.5456730769230769 0.013221153846153846 0.02403846153846154 0.014423076923076924
0 0.5745192307692307 0.7175480769230769 0.028846153846153848 0.02403846153846154
3 0.5973557692307693 0.3762019230769231 0.07932692307692307 0.016826923076923076
3 0.6177884615384616 0.7716346153846154 0.038461538461538464 0.026442307692307692
2 0.6598557692307693 0.7740384615384616 0.03365384615384615 0.02403846153846154
0 0.6033653846153846 0.6634615384615384 0.019230769230769232 0.014423076923076924
0 0.5889423076923077 0.7956730769230769 0.019230769230769232 0.01201923076923077
0 0.6117788461538461 0.5817307692307693 0.014423076923076924 0.007211538461538462
3 0.5516826923076923 0.9122596153846154 0.08173076923076923 0.03125
2 0.6370192307692307 0.9206730769230769 0.07211538461538461 0.03125
4 0.6802884615384616 0.37740384615384615 0.06490384615384616 0.019230769230769232
3 0.6213942307692307 0.4795673076923077 0.03365384615384615 0.028846153846153848
6 0.7307692307692307 0.6346153846153846 0.03365384615384615 0.014423076923076924
4 0.6646634615384616 0.47596153846153844 0.03365384615384615 0.028846153846153848
0 0.5661057692307693 0.06129807692307692 0.019230769230769232 0.01201923076923077