0 0.6009615384615384 0.2692307692307692 0.10576923076923077 0.11057692307692307
0 0.41586538461538464 0.21514423076923078 0.0625 0.07451923076923077
0 0.8617788461538461 0.4387019230769231 0.04807692307692308 0.06490384615384616
3 0.7884615384615384 0.4723557692307692 0.1201923076923077 0.05048076923076923
1 0.5012019230769231 0.4098557692307692 0.3076923076923077 0.23076923076923078
0 0.07932692307692307 0.4026442307692308 0.03365384615384615 0.052884615384615384
0 0.49158653846153844 0.2692307692307692 0.10817307692307693 0.1201923076923077
0 0.7692307692307693 0.34975961538461536 0.016826923076923076 0.02403846153846154
3 0.14302884615384615 0.3329326923076923 0.009615384615384616 0.052884615384615384
3 0.21394230769230768 0.2980769230769231 0.021634615384615384 0.02403846153846154
0 0.42788461538461536 0.2668269230769231 0.07211538461538461 0.09615384615384616
0 0.5228365384615384 0.2247596153846154 0.038461538461538464 0.0673076923076923
2 0.13942307692307693 0.2704326923076923 0.019230769230769232 0.052884615384615384
2 0.21394230769230768 0.2620192307692308 0.021634615384615384 0.028846153846153848