0 0.7067307692307693 0.2764423076923077 0.15865384615384615 0.2283653846153846
3 0.37259615384615385 0.578125 0.07211538461538461 0.12740384615384615
0 0.22716346153846154 0.5528846153846154 0.038461538461538464 0.04807692307692308
0 0.45913461538461536 0.5588942307692307 0.04567307692307692 0.052884615384615384
0 0.6021634615384616 0.5841346153846154 0.026442307692307692 0.038461538461538464
6 0.8317307692307693 0.6862980769230769 0.014423076923076924 0.019230769230769232
4 0.37259615384615385 0.7067307692307693 0.0625 0.10817307692307693
0 0.6081730769230769 0.6189903846153846 0.016826923076923076 0.019230769230769232
0 0.5637019230769231 0.6286057692307693 0.014423076923076924 0.019230769230769232
0 0.5793269230769231 0.6021634615384616 0.02403846153846154 0.028846153846153848
0 0.42908653846153844 0.578125 0.028846153846153848 0.04807692307692308
0 0.15264423076923078 0.5733173076923077 0.02403846153846154 0.028846153846153848
3 0.1778846153846154 0.5432692307692307 0.057692307692307696 0.019230769230769232