0 0.5324519230769231 0.7932692307692307 0.04807692307692308 0.03365384615384615
0 0.5264423076923077 0.5961538461538461 0.07211538461538461 0.057692307692307696
0 0.3088942307692308 0.9519230769230769 0.14423076923076922 0.0889423076923077
0 0.4831730769230769 0.9555288461538461 0.052884615384615384 0.038461538461538464
0 0.5901442307692307 0.7596153846153846 0.016826923076923076 0.01201923076923077
0 0.5673076923076923 0.7079326923076923 0.038461538461538464 0.028846153846153848
0 0.6009615384615384 0.5300480769230769 0.03125 0.016826923076923076
0 0.6995192307692307 0.546875 0.019230769230769232 0.01201923076923077
0 0.6129807692307693 0.38461538461538464 0.019230769230769232 0.014423076923076924
0 0.5540865384615384 0.3329326923076923 0.04326923076923077 0.038461538461538464
0 0.5949519230769231 0.3605769230769231 0.03125 0.019230769230769232
0 0.5240384615384616 0.09014423076923077 0.052884615384615384 0.03365384615384615
3 0.5048076923076923 0.14182692307692307 0.028846153846153848 0.0625
3 0.4387019230769231 0.9278846153846154 0.052884615384615384 0.10096153846153846
0 0.609375 0.7259615384615384 0.019230769230769232 0.014423076923076924
0 0.6105769230769231 0.5913461538461539 0.019230769230769232 0.014423076923076924