3 0.12139423076923077 0.5540865384615384 0.17307692307692307 0.08173076923076923
0 0.040865384615384616 0.4963942307692308 0.0625 0.09375
0 0.2932692307692308 0.3629807692307692 0.036057692307692304 0.04326923076923077
0 0.49038461538461536 0.3245192307692308 0.021634615384615384 0.028846153846153848
0 0.6394230769230769 0.3389423076923077 0.02403846153846154 0.03125
0 0.7692307692307693 0.44711538461538464 0.057692307692307696 0.06971153846153846
0 0.8966346153846154 0.20552884615384615 0.028846153846153848 0.038461538461538464
0 0.9759615384615384 0.4519230769230769 0.028846153846153848 0.05048076923076923
0 0.6838942307692307 0.22956730769230768 0.016826923076923076 0.016826923076923076
0 0.7043269230769231 0.3401442307692308 0.014423076923076924 0.02403846153846154
0 0.7680288461538461 0.33774038461538464 0.014423076923076924 0.016826923076923076
0 0.9855769230769231 0.39783653846153844 0.014423076923076924 0.019230769230769232
0 0.9519230769230769 0.3942307692307692 0.016826923076923076 0.03125