0 0.8473557692307693 0.609375 0.08413461538461539 0.1201923076923077
0 0.1141826923076923 0.5961538461538461 0.08173076923076923 0.10336538461538461
0 0.26802884615384615 0.44350961538461536 0.036057692307692304 0.04326923076923077
3 0.8774038461538461 0.7992788461538461 0.23557692307692307 0.21153846153846154
1 0.8653846153846154 0.40024038461538464 0.06971153846153846 0.05048076923076923
0 0.33413461538461536 0.4014423076923077 0.021634615384615384 0.028846153846153848
3 0.15625 0.390625 0.01201923076923077 0.03125
2 0.15264423076923078 0.3557692307692308 0.016826923076923076 0.02403846153846154
3 0.2439903846153846 0.3786057692307692 0.014423076923076924 0.019230769230769232
3 0.2091346153846154 0.46274038461538464 0.055288461538461536 0.021634615384615384
6 0.28846153846153844 0.3233173076923077 0.009615384615384616 0.019230769230769232
0 0.9314903846153846 0.4411057692307692 0.021634615384615384 0.04567307692307692
1 0.08653846153846154 0.4014423076923077 0.014423076923076924 0.028846153846153848
0 0.7800480769230769 0.3016826923076923 0.021634615384615384 0.026442307692307692
0 0.021634615384615384 0.4495192307692308 0.01201923076923077 0.019230769230769232
2 0.2439903846153846 0.3545673076923077 0.01201923076923077 0.019230769230769232
0 0.052884615384615384 0.33774038461538464 0.014423076923076924 0.019230769230769232