0 0.9146634615384616 0.4170673076923077 0.038461538461538464 0.057692307692307696
0 0.5877403846153846 0.359375 0.038461538461538464 0.04326923076923077
0 0.9507211538461539 0.39663461538461536 0.026442307692307692 0.038461538461538464
0 0.6225961538461539 0.33533653846153844 0.026442307692307692 0.03365384615384615
0 0.6057692307692307 0.3161057692307692 0.01201923076923077 0.019230769230769232
0 0.5769230769230769 0.3137019230769231 0.014423076923076924 0.019230769230769232
0 0.5144230769230769 0.31009615384615385 0.016826923076923076 0.019230769230769232
3 0.8137019230769231 0.35096153846153844 0.040865384615384616 0.07692307692307693
4 0.8245192307692307 0.26322115384615385 0.038461538461538464 0.07692307692307693
3 0.3629807692307692 0.30649038461538464 0.03365384615384615 0.04326923076923077
3 0.2848557692307692 0.3269230769230769 0.026442307692307692 0.08653846153846154
2 0.3641826923076923 0.2620192307692308 0.03125 0.038461538461538464
2 0.2800480769230769 0.2403846153846154 0.028846153846153848 0.07211538461538461
6 0.5408653846153846 0.20552884615384615 0.021634615384615384 0.02403846153846154
0 0.16346153846153846 0.3629807692307692 0.026442307692307692 0.03365384615384615
3 0.6622596153846154 0.2980769230769231 0.01201923076923077 0.04326923076923077