3 0.265625 0.34375 0.0625 0.09134615384615384
2 0.2668269230769231 0.24639423076923078 0.057692307692307696 0.08653846153846154
3 0.8677884615384616 0.3449519230769231 0.040865384615384616 0.07692307692307693
5 0.8689903846153846 0.2620192307692308 0.040865384615384616 0.0673076923076923
0 0.9050480769230769 0.39663461538461536 0.028846153846153848 0.04326923076923077
0 0.7848557692307693 0.3713942307692308 0.03365384615384615 0.040865384615384616
0 0.9543269230769231 0.390625 0.02403846153846154 0.03125
0 0.9795673076923077 0.2848557692307692 0.01201923076923077 0.019230769230769232
0 0.4050480769230769 0.35096153846153844 0.028846153846153848 0.03125
3 0.3269230769230769 0.3762019230769231 0.036057692307692304 0.019230769230769232
3 0.5817307692307693 0.2932692307692308 0.014423076923076924 0.019230769230769232
5 0.5805288461538461 0.2692307692307692 0.014423076923076924 0.019230769230769232