0 0.11899038461538461 0.40865384615384615 0.07451923076923077 0.10576923076923077
0 0.8533653846153846 0.3858173076923077 0.09134615384615384 0.1201923076923077
0 0.9375 0.5504807692307693 0.019230769230769232 0.03365384615384615
3 0.8810096153846154 0.19951923076923078 0.23076923076923078 0.21153846153846154
0 0.33774038461538464 0.5997596153846154 0.021634615384615384 0.02403846153846154
3 0.15985576923076922 0.6105769230769231 0.014423076923076924 0.028846153846153848
3 0.24879807692307693 0.6237980769230769 0.01201923076923077 0.019230769230769232
0 0.8846153846153846 0.5841346153846154 0.014423076923076924 0.019230769230769232
0 0.27163461538461536 0.5600961538461539 0.03365384615384615 0.038461538461538464
3 0.2127403846153846 0.5360576923076923 0.06971153846153846 0.019230769230769232
0 0.026442307692307692 0.5516826923076923 0.01201923076923077 0.019230769230769232
0 0.056490384615384616 0.6658653846153846 0.01201923076923077 0.019230769230769232
0 0.13221153846153846 0.5949519230769231 0.014423076923076924 0.014423076923076924
2 0.24879807692307693 0.6466346153846154 0.016826923076923076 0.02403846153846154
0 0.7836538461538461 0.6947115384615384 0.019230769230769232 0.019230769230769232
2 0.15745192307692307 0.6454326923076923 0.014423076923076924 0.019230769230769232
1 0.8353365384615384 0.6105769230769231 0.028846153846153848 0.038461538461538464
0 0.2548076923076923 0.5745192307692307 0.019230769230769232 0.03365384615384615
0 0.27163461538461536 0.6033653846153846 0.014423076923076924 0.019230769230769232