0 0.4230769230769231 0.4735576923076923 0.07932692307692307 0.0625
3 0.31009615384615385 0.5384615384615384 0.07451923076923077 0.055288461538461536
4 0.22235576923076922 0.5408653846153846 0.07451923076923077 0.057692307692307696
0 0.4182692307692308 0.8942307692307693 0.0625 0.04326923076923077
0 0.41225961538461536 0.8329326923076923 0.0625 0.04326923076923077
0 0.3894230769230769 0.12740384615384615 0.038461538461538464 0.028846153846153848
0 0.33774038461538464 0.38221153846153844 0.028846153846153848 0.02403846153846154
0 0.33533653846153844 0.6033653846153846 0.03365384615384615 0.026442307692307692
0 0.3088942307692308 0.7091346153846154 0.019230769230769232 0.014423076923076924
0 0.34134615384615385 0.16346153846153846 0.019230769230769232 0.014423076923076924
0 0.3401442307692308 0.10817307692307693 0.019230769230769232 0.01201923076923077