0 0.1935096153846154 0.44711538461538464 0.0985576923076923 0.13221153846153846
0 0.23677884615384615 0.6286057692307693 0.03125 0.04326923076923077
0 0.036057692307692304 0.8629807692307693 0.04807692307692308 0.057692307692307696
0 0.35336538461538464 0.6742788461538461 0.021634615384615384 0.028846153846153848
0 0.4110576923076923 0.6802884615384616 0.019230769230769232 0.02403846153846154
3 0.8413461538461539 0.5997596153846154 0.07211538461538461 0.019230769230769232
0 0.7247596153846154 0.6502403846153846 0.026442307692307692 0.038461538461538464
0 0.7752403846153846 0.6274038461538461 0.03365384615384615 0.05048076923076923
3 0.3918269230769231 0.6598557692307693 0.04326923076923077 0.014423076923076924
0 0.5192307692307693 0.7055288461538461 0.014423076923076924 0.019230769230769232
0 0.7560096153846154 0.6646634615384616 0.019230769230769232 0.02403846153846154
3 0.6682692307692307 0.7151442307692307 0.019230769230769232 0.02403846153846154
5 0.6682692307692307 0.7427884615384616 0.019230769230769232 0.02403846153846154