0 0.49399038461538464 0.4723557692307692 0.057692307692307696 0.07211538461538461
0 0.31971153846153844 0.43149038461538464 0.036057692307692304 0.05048076923076923
0 0.10336538461538461 0.5516826923076923 0.07211538461538461 0.10576923076923077
0 0.8088942307692307 0.4879807692307692 0.055288461538461536 0.0673076923076923
0 0.6706730769230769 0.4110576923076923 0.028846153846153848 0.03365384615384615
0 0.4675480769230769 0.3713942307692308 0.009615384615384616 0.019230769230769232
0 0.4338942307692308 0.4026442307692308 0.02403846153846154 0.03365384615384615
3 0.3713942307692308 0.3557692307692308 0.014423076923076924 0.02403846153846154
2 0.5661057692307693 0.32211538461538464 0.014423076923076924 0.02403846153846154
0 0.5516826923076923 0.38341346153846156 0.021634615384615384 0.019230769230769232
1 0.9182692307692307 0.6081730769230769 0.15865384615384615 0.4206730769230769
4 0.37259615384615385 0.32572115384615385 0.019230769230769232 0.028846153846153848
0 0.453125 0.4170673076923077 0.03125 0.038461538461538464
0 0.49038461538461536 0.3701923076923077 0.014423076923076924 0.019230769230769232
2 0.6502403846153846 0.3137019230769231 0.014423076923076924 0.03365384615384615
3 0.6478365384615384 0.359375 0.019230769230769232 0.038461538461538464
3 0.5673076923076923 0.35096153846153844 0.019230769230769232 0.028846153846153848
0 0.09735576923076923 0.4110576923076923 0.01201923076923077 0.014423076923076924
0 0.015625 0.4891826923076923 0.021634615384615384 0.04567307692307692
0 0.2824519230769231 0.3786057692307692 0.01201923076923077 0.016826923076923076