0 0.40865384615384615 0.46875 0.07692307692307693 0.09134615384615384
0 0.2644230769230769 0.5600961538461539 0.03365384615384615 0.04326923076923077
4 0.7560096153846154 0.6646634615384616 0.028846153846153848 0.04326923076923077
4 0.6802884615384616 0.6995192307692307 0.016826923076923076 0.09615384615384616
0 0.5252403846153846 0.6141826923076923 0.01201923076923077 0.016826923076923076
0 0.20432692307692307 0.5829326923076923 0.019230769230769232 0.02403846153846154
3 0.7560096153846154 0.6153846153846154 0.03365384615384615 0.04807692307692308
3 0.38221153846153844 0.6358173076923077 0.014423076923076924 0.02403846153846154
2 0.38221153846153844 0.6682692307692307 0.014423076923076924 0.019230769230769232
0 0.5793269230769231 0.6105769230769231 0.014423076923076924 0.019230769230769232
3 0.6754807692307693 0.5901442307692307 0.02403846153846154 0.10576923076923077
2 0.2932692307692308 0.6514423076923077 0.014423076923076924 0.02403846153846154
0 0.2704326923076923 0.6009615384615384 0.014423076923076924 0.019230769230769232
1 0.27283653846153844 0.6213942307692307 0.0673076923076923 0.04807692307692308
0 0.9350961538461539 0.5673076923076923 0.009615384615384616 0.019230769230769232
0 0.8497596153846154 0.5853365384615384 0.01201923076923077 0.016826923076923076