0 0.4254807692307692 0.21153846153846154 0.10576923076923077 0.08413461538461539
0 0.4795673076923077 0.9639423076923077 0.052884615384615384 0.040865384615384616
0 0.5733173076923077 0.5913461538461539 0.038461538461538464 0.03365384615384615
0 0.6045673076923077 0.4411057692307692 0.02403846153846154 0.019230769230769232
0 0.7872596153846154 0.25240384615384615 0.04326923076923077 0.04567307692307692
0 0.6141826923076923 0.5480769230769231 0.019230769230769232 0.01201923076923077
3 0.0829326923076923 0.14423076923076922 0.14423076923076922 0.2644230769230769
3 0.5625 0.9567307692307693 0.07932692307692307 0.040865384615384616
4 0.6370192307692307 0.9615384615384616 0.06490384615384616 0.04326923076923077
3 0.6346153846153846 0.5168269230769231 0.03365384615384615 0.019230769230769232
2 0.6706730769230769 0.5192307692307693 0.03365384615384615 0.014423076923076924
6 0.6911057692307693 0.35336538461538464 0.019230769230769232 0.01201923076923077
0 0.5492788461538461 0.9110576923076923 0.03365384615384615 0.021634615384615384