0 0.5685096153846154 0.5552884615384616 0.03365384615384615 0.02403846153846154
3 0.6141826923076923 0.2824519230769231 0.04567307692307692 0.03125
3 0.5564903846153846 0.14423076923076922 0.1201923076923077 0.038461538461538464
2 0.6790865384615384 0.14182692307692307 0.10576923076923077 0.038461538461538464
2 0.6610576923076923 0.2824519230769231 0.04326923076923077 0.03365384615384615
3 0.6237980769230769 0.5973557692307693 0.038461538461538464 0.028846153846153848
5 0.6682692307692307 0.5961538461538461 0.038461538461538464 0.028846153846153848
0 0.46634615384615385 0.9266826923076923 0.0625 0.040865384615384616
0 0.5901442307692307 0.3125 0.019230769230769232 0.014423076923076924
0 0.5949519230769231 0.25841346153846156 0.019230769230769232 0.014423076923076924
0 0.7415865384615384 0.8774038461538461 0.04326923076923077 0.038461538461538464
0 0.5769230769230769 0.625 0.028846153846153848 0.021634615384615384
0 0.5973557692307693 0.6394230769230769 0.019230769230769232 0.014423076923076924
0 0.40865384615384615 0.03245192307692308 0.09615384615384616 0.057692307692307696