0 0.546875 0.2956730769230769 0.06009615384615385 0.04326923076923077
0 0.5444711538461539 0.7872596153846154 0.052884615384615384 0.038461538461538464
3 0.5168269230769231 0.35697115384615385 0.028846153846153848 0.0985576923076923
0 0.6009615384615384 0.45913461538461536 0.03125 0.02403846153846154
0 0.6177884615384616 0.6213942307692307 0.02403846153846154 0.014423076923076924
0 0.6045673076923077 0.7391826923076923 0.02403846153846154 0.021634615384615384
0 0.6021634615384616 0.7980769230769231 0.016826923076923076 0.014423076923076924
0 0.6983173076923077 0.7884615384615384 0.019230769230769232 0.014423076923076924
0 0.5973557692307693 0.8653846153846154 0.016826923076923076 0.014423076923076924
0 0.7247596153846154 0.9254807692307693 0.03365384615384615 0.028846153846153848
0 0.5204326923076923 0.9831730769230769 0.05048076923076923 0.028846153846153848
0 0.5745192307692307 0.9831730769230769 0.019230769230769232 0.014423076923076924