0 0.4807692307692308 0.8798076923076923 0.09615384615384616 0.07211538461538461
3 0.2956730769230769 0.5961538461538461 0.04326923076923077 0.03365384615384615
3 0.3004807692307692 0.27524038461538464 0.04326923076923077 0.028846153846153848
2 0.24639423076923078 0.5973557692307693 0.038461538461538464 0.028846153846153848
5 0.2548076923076923 0.2764423076923077 0.03365384615384615 0.028846153846153848
0 0.3088942307692308 0.5348557692307693 0.016826923076923076 0.009615384615384616
0 0.31490384615384615 0.6201923076923077 0.019230769230769232 0.014423076923076924
3 0.3449519230769231 0.7487980769230769 0.10576923076923077 0.038461538461538464
2 0.22716346153846154 0.7536057692307693 0.09615384615384616 0.038461538461538464
0 0.33413461538461536 0.17307692307692307 0.009615384615384616 0.014423076923076924
0 0.328125 0.23918269230769232 0.019230769230769232 0.014423076923076924
3 0.6081730769230769 0.9447115384615384 0.11298076923076923 0.10576923076923077