0 0.4795673076923077 0.9483173076923077 0.0625 0.05048076923076923
0 0.5444711538461539 0.9182692307692307 0.038461538461538464 0.02403846153846154
3 0.6153846153846154 0.19591346153846154 0.04326923076923077 0.028846153846153848
2 0.6790865384615384 0.5456730769230769 0.04326923076923077 0.03365384615384615
0 0.5973557692307693 0.7872596153846154 0.016826923076923076 0.01201923076923077
0 0.5901442307692307 0.8521634615384616 0.016826923076923076 0.009615384615384616
0 0.5877403846153846 0.30528846153846156 0.038461538461538464 0.03365384615384615
1 0.609375 0.5060096153846154 0.10576923076923077 0.125
2 0.7415865384615384 0.7355769230769231 0.12980769230769232 0.04807692307692308
4 0.6658653846153846 0.1935096153846154 0.04807692307692308 0.03125
6 0.7632211538461539 0.3137019230769231 0.06009615384615385 0.038461538461538464
3 0.5889423076923077 0.7391826923076923 0.1346153846153846 0.05048076923076923
5 0.6430288461538461 0.890625 0.019230769230769232 0.01201923076923077