3 0.1045673076923077 0.4423076923076923 0.07211538461538461 0.12740384615384615
0 0.6862980769230769 0.5204326923076923 0.07451923076923077 0.09615384615384616
0 0.5817307692307693 0.5444711538461539 0.07692307692307693 0.11057692307692307
0 0.30528846153846156 0.41947115384615385 0.026442307692307692 0.03365384615384615
3 0.9290865384615384 0.4338942307692308 0.04326923076923077 0.09134615384615384
3 0.8798076923076923 0.421875 0.038461538461538464 0.09615384615384616
4 0.10216346153846154 0.296875 0.06971153846153846 0.11057692307692307
0 0.24639423076923078 0.43990384615384615 0.028846153846153848 0.05048076923076923
0 0.2800480769230769 0.4182692307692308 0.019230769230769232 0.038461538461538464
0 0.3942307692307692 0.3737980769230769 0.014423076923076924 0.019230769230769232
0 0.7127403846153846 0.3870192307692308 0.01201923076923077 0.016826923076923076
0 0.7512019230769231 0.3942307692307692 0.01201923076923077 0.019230769230769232
0 0.7848557692307693 0.39783653846153844 0.01201923076923077 0.019230769230769232
3 0.5564903846153846 0.3473557692307692 0.014423076923076924 0.02403846153846154
4 0.8822115384615384 0.3233173076923077 0.04567307692307692 0.08173076923076923
0 0.18389423076923078 0.39302884615384615 0.009615384615384616 0.014423076923076924
0 0.4254807692307692 0.3918269230769231 0.02403846153846154 0.028846153846153848