0 0.3629807692307692 0.48677884615384615 0.06971153846153846 0.09134615384615384
0 0.7776442307692307 0.5564903846153846 0.028846153846153848 0.03365384615384615
0 0.5877403846153846 0.5901442307692307 0.02403846153846154 0.03365384615384615
0 0.5480769230769231 0.5925480769230769 0.026442307692307692 0.028846153846153848
0 0.40625 0.5769230769230769 0.03365384615384615 0.04326923076923077
3 0.08653846153846154 0.5612980769230769 0.07692307692307693 0.12980769230769232
3 0.40384615384615385 0.6322115384615384 0.03365384615384615 0.04326923076923077
3 0.7620192307692307 0.6153846153846154 0.03365384615384615 0.04807692307692308
4 0.7644230769230769 0.6670673076923077 0.03125 0.04567307692307692
0 0.36899038461538464 0.5901442307692307 0.026442307692307692 0.03365384615384615
1 0.5673076923076923 0.6418269230769231 0.04807692307692308 0.05048076923076923
2 0.40384615384615385 0.6826923076923077 0.03365384615384615 0.04807692307692308
0 0.6286057692307693 0.6213942307692307 0.014423076923076924 0.019230769230769232
0 0.203125 0.5949519230769231 0.014423076923076924 0.019230769230769232
3 0.5264423076923077 0.6514423076923077 0.01201923076923077 0.019230769230769232
3 0.6682692307692307 0.6442307692307693 0.014423076923076924 0.016826923076923076
2 0.5252403846153846 0.6682692307692307 0.014423076923076924 0.016826923076923076