0 0.8052884615384616 0.5 0.05048076923076923 0.0625
0 0.2764423076923077 0.5745192307692307 0.02403846153846154 0.028846153846153848
3 0.22235576923076922 0.6153846153846154 0.026442307692307692 0.038461538461538464
3 0.6165865384615384 0.5997596153846154 0.016826923076923076 0.07451923076923077
3 0.08052884615384616 0.5540865384615384 0.036057692307692304 0.07451923076923077
4 0.6153846153846154 0.6838942307692307 0.021634615384615384 0.07211538461538461
4 0.5168269230769231 0.6646634615384616 0.026442307692307692 0.03365384615384615
3 0.5144230769230769 0.6213942307692307 0.028846153846153848 0.03365384615384615
1 0.390625 0.6213942307692307 0.05048076923076923 0.04326923076923077
2 0.07451923076923077 0.6370192307692307 0.03365384615384615 0.07211538461538461
2 0.22235576923076922 0.65625 0.02403846153846154 0.04326923076923077
0 0.9230769230769231 0.5348557692307693 0.028846153846153848 0.03365384615384615
0 0.33413461538461536 0.5997596153846154 0.014423076923076924 0.016826923076923076
6 0.3557692307692308 0.7175480769230769 0.014423076923076924 0.019230769230769232