0 0.9867788461538461 0.4543269230769231 0.019230769230769232 0.057692307692307696
0 0.9242788461538461 0.5096153846153846 0.026442307692307692 0.038461538461538464
0 0.8221153846153846 0.5444711538461539 0.026442307692307692 0.03125
0 0.7992788461538461 0.48677884615384615 0.052884615384615384 0.06009615384615385
0 0.6802884615384616 0.5564903846153846 0.028846153846153848 0.038461538461538464
0 0.6634615384615384 0.59375 0.009615384615384616 0.01201923076923077
0 0.5552884615384616 0.609375 0.01201923076923077 0.014423076923076924
0 0.5372596153846154 0.5985576923076923 0.014423076923076924 0.019230769230769232
0 0.5216346153846154 0.578125 0.02403846153846154 0.03125
0 0.35336538461538464 0.578125 0.016826923076923076 0.03125
0 0.4362980769230769 0.49158653846153844 0.057692307692307696 0.07211538461538461
0 0.6887019230769231 0.6694711538461539 0.014423076923076924 0.014423076923076924
0 0.8557692307692307 0.5697115384615384 0.014423076923076924 0.019230769230769232
0 0.7824519230769231 0.5661057692307693 0.019230769230769232 0.028846153846153848
3 0.3918269230769231 0.5661057692307693 0.04326923076923077 0.016826923076923076
3 0.8882211538461539 0.49038461538461536 0.0625 0.019230769230769232
0 0.8449519230769231 0.5829326923076923 0.01201923076923077 0.01201923076923077