0 0.47596153846153844 0.8004807692307693 0.06490384615384616 0.04567307692307692
0 0.5661057692307693 0.4230769230769231 0.1346153846153846 0.09375
0 0.4963942307692308 0.36538461538461536 0.09615384615384616 0.0673076923076923
0 0.6730769230769231 0.04807692307692308 0.16826923076923078 0.09375
3 0.36899038461538464 0.2548076923076923 0.03365384615384615 0.02403846153846154
2 0.30408653846153844 0.6778846153846154 0.052884615384615384 0.02403846153846154
2 0.3161057692307692 0.5120192307692307 0.028846153846153848 0.021634615384615384
0 0.38221153846153844 0.38341346153846156 0.02403846153846154 0.019230769230769232
0 0.40625 0.26322115384615385 0.02403846153846154 0.019230769230769232
0 0.4963942307692308 0.014423076923076924 0.052884615384615384 0.028846153846153848
3 0.515625 0.13942307692307693 0.03365384615384615 0.09615384615384616
3 0.35216346153846156 0.5120192307692307 0.028846153846153848 0.026442307692307692
1 0.40625 0.625 0.14423076923076922 0.21634615384615385
0 0.38100961538461536 0.41225961538461536 0.019230769230769232 0.016826923076923076
4 0.33052884615384615 0.2548076923076923 0.03365384615384615 0.028846153846153848