0 0.25721153846153844 0.9387019230769231 0.19230769230769232 0.11298076923076923
0 0.49278846153846156 0.5793269230769231 0.08173076923076923 0.0673076923076923
0 0.4110576923076923 0.9338942307692307 0.09615384615384616 0.07692307692307693
0 0.5456730769230769 0.6262019230769231 0.052884615384615384 0.04326923076923077
3 0.5192307692307693 0.5348557692307693 0.03125 0.08653846153846154
0 0.6069711538461539 0.296875 0.019230769230769232 0.014423076923076924
3 0.6213942307692307 0.22235576923076922 0.019230769230769232 0.019230769230769232
0 0.5925480769230769 0.5853365384615384 0.03365384615384615 0.028846153846153848
3 0.5985576923076923 0.1346153846153846 0.038461538461538464 0.014423076923076924
4 0.6538461538461539 0.22235576923076922 0.02403846153846154 0.019230769230769232
3 0.5901442307692307 0.9375 0.019230769230769232 0.01201923076923077
2 0.6153846153846154 0.9362980769230769 0.014423076923076924 0.014423076923076924