0 0.11177884615384616 0.6911057692307693 0.11538461538461539 0.17548076923076922
0 0.36658653846153844 0.4795673076923077 0.052884615384615384 0.0625
0 0.9795673076923077 0.5072115384615384 0.03365384615384615 0.07692307692307693
0 0.17668269230769232 0.4326923076923077 0.01201923076923077 0.014423076923076924
0 0.5348557692307693 0.4074519230769231 0.019230769230769232 0.02403846153846154
0 0.04326923076923077 0.5420673076923077 0.04326923076923077 0.0673076923076923
3 0.421875 0.3942307692307692 0.03365384615384615 0.07451923076923077
2 0.4254807692307692 0.3161057692307692 0.028846153846153848 0.0673076923076923
2 0.2776442307692308 0.35336538461538464 0.026442307692307692 0.03365384615384615
3 0.27884615384615385 0.39663461538461536 0.026442307692307692 0.03365384615384615
0 0.11298076923076923 0.4411057692307692 0.014423076923076924 0.014423076923076924
0 0.65625 0.4098557692307692 0.02403846153846154 0.016826923076923076
0 0.4963942307692308 0.4230769230769231 0.014423076923076924 0.028846153846153848
0 0.3076923076923077 0.3425480769230769 0.009615384615384616 0.019230769230769232
0 0.6838942307692307 0.41466346153846156 0.014423076923076924 0.016826923076923076
4 0.019230769230769232 0.4074519230769231 0.021634615384615384 0.03365384615384615
3 0.019230769230769232 0.4495192307692308 0.02403846153846154 0.038461538461538464