0 0.8798076923076923 0.5192307692307693 0.07211538461538461 0.09615384615384616
3 0.5961538461538461 0.7043269230769231 0.03365384615384615 0.04326923076923077
3 0.27524038461538464 0.6995192307692307 0.028846153846153848 0.04326923076923077
2 0.5973557692307693 0.7536057692307693 0.028846153846153848 0.038461538461538464
5 0.2764423076923077 0.7451923076923077 0.028846153846153848 0.03365384615384615
0 0.5348557692307693 0.6911057692307693 0.009615384615384616 0.016826923076923076
0 0.6201923076923077 0.6850961538461539 0.014423076923076924 0.019230769230769232
3 0.7487980769230769 0.6550480769230769 0.038461538461538464 0.10576923076923077
2 0.7536057692307693 0.7728365384615384 0.038461538461538464 0.09615384615384616
0 0.17307692307692307 0.6658653846153846 0.014423076923076924 0.009615384615384616
0 0.23918269230769232 0.671875 0.014423076923076924 0.019230769230769232
3 0.9447115384615384 0.3918269230769231 0.10576923076923077 0.11298076923076923