0 0.5120192307692307 0.21514423076923078 0.07211538461538461 0.052884615384615384
0 0.6057692307692307 0.026442307692307692 0.10096153846153846 0.05048076923076923
0 0.46033653846153844 0.7620192307692307 0.052884615384615384 0.038461538461538464
0 0.46153846153846156 0.8557692307692307 0.04807692307692308 0.03365384615384615
3 0.4338942307692308 0.29086538461538464 0.12980769230769232 0.07451923076923077
3 0.4387019230769231 0.35336538461538464 0.10096153846153846 0.04326923076923077
4 0.2980769230769231 0.2824519230769231 0.11538461538461539 0.0673076923076923
2 0.32091346153846156 0.3485576923076923 0.10817307692307693 0.03365384615384615
0 0.46274038461538464 0.09975961538461539 0.03365384615384615 0.016826923076923076
0 0.41225961538461536 0.7043269230769231 0.03365384615384615 0.02403846153846154
0 0.39783653846153844 0.6598557692307693 0.019230769230769232 0.014423076923076924
3 0.36538461538461536 0.6153846153846154 0.019230769230769232 0.014423076923076924
3 0.3786057692307692 0.7848557692307693 0.019230769230769232 0.014423076923076924
0 0.46634615384615385 0.11899038461538461 0.038461538461538464 0.009615384615384616
0 0.328125 0.052884615384615384 0.028846153846153848 0.019230769230769232
4 0.3401442307692308 0.6153846153846154 0.019230769230769232 0.014423076923076924
3 0.5132211538461539 0.1502403846153846 0.03365384615384615 0.07692307692307693