0 0.6574519230769231 0.44591346153846156 0.10096153846153846 0.1346153846153846
0 0.23317307692307693 0.38461538461538464 0.125 0.1778846153846154
0 0.03245192307692308 0.5012019230769231 0.04326923076923077 0.06490384615384616
0 0.18990384615384615 0.5661057692307693 0.038461538461538464 0.052884615384615384
0 0.0829326923076923 0.7391826923076923 0.026442307692307692 0.028846153846153848
0 0.22956730769230768 0.6153846153846154 0.019230769230769232 0.02403846153846154
0 0.46153846153846156 0.6310096153846154 0.019230769230769232 0.02403846153846154
0 0.5853365384615384 0.6358173076923077 0.016826923076923076 0.02403846153846154
3 0.453125 0.6646634615384616 0.028846153846153848 0.03365384615384615
3 0.7127403846153846 0.65625 0.026442307692307692 0.028846153846153848
0 0.6129807692307693 0.6370192307692307 0.014423076923076924 0.019230769230769232
0 0.5300480769230769 0.6550480769230769 0.01201923076923077 0.014423076923076924
3 0.33774038461538464 0.5360576923076923 0.10336538461538461 0.028846153846153848
0 0.5877403846153846 0.5276442307692307 0.06971153846153846 0.09615384615384616
4 0.453125 0.7019230769230769 0.028846153846153848 0.03365384615384615
2 0.7139423076923077 0.6935096153846154 0.02403846153846154 0.03365384615384615
1 0.8173076923076923 0.5973557692307693 0.20673076923076922 0.13221153846153846
1 0.3112980769230769 0.6370192307692307 0.10336538461538461 0.07451923076923077
2 0.8846153846153846 0.6911057692307693 0.03365384615384615 0.057692307692307696