0 0.7572115384615384 0.39663461538461536 0.09134615384615384 0.1201923076923077
0 0.040865384615384616 0.390625 0.06971153846153846 0.10096153846153846
0 0.19110576923076922 0.5432692307692307 0.03365384615384615 0.038461538461538464
0 0.25600961538461536 0.5865384615384616 0.019230769230769232 0.02403846153846154
0 0.9302884615384616 0.5348557692307693 0.02403846153846154 0.03365384615384615
3 0.796875 0.20552884615384615 0.2644230769230769 0.21634615384615385
3 0.13221153846153846 0.5192307692307693 0.0673076923076923 0.019230769230769232
1 0.8774038461538461 0.5889423076923077 0.08653846153846154 0.06009615384615385
0 0.8605769230769231 0.5588942307692307 0.02403846153846154 0.03365384615384615
0 0.9915865384615384 0.5444711538461539 0.01201923076923077 0.026442307692307692
6 0.21514423076923078 0.6646634615384616 0.014423076923076924 0.019230769230769232
2 0.17307692307692307 0.6358173076923077 0.014423076923076924 0.019230769230769232
3 0.17067307692307693 0.6081730769230769 0.016826923076923076 0.019230769230769232
3 0.0829326923076923 0.5973557692307693 0.01201923076923077 0.028846153846153848
0 0.703125 0.6983173076923077 0.019230769230769232 0.019230769230769232