0 0.03485576923076923 0.5949519230769231 0.0673076923076923 0.12259615384615384
0 0.28846153846153844 0.4254807692307692 0.04807692307692308 0.07211538461538461
0 0.5769230769230769 0.35336538461538464 0.03125 0.038461538461538464
0 0.3737980769230769 0.32572115384615385 0.014423076923076924 0.019230769230769232
0 0.30288461538461536 0.23557692307692307 0.019230769230769232 0.02403846153846154
0 0.45072115384615385 0.3161057692307692 0.014423076923076924 0.019230769230769232
0 0.4362980769230769 0.3161057692307692 0.014423076923076924 0.019230769230769232
0 0.5252403846153846 0.31971153846153844 0.014423076923076924 0.019230769230769232
3 0.7776442307692307 0.3161057692307692 0.014423076923076924 0.04326923076923077
3 0.6911057692307693 0.2920673076923077 0.019230769230769232 0.02403846153846154
3 0.41947115384615385 0.3954326923076923 0.07211538461538461 0.016826923076923076
0 0.5637019230769231 0.3004807692307692 0.014423076923076924 0.014423076923076924
0 0.7223557692307693 0.31490384615384615 0.019230769230769232 0.019230769230769232
0 0.6634615384615384 0.3004807692307692 0.014423076923076924 0.01201923076923077
6 0.6057692307692307 0.23918269230769232 0.014423076923076924 0.019230769230769232
2 0.7776442307692307 0.2692307692307692 0.014423076923076924 0.038461538461538464
0 0.609375 0.3137019230769231 0.014423076923076924 0.019230769230769232