0 0.5240384615384616 0.5084134615384616 0.10096153846153846 0.1346153846153846
0 0.5120192307692307 0.35697115384615385 0.03365384615384615 0.04807692307692308
0 0.6574519230769231 0.3545673076923077 0.028846153846153848 0.03365384615384615
3 0.42427884615384615 0.3317307692307692 0.0625 0.09134615384615384
4 0.4266826923076923 0.23918269230769232 0.057692307692307696 0.07932692307692307
0 0.028846153846153848 0.5360576923076923 0.04807692307692308 0.12980769230769232
0 0.3269230769230769 0.34375 0.03125 0.03365384615384615
0 0.2692307692307692 0.3245192307692308 0.016826923076923076 0.02403846153846154
0 0.4987980769230769 0.3425480769230769 0.019230769230769232 0.038461538461538464
0 0.6983173076923077 0.33052884615384615 0.014423076923076924 0.014423076923076924
0 0.24278846153846154 0.22716346153846154 0.01201923076923077 0.019230769230769232