0 0.1658653846153846 0.5841346153846154 0.08413461538461539 0.11298076923076923
0 0.9134615384615384 0.6418269230769231 0.08653846153846154 0.11298076923076923
0 0.31850961538461536 0.4375 0.038461538461538464 0.04326923076923077
0 0.38221153846153844 0.40024038461538464 0.019230769230769232 0.02403846153846154
0 0.8305288461538461 0.31971153846153844 0.016826923076923076 0.019230769230769232
6 0.33653846153846156 0.3161057692307692 0.014423076923076924 0.01201923076923077
3 0.29086538461538464 0.3701923076923077 0.01201923076923077 0.019230769230769232
3 0.20192307692307693 0.3798076923076923 0.014423076923076924 0.03125
3 0.25721153846153844 0.4567307692307692 0.07211538461538461 0.016826923076923076
0 0.9254807692307693 0.4375 0.014423076923076924 0.016826923076923076
3 0.9158653846153846 0.8269230769230769 0.1658653846153846 0.20673076923076922
0 0.30408653846153844 0.4206730769230769 0.026442307692307692 0.019230769230769232
2 0.28966346153846156 0.34375 0.009615384615384616 0.016826923076923076
2 0.19831730769230768 0.34134615384615385 0.01201923076923077 0.019230769230769232
4 0.30528846153846156 0.34375 0.014423076923076924 0.016826923076923076
3 0.9435096153846154 0.4879807692307692 0.04807692307692308 0.019230769230769232
0 0.06129807692307692 0.4338942307692308 0.014423076923076924 0.019230769230769232
0 0.9771634615384616 0.4735576923076923 0.019230769230769232 0.03125
0 0.3161057692307692 0.3918269230769231 0.01201923076923077 0.019230769230769232