0 0.4639423076923077 0.49278846153846156 0.11057692307692307 0.0889423076923077
0 0.5456730769230769 0.7127403846153846 0.0625 0.04326923076923077
0 0.5661057692307693 0.5456730769230769 0.052884615384615384 0.036057692307692304
0 0.6129807692307693 0.4338942307692308 0.02403846153846154 0.02403846153846154
3 0.6382211538461539 0.3269230769230769 0.038461538461538464 0.021634615384615384
4 0.6778846153846154 0.6310096153846154 0.02403846153846154 0.019230769230769232
2 0.6887019230769231 0.32211538461538464 0.04326923076923077 0.016826923076923076
2 0.6778846153846154 0.4206730769230769 0.028846153846153848 0.019230769230769232
0 0.6274038461538461 0.5264423076923077 0.016826923076923076 0.01201923076923077
0 0.6286057692307693 0.5036057692307693 0.019230769230769232 0.01201923076923077
0 0.44711538461538464 0.08413461538461539 0.09134615384615384 0.0673076923076923
0 0.5769230769230769 0.28725961538461536 0.038461538461538464 0.03365384615384615
0 0.6189903846153846 0.6237980769230769 0.019230769230769232 0.014423076923076924
3 0.6466346153846154 0.4206730769230769 0.028846153846153848 0.019230769230769232
3 0.6430288461538461 0.6310096153846154 0.028846153846153848 0.021634615384615384
0 0.6274038461538461 0.4050480769230769 0.016826923076923076 0.014423076923076924
1 0.328125 0.02403846153846154 0.34615384615384615 0.040865384615384616