0 0.3713942307692308 0.5673076923076923 0.036057692307692304 0.04807692307692308
0 0.4579326923076923 0.5805288461538461 0.03125 0.03365384615384615
0 0.5240384615384616 0.6141826923076923 0.014423076923076924 0.019230769230769232
0 0.7992788461538461 0.5901442307692307 0.019230769230769232 0.02403846153846154
0 0.5480769230769231 0.6129807692307693 0.014423076923076924 0.019230769230769232
1 0.5925480769230769 0.6225961538461539 0.0673076923076923 0.0673076923076923
0 0.43149038461538464 0.6201923076923077 0.014423076923076924 0.019230769230769232
1 0.09014423076923077 0.5252403846153846 0.17307692307692307 0.28365384615384615
0 0.9326923076923077 0.5480769230769231 0.02403846153846154 0.03365384615384615
6 0.5588942307692307 0.6814903846153846 0.009615384615384616 0.016826923076923076
2 0.4519230769230769 0.6730769230769231 0.019230769230769232 0.019230769230769232
0 0.33413461538461536 0.5853365384615384 0.028846153846153848 0.028846153846153848
3 0.84375 0.4639423076923077 0.1201923076923077 0.038461538461538464