1 0.36778846153846156 0.09495192307692307 0.43509615384615385 0.1875
1 0.5384615384615384 0.84375 0.28846153846153844 0.24519230769230768
3 0.6189903846153846 0.6658653846153846 0.052884615384615384 0.040865384615384616
5 0.6911057692307693 0.6634615384615384 0.0625 0.040865384615384616
0 0.6165865384615384 0.30528846153846156 0.016826923076923076 0.014423076923076924
3 0.6057692307692307 0.16466346153846154 0.0673076923076923 0.04326923076923077
0 0.6286057692307693 0.5024038461538461 0.014423076923076924 0.014423076923076924
0 0.6286057692307693 0.5216346153846154 0.01201923076923077 0.014423076923076924
2 0.6802884615384616 0.15745192307692307 0.08173076923076923 0.052884615384615384
0 0.6298076923076923 0.41586538461538464 0.019230769230769232 0.014423076923076924
0 0.6358173076923077 0.43149038461538464 0.016826923076923076 0.014423076923076924