0 0.7740384615384616 0.5588942307692307 0.11538461538461539 0.16826923076923078
0 0.8365384615384616 0.4699519230769231 0.057692307692307696 0.09134615384615384
0 0.18509615384615385 0.375 0.028846153846153848 0.038461538461538464
0 0.13221153846153846 0.3942307692307692 0.03125 0.038461538461538464
0 0.8197115384615384 0.33774038461538464 0.019230769230769232 0.01201923076923077
0 0.26802884615384615 0.3557692307692308 0.03365384615384615 0.038461538461538464
0 0.4723557692307692 0.21394230769230768 0.019230769230769232 0.028846153846153848
6 0.5709134615384616 0.23317307692307693 0.009615384615384616 0.016826923076923076
0 0.9543269230769231 0.3762019230769231 0.02403846153846154 0.03365384615384615
0 0.7199519230769231 0.31009615384615385 0.019230769230769232 0.02403846153846154
0 0.10576923076923077 0.38822115384615385 0.019230769230769232 0.04326923076923077
1 0.6310096153846154 0.3004807692307692 0.10096153846153846 0.09615384615384616
1 0.4963942307692308 0.27524038461538464 0.028846153846153848 0.019230769230769232