0 0.47596153846153844 0.20673076923076922 0.08653846153846154 0.05048076923076923
0 0.5012019230769231 0.46153846153846156 0.09134615384615384 0.07211538461538461
0 0.5192307692307693 0.2283653846153846 0.07211538461538461 0.04807692307692308
0 0.09615384615384616 0.1045673076923077 0.18269230769230768 0.19951923076923078
0 0.5925480769230769 0.5276442307692307 0.03365384615384615 0.028846153846153848
3 0.5901442307692307 0.07572115384615384 0.03125 0.026442307692307692
3 0.6286057692307693 0.30408653846153844 0.028846153846153848 0.026442307692307692
0 0.6237980769230769 0.4098557692307692 0.019230769230769232 0.014423076923076924
0 0.5420673076923077 0.08173076923076923 0.03365384615384615 0.02403846153846154
0 0.5877403846153846 0.16346153846153846 0.016826923076923076 0.01201923076923077
4 0.6670673076923077 0.3016826923076923 0.038461538461538464 0.02403846153846154
3 0.5480769230769231 0.4026442307692308 0.019230769230769232 0.07692307692307693