0 0.4362980769230769 0.5204326923076923 0.07692307692307693 0.09134615384615384
0 0.5757211538461539 0.45552884615384615 0.04567307692307692 0.057692307692307696
0 0.21995192307692307 0.44350961538461536 0.03365384615384615 0.04567307692307692
0 0.6418269230769231 0.4206730769230769 0.028846153846153848 0.03365384615384615
0 0.8737980769230769 0.48197115384615385 0.036057692307692304 0.052884615384615384
0 0.9122596153846154 0.4543269230769231 0.021634615384615384 0.03365384615384615
0 0.6923076923076923 0.40384615384615385 0.021634615384615384 0.02403846153846154
0 0.6033653846153846 0.39663461538461536 0.019230769230769232 0.02403846153846154
0 0.5805288461538461 0.3870192307692308 0.014423076923076924 0.019230769230769232
0 0.4795673076923077 0.3942307692307692 0.019230769230769232 0.02403846153846154
0 0.4182692307692308 0.3786057692307692 0.01201923076923077 0.016826923076923076
2 0.11298076923076923 0.3317307692307692 0.06490384615384616 0.13942307692307693
3 0.11778846153846154 0.4831730769230769 0.07451923076923077 0.15865384615384615
3 0.3858173076923077 0.3762019230769231 0.03365384615384615 0.04807692307692308
3 0.28725961538461536 0.4579326923076923 0.07692307692307693 0.019230769230769232
0 0.8882211538461539 0.4411057692307692 0.019230769230769232 0.028846153846153848
6 0.5769230769230769 0.25 0.03365384615384615 0.04567307692307692
2 0.38461538461538464 0.3245192307692308 0.03365384615384615 0.04326923076923077
3 0.7355769230769231 0.39903846153846156 0.03365384615384615 0.04807692307692308