0 0.8112980769230769 0.5036057692307693 0.052884615384615384 0.06490384615384616
0 0.9266826923076923 0.46875 0.02403846153846154 0.03365384615384615
0 0.9867788461538461 0.4543269230769231 0.014423076923076924 0.02403846153846154
0 0.2824519230769231 0.4254807692307692 0.02403846153846154 0.028846153846153848
3 0.6237980769230769 0.4026442307692308 0.016826923076923076 0.07932692307692307
3 0.2283653846153846 0.38221153846153844 0.026442307692307692 0.038461538461538464
2 0.22596153846153846 0.3401442307692308 0.02403846153846154 0.03365384615384615
0 0.33653846153846156 0.39663461538461536 0.014423076923076924 0.019230769230769232
0 0.20432692307692307 0.4110576923076923 0.01201923076923077 0.019230769230769232
0 0.4182692307692308 0.38822115384615385 0.007211538461538462 0.014423076923076924
3 0.08774038461538461 0.4483173076923077 0.028846153846153848 0.08173076923076923
2 0.07932692307692307 0.3629807692307692 0.028846153846153848 0.07211538461538461
4 0.6225961538461539 0.31971153846153844 0.019230769230769232 0.06490384615384616
3 0.5204326923076923 0.3786057692307692 0.028846153846153848 0.03365384615384615
6 0.36538461538461536 0.2692307692307692 0.014423076923076924 0.03365384615384615
4 0.5240384615384616 0.33533653846153844 0.028846153846153848 0.03365384615384615
0 0.9387019230769231 0.4338942307692308 0.01201923076923077 0.019230769230769232