0 0.6887019230769231 0.4495192307692308 0.04326923076923077 0.052884615384615384
3 0.14302884615384615 0.3858173076923077 0.02403846153846154 0.03365384615384615
3 0.44471153846153844 0.3581730769230769 0.03365384615384615 0.038461538461538464
3 0.5336538461538461 0.3942307692307692 0.02403846153846154 0.10096153846153846
2 0.44471153846153844 0.31009615384615385 0.03365384615384615 0.038461538461538464
0 0.09735576923076923 0.4170673076923077 0.014423076923076924 0.019230769230769232
0 0.040865384615384616 0.4338942307692308 0.014423076923076924 0.019230769230769232
0 0.6923076923076923 0.38341346153846156 0.014423076923076924 0.019230769230769232
0 0.7800480769230769 0.4206730769230769 0.026442307692307692 0.038461538461538464
0 0.8521634615384616 0.42427884615384615 0.02403846153846154 0.03365384615384615
3 0.9110576923076923 0.8870192307692307 0.17307692307692307 0.22115384615384615
3 0.171875 0.38461538461538464 0.014423076923076924 0.038461538461538464
2 0.16826923076923078 0.3401442307692308 0.014423076923076924 0.03365384615384615
2 0.5300480769230769 0.2848557692307692 0.038461538461538464 0.10096153846153846
5 0.14182692307692307 0.3449519230769231 0.02403846153846154 0.038461538461538464
0 0.7800480769230769 0.30528846153846156 0.01201923076923077 0.014423076923076924
0 0.8942307692307693 0.4098557692307692 0.01201923076923077 0.019230769230769232