0 0.3088942307692308 0.11177884615384616 0.1778846153846154 0.11538461538461539
0 0.5204326923076923 0.36658653846153844 0.0625 0.052884615384615384
0 0.49278846153846156 0.9795673076923077 0.07692307692307693 0.036057692307692304
0 0.5673076923076923 0.17668269230769232 0.014423076923076924 0.01201923076923077
0 0.5925480769230769 0.5348557692307693 0.02403846153846154 0.019230769230769232
0 0.4579326923076923 0.04326923076923077 0.0673076923076923 0.04326923076923077
3 0.6057692307692307 0.421875 0.07451923076923077 0.03365384615384615
2 0.6838942307692307 0.4254807692307692 0.0673076923076923 0.028846153846153848
2 0.6466346153846154 0.2776442307692308 0.03365384615384615 0.026442307692307692
3 0.6033653846153846 0.27884615384615385 0.03365384615384615 0.026442307692307692
0 0.5588942307692307 0.11298076923076923 0.014423076923076924 0.014423076923076924
0 0.5901442307692307 0.65625 0.016826923076923076 0.02403846153846154
0 0.5769230769230769 0.4963942307692308 0.028846153846153848 0.014423076923076924
0 0.6574519230769231 0.3076923076923077 0.019230769230769232 0.009615384615384616
0 0.5853365384615384 0.6838942307692307 0.016826923076923076 0.014423076923076924
4 0.5925480769230769 0.019230769230769232 0.03365384615384615 0.021634615384615384
3 0.5504807692307693 0.019230769230769232 0.038461538461538464 0.02403846153846154