0 0.39663461538461536 0.24278846153846154 0.1201923076923077 0.09134615384615384
0 0.390625 0.9591346153846154 0.10096153846153846 0.06971153846153846
0 0.5432692307692307 0.8088942307692307 0.038461538461538464 0.03365384615384615
0 0.5865384615384616 0.7439903846153846 0.02403846153846154 0.019230769230769232
0 0.5348557692307693 0.06971153846153846 0.03365384615384615 0.02403846153846154
3 0.20552884615384615 0.203125 0.21634615384615385 0.2644230769230769
3 0.5192307692307693 0.8677884615384616 0.019230769230769232 0.0673076923076923
1 0.5889423076923077 0.12259615384615384 0.06009615384615385 0.08653846153846154
0 0.5588942307692307 0.13942307692307693 0.03365384615384615 0.02403846153846154
0 0.5432692307692307 0.008413461538461538 0.028846153846153848 0.01201923076923077
6 0.6646634615384616 0.7848557692307693 0.019230769230769232 0.014423076923076924
2 0.6358173076923077 0.8269230769230769 0.019230769230769232 0.014423076923076924
3 0.6081730769230769 0.8293269230769231 0.019230769230769232 0.016826923076923076
3 0.5973557692307693 0.9170673076923077 0.028846153846153848 0.01201923076923077
0 0.6983173076923077 0.296875 0.019230769230769232 0.019230769230769232