1 0.4495192307692308 0.6694711538461539 0.1466346153846154 0.11057692307692307
3 0.8846153846153846 0.6237980769230769 0.05048076923076923 0.10096153846153846
3 0.9338942307692307 0.6322115384615384 0.04326923076923077 0.10576923076923077
3 0.20192307692307693 0.578125 0.09134615384615384 0.03125
0 0.8293269230769231 0.6442307692307693 0.026442307692307692 0.028846153846153848
0 0.8449519230769231 0.6177884615384616 0.019230769230769232 0.038461538461538464
0 0.6394230769230769 0.6742788461538461 0.019230769230769232 0.028846153846153848
0 0.5925480769230769 0.6862980769230769 0.019230769230769232 0.02403846153846154
4 0.9362980769230769 0.7403846153846154 0.038461538461538464 0.08653846153846154
2 0.8894230769230769 0.7307692307692307 0.04326923076923077 0.09375
0 0.6634615384615384 0.6706730769230769 0.014423076923076924 0.028846153846153848
0 0.27403846153846156 0.6838942307692307 0.014423076923076924 0.019230769230769232
0 0.23076923076923078 0.6887019230769231 0.01201923076923077 0.014423076923076924
3 0.10216346153846154 0.6153846153846154 0.0625 0.16826923076923078
3 0.042067307692307696 0.6310096153846154 0.05048076923076923 0.14423076923076922
4 0.09735576923076923 0.7776442307692307 0.0625 0.1346153846153846
2 0.03485576923076923 0.7788461538461539 0.052884615384615384 0.14182692307692307
0 0.29086538461538464 0.6947115384615384 0.014423076923076924 0.019230769230769232
2 0.3581730769230769 0.7403846153846154 0.019230769230769232 0.028846153846153848
3 0.3581730769230769 0.7127403846153846 0.019230769230769232 0.02403846153846154
0 0.4170673076923077 0.7512019230769231 0.038461538461538464 0.02403846153846154