0 0.5084134615384616 0.9206730769230769 0.04567307692307692 0.036057692307692304
0 0.5012019230769231 0.9879807692307693 0.040865384615384616 0.019230769230769232
0 0.4362980769230769 0.078125 0.08653846153846154 0.057692307692307696
0 0.47596153846153844 0.11658653846153846 0.0673076923076923 0.04326923076923077
0 0.5228365384615384 0.8569711538461539 0.04326923076923077 0.03365384615384615
0 0.5456730769230769 0.8762019230769231 0.03365384615384615 0.019230769230769232
0 0.5685096153846154 0.7379807692307693 0.03365384615384615 0.026442307692307692
3 0.6201923076923077 0.5324519230769231 0.028846153846153848 0.019230769230769232
0 0.5204326923076923 0.08052884615384616 0.04326923076923077 0.026442307692307692
4 0.6502403846153846 0.5324519230769231 0.02403846153846154 0.019230769230769232
3 0.6225961538461539 0.30528846153846156 0.028846153846153848 0.021634615384615384
0 0.6153846153846154 0.5036057692307693 0.019230769230769232 0.014423076923076924
0 0.6742788461538461 0.6550480769230769 0.019230769230769232 0.014423076923076924