0 0.5216346153846154 0.6213942307692307 0.04807692307692308 0.052884615384615384
0 0.8786057692307693 0.5745192307692307 0.036057692307692304 0.057692307692307696
1 0.9783653846153846 0.5673076923076923 0.040865384615384616 0.10576923076923077
3 0.9350961538461539 0.5252403846153846 0.07692307692307693 0.038461538461538464
0 0.5925480769230769 0.6682692307692307 0.02403846153846154 0.028846153846153848
0 0.5625 0.6802884615384616 0.021634615384615384 0.028846153846153848
0 0.6165865384615384 0.6826923076923077 0.016826923076923076 0.019230769230769232
1 0.08774038461538461 0.4723557692307692 0.17067307692307693 0.31009615384615385
3 0.15865384615384615 0.6923076923076923 0.03125 0.038461538461538464
5 0.15745192307692307 0.7391826923076923 0.02403846153846154 0.04326923076923077
0 0.1971153846153846 0.6694711538461539 0.016826923076923076 0.028846153846153848
0 0.2548076923076923 0.6814903846153846 0.014423076923076924 0.019230769230769232
0 0.036057692307692304 0.6742788461538461 0.0625 0.15625