3 0.2439903846153846 0.42908653846153844 0.15865384615384615 0.07211538461538461
0 0.1935096153846154 0.49399038461538464 0.052884615384615384 0.07451923076923077
0 0.3401442307692308 0.5120192307692307 0.052884615384615384 0.07211538461538461
3 0.4675480769230769 0.6057692307692307 0.040865384615384616 0.09134615384615384
2 0.46634615384615385 0.7151442307692307 0.04326923076923077 0.07211538461538461
0 0.6574519230769231 0.6021634615384616 0.016826923076923076 0.019230769230769232
3 0.9230769230769231 0.5817307692307693 0.026442307692307692 0.04326923076923077
3 0.6213942307692307 0.6225961538461539 0.03365384615384615 0.038461538461538464
5 0.9242788461538461 0.6334134615384616 0.03365384615384615 0.038461538461538464
2 0.6213942307692307 0.6694711538461539 0.03125 0.03365384615384615
0 0.6850961538461539 0.6057692307692307 0.014423076923076924 0.019230769230769232