0 0.38100961538461536 0.5973557692307693 0.019230769230769232 0.021634615384615384
3 0.39663461538461536 0.7271634615384616 0.11538461538461539 0.0625
4 0.30408653846153844 0.4879807692307692 0.04326923076923077 0.03125
3 0.38341346153846156 0.16706730769230768 0.04567307692307692 0.03125
2 0.3317307692307692 0.1658653846153846 0.04567307692307692 0.028846153846153848
0 0.2668269230769231 0.4987980769230769 0.019230769230769232 0.019230769230769232
0 0.3954326923076923 0.2091346153846154 0.019230769230769232 0.019230769230769232
6 0.2439903846153846 0.3245192307692308 0.05048076923076923 0.026442307692307692
4 0.2776442307692308 0.7307692307692307 0.10576923076923077 0.052884615384615384
3 0.34975961538461536 0.4879807692307692 0.04567307692307692 0.03125
3 0.43028846153846156 0.5865384615384616 0.019230769230769232 0.0673076923076923
0 0.4362980769230769 0.8088942307692307 0.038461538461538464 0.014423076923076924
0 0.4182692307692308 0.10576923076923077 0.02403846153846154 0.014423076923076924
0 0.46634615384615385 0.9399038461538461 0.05048076923076923 0.016826923076923076
0 0.4723557692307692 0.9879807692307693 0.04567307692307692 0.019230769230769232