0 0.4723557692307692 0.05889423076923077 0.10817307692307693 0.07692307692307693
0 0.5889423076923077 0.1466346153846154 0.06009615384615385 0.040865384615384616
0 0.6153846153846154 0.8810096153846154 0.038461538461538464 0.028846153846153848
3 0.4855769230769231 0.29086538461538464 0.08653846153846154 0.17307692307692307
3 0.7043269230769231 0.4519230769230769 0.04326923076923077 0.02403846153846154
3 0.6983173076923077 0.2932692307692308 0.02403846153846154 0.016826923076923076
3 0.6959134615384616 0.2668269230769231 0.02403846153846154 0.01201923076923077
2 0.7319711538461539 0.2692307692307692 0.019230769230769232 0.01201923076923077
5 0.7307692307692307 0.2920673076923077 0.02403846153846154 0.019230769230769232
5 0.7524038461538461 0.45072115384615385 0.04326923076923077 0.026442307692307692
0 0.6790865384615384 0.22115384615384615 0.016826923076923076 0.014423076923076924
0 0.6838942307692307 0.25721153846153844 0.016826923076923076 0.01201923076923077
0 0.7151442307692307 0.03485576923076923 0.019230769230769232 0.014423076923076924