1 0.6754807692307693 0.5612980769230769 0.08653846153846154 0.125
3 0.6766826923076923 0.38221153846153844 0.07932692307692307 0.02403846153846154
3 0.6875 0.4483173076923077 0.03365384615384615 0.028846153846153848
2 0.7560096153846154 0.38100961538461536 0.07211538461538461 0.019230769230769232
2 0.7307692307692307 0.45072115384615385 0.03365384615384615 0.028846153846153848
3 0.6129807692307693 0.8846153846153846 0.08653846153846154 0.038461538461538464
0 0.5360576923076923 0.9723557692307693 0.04807692307692308 0.03125
4 0.6935096153846154 0.8942307692307693 0.0625 0.028846153846153848
0 0.6598557692307693 0.6826923076923077 0.014423076923076924 0.01201923076923077
0 0.6634615384615384 0.6550480769230769 0.014423076923076924 0.014423076923076924
0 0.7079326923076923 0.5420673076923077 0.03365384615384615 0.03125
3 0.671875 0.7367788461538461 0.038461538461538464 0.014423076923076924
2 0.7151442307692307 0.7403846153846154 0.03365384615384615 0.014423076923076924
0 0.6081730769230769 0.02403846153846154 0.038461538461538464 0.021634615384615384
6 0.7764423076923077 0.6274038461538461 0.03365384615384615 0.019230769230769232