3 0.609375 0.6153846153846154 0.038461538461538464 0.052884615384615384
3 0.25961538461538464 0.5973557692307693 0.03365384615384615 0.04567307692307692
1 0.47475961538461536 0.5877403846153846 0.16105769230769232 0.10576923076923077
2 0.6105769230769231 0.6742788461538461 0.040865384615384616 0.04807692307692308
3 0.8533653846153846 0.5432692307692307 0.08653846153846154 0.19951923076923078
3 0.6646634615384616 0.5408653846153846 0.0625 0.014423076923076924
2 0.8641826923076923 0.7283653846153846 0.08413461538461539 0.15865384615384615
4 0.25961538461538464 0.6526442307692307 0.036057692307692304 0.04326923076923077
0 0.3245192307692308 0.59375 0.014423076923076924 0.016826923076923076
0 0.16706730769230768 0.5661057692307693 0.019230769230769232 0.02403846153846154
0 0.6634615384615384 0.6790865384615384 0.01201923076923077 0.016826923076923076
0 0.7415865384615384 0.5817307692307693 0.02403846153846154 0.02403846153846154
0 0.6959134615384616 0.5997596153846154 0.014423076923076924 0.019230769230769232
0 0.7091346153846154 0.6057692307692307 0.01201923076923077 0.019230769230769232
0 0.7199519230769231 0.5841346153846154 0.016826923076923076 0.028846153846153848
6 0.38822115384615385 0.7487980769230769 0.028846153846153848 0.04807692307692308