0 0.5192307692307693 0.3629807692307692 0.04326923076923077 0.038461538461538464
0 0.5625 0.6466346153846154 0.03365384615384615 0.026442307692307692
2 0.6213942307692307 0.13701923076923078 0.03365384615384615 0.026442307692307692
3 0.5757211538461539 0.13701923076923078 0.028846153846153848 0.02403846153846154
0 0.5793269230769231 0.25240384615384615 0.016826923076923076 0.014423076923076924
0 0.578125 0.22235576923076922 0.014423076923076924 0.009615384615384616
0 0.546875 0.07932692307692307 0.019230769230769232 0.014423076923076924
0 0.59375 0.3581730769230769 0.016826923076923076 0.009615384615384616
0 0.6706730769230769 0.8677884615384616 0.02403846153846154 0.02403846153846154
0 0.5817307692307693 0.27884615384615385 0.016826923076923076 0.014423076923076924
0 0.5432692307692307 0.04567307692307692 0.016826923076923076 0.01201923076923077
0 0.5733173076923077 0.6057692307692307 0.02403846153846154 0.019230769230769232