3 0.4411057692307692 0.09014423076923077 0.08173076923076923 0.036057692307692304
3 0.38822115384615385 0.2692307692307692 0.038461538461538464 0.028846153846153848
3 0.3641826923076923 0.5841346153846154 0.038461538461538464 0.03125
3 0.4254807692307692 0.6935096153846154 0.10576923076923077 0.03365384615384615
0 0.6262019230769231 0.8858173076923077 0.1346153846153846 0.09134615384615384
4 0.34615384615384615 0.2668269230769231 0.038461538461538464 0.02403846153846154
4 0.3557692307692308 0.08774038461538461 0.07211538461538461 0.036057692307692304
2 0.32211538461538464 0.5865384615384616 0.04326923076923077 0.028846153846153848
2 0.3173076923076923 0.6995192307692307 0.08653846153846154 0.03365384615384615
6 0.265625 0.3942307692307692 0.02403846153846154 0.021634615384615384
1 0.4182692307692308 0.14182692307692307 0.06490384615384616 0.0625