0 0.6370192307692307 0.4807692307692308 0.038461538461538464 0.04326923076923077
0 0.35336538461538464 0.4375 0.026442307692307692 0.03365384615384615
2 0.8629807692307693 0.3786057692307692 0.026442307692307692 0.03365384615384615
3 0.8629807692307693 0.42427884615384615 0.02403846153846154 0.028846153846153848
0 0.7475961538461539 0.4206730769230769 0.014423076923076924 0.016826923076923076
0 0.7776442307692307 0.421875 0.009615384615384616 0.014423076923076924
0 0.9206730769230769 0.453125 0.014423076923076924 0.019230769230769232
0 0.6418269230769231 0.40625 0.009615384615384616 0.016826923076923076
0 0.13221153846153846 0.3293269230769231 0.02403846153846154 0.02403846153846154
0 0.7211538461538461 0.4182692307692308 0.014423076923076924 0.016826923076923076
0 0.9543269230769231 0.4567307692307692 0.01201923076923077 0.016826923076923076
0 0.3942307692307692 0.4266826923076923 0.019230769230769232 0.02403846153846154