0 0.5144230769230769 0.9134615384615384 0.08173076923076923 0.057692307692307696
3 0.3605769230769231 0.6454326923076923 0.04567307692307692 0.03365384615384615
3 0.359375 0.38822115384615385 0.038461538461538464 0.026442307692307692
3 0.5396634615384616 0.056490384615384616 0.038461538461538464 0.09134615384615384
4 0.3088942307692308 0.1875 0.0673076923076923 0.038461538461538464
3 0.4182692307692308 0.8317307692307693 0.10817307692307693 0.052884615384615384
3 0.3954326923076923 0.19831730769230768 0.08653846153846154 0.038461538461538464
0 0.4879807692307692 0.057692307692307696 0.05048076923076923 0.038461538461538464
0 0.37259615384615385 0.5552884615384616 0.019230769230769232 0.014423076923076924
4 0.31490384615384615 0.3894230769230769 0.038461538461538464 0.028846153846153848
2 0.3161057692307692 0.6466346153846154 0.04326923076923077 0.036057692307692304
6 0.25961538461538464 0.5240384615384616 0.03365384615384615 0.021634615384615384