0 0.5949519230769231 0.5096153846153846 0.07451923076923077 0.09375
0 0.6262019230769231 0.4338942307692308 0.038461538461538464 0.04326923076923077
0 0.5120192307692307 0.4254807692307692 0.040865384615384616 0.04567307692307692
3 0.8052884615384616 0.7067307692307693 0.25 0.17548076923076922
0 0.9002403846153846 0.5793269230769231 0.08413461538461539 0.10817307692307693
0 0.3317307692307692 0.38221153846153844 0.014423076923076924 0.019230769230769232
0 0.3605769230769231 0.3798076923076923 0.014423076923076924 0.019230769230769232
3 0.15384615384615385 0.3894230769230769 0.019230769230769232 0.03365384615384615
3 0.055288461538461536 0.41466346153846156 0.019230769230769232 0.057692307692307696
2 0.05048076923076923 0.35096153846153844 0.019230769230769232 0.04807692307692308
2 0.15264423076923078 0.34975961538461536 0.021634615384615384 0.02403846153846154
0 0.6334134615384616 0.4026442307692308 0.026442307692307692 0.028846153846153848
0 0.7692307692307693 0.4182692307692308 0.026442307692307692 0.03365384615384615
6 0.2644230769230769 0.28846153846153844 0.014423076923076924 0.028846153846153848
0 0.2824519230769231 0.3870192307692308 0.01201923076923077 0.019230769230769232