0 0.5661057692307693 0.3786057692307692 0.04326923076923077 0.03365384615384615
3 0.5973557692307693 0.9338942307692307 0.028846153846153848 0.019230769230769232
3 0.6213942307692307 0.7860576923076923 0.028846153846153848 0.019230769230769232
3 0.5841346153846154 0.2548076923076923 0.10096153846153846 0.07211538461538461
2 0.6923076923076923 0.2512019230769231 0.09134615384615384 0.0673076923076923
0 0.6045673076923077 0.6478365384615384 0.019230769230769232 0.014423076923076924
0 0.5685096153846154 0.3125 0.03365384615384615 0.028846153846153848
0 0.5600961538461539 0.1778846153846154 0.038461538461538464 0.026442307692307692
0 0.7451923076923077 0.5372596153846154 0.028846153846153848 0.028846153846153848
0 0.5817307692307693 0.33052884615384615 0.03125 0.02403846153846154
2 0.6262019230769231 0.9362980769230769 0.028846153846153848 0.019230769230769232