0 0.484375 0.6141826923076923 0.019230769230769232 0.02403846153846154
0 0.8064903846153846 0.5949519230769231 0.016826923076923076 0.02403846153846154
0 0.765625 0.6141826923076923 0.009615384615384616 0.016826923076923076
3 0.3798076923076923 0.6370192307692307 0.038461538461538464 0.05048076923076923
3 0.32211538461538464 0.6370192307692307 0.040865384615384616 0.05048076923076923
5 0.31490384615384615 0.7055288461538461 0.040865384615384616 0.0673076923076923
1 0.9447115384615384 0.4411057692307692 0.09134615384615384 0.31490384615384615
0 0.109375 0.7620192307692307 0.15384615384615385 0.20432692307692307
0 0.5637019230769231 0.6418269230769231 0.014423076923076924 0.019230769230769232
0 0.4170673076923077 0.6201923076923077 0.014423076923076924 0.019230769230769232
2 0.3762019230769231 0.71875 0.038461538461538464 0.07211538461538461
1 0.2247596153846154 0.3293269230769231 0.4423076923076923 0.6153846153846154