3 0.11778846153846154 0.5216346153846154 0.13701923076923078 0.28846153846153844
5 0.10576923076923077 0.23918269230769232 0.11298076923076923 0.23317307692307693
0 0.21754807692307693 0.49759615384615385 0.05048076923076923 0.07451923076923077
0 0.8269230769230769 0.4110576923076923 0.019230769230769232 0.019230769230769232
0 0.8737980769230769 0.4182692307692308 0.014423076923076924 0.019230769230769232
6 0.5612980769230769 0.3004807692307692 0.014423076923076924 0.016826923076923076
3 0.45913461538461536 0.35216346153846156 0.014423076923076924 0.02403846153846154
3 0.6394230769230769 0.3557692307692308 0.019230769230769232 0.02403846153846154
3 0.7103365384615384 0.3713942307692308 0.014423076923076924 0.038461538461538464
4 0.6394230769230769 0.328125 0.016826923076923076 0.02403846153846154
4 0.7115384615384616 0.33052884615384615 0.014423076923076924 0.038461538461538464
0 0.8581730769230769 0.4098557692307692 0.009615384615384616 0.019230769230769232
0 0.9567307692307693 0.4495192307692308 0.021634615384615384 0.028846153846153848
0 0.9855769230769231 0.4495192307692308 0.014423076923076924 0.019230769230769232
0 0.9555288461538461 0.40865384615384615 0.014423076923076924 0.019230769230769232