0 0.25721153846153844 0.5504807692307693 0.03365384615384615 0.052884615384615384
0 0.38461538461538464 0.5949519230769231 0.021634615384615384 0.019230769230769232
0 0.7680288461538461 0.5733173076923077 0.019230769230769232 0.02403846153846154
0 0.06009615384615385 0.7908653846153846 0.04567307692307692 0.052884615384615384
0 0.4411057692307692 0.5985576923076923 0.019230769230769232 0.02403846153846154
0 0.5420673076923077 0.6177884615384616 0.01201923076923077 0.014423076923076924
3 0.8677884615384616 0.5 0.0625 0.019230769230769232
0 0.8846153846153846 0.5276442307692307 0.028846153846153848 0.04326923076923077
0 0.953125 0.5384615384615384 0.019230769230769232 0.028846153846153848
0 0.7752403846153846 0.6947115384615384 0.014423076923076924 0.019230769230769232
3 0.7091346153846154 0.625 0.01201923076923077 0.019230769230769232