3 0.7127403846153846 0.5120192307692307 0.07932692307692307 0.03365384615384615
0 0.8870192307692307 0.5012019230769231 0.040865384615384616 0.052884615384615384
0 0.6298076923076923 0.4411057692307692 0.03365384615384615 0.04807692307692308
0 0.10336538461538461 0.484375 0.03365384615384615 0.038461538461538464
2 0.016826923076923076 0.3629807692307692 0.03365384615384615 0.08653846153846154
3 0.8064903846153846 0.453125 0.08173076923076923 0.13942307692307693
3 0.021634615384615384 0.4651442307692308 0.04326923076923077 0.10096153846153846
0 0.6935096153846154 0.4230769230769231 0.02403846153846154 0.028846153846153848
0 0.17668269230769232 0.4411057692307692 0.028846153846153848 0.03365384615384615
3 0.375 0.3870192307692308 0.014423076923076924 0.019230769230769232
2 0.8064903846153846 0.3004807692307692 0.09375 0.14423076923076922