1 0.5949519230769231 0.38822115384615385 0.11538461538461539 0.15144230769230768
3 0.6274038461538461 0.6526442307692307 0.04567307692307692 0.03365384615384615
2 0.6778846153846154 0.6502403846153846 0.04326923076923077 0.03365384615384615
0 0.5997596153846154 0.7223557692307693 0.01201923076923077 0.014423076923076924
3 0.5552884615384616 0.07932692307692307 0.10576923076923077 0.052884615384615384
4 0.6622596153846154 0.07451923076923077 0.09134615384615384 0.05048076923076923
0 0.5685096153846154 0.16346153846153846 0.016826923076923076 0.014423076923076924
0 0.5841346153846154 0.22716346153846154 0.019230769230769232 0.014423076923076924
0 0.6177884615384616 0.6141826923076923 0.02403846153846154 0.014423076923076924
6 0.6850961538461539 0.5084134615384616 0.016826923076923076 0.007211538461538462
0 0.6021634615384616 0.2692307692307692 0.019230769230769232 0.01201923076923077
6 0.7439903846153846 0.4675480769230769 0.03365384615384615 0.014423076923076924
0 0.6081730769230769 0.6935096153846154 0.019230769230769232 0.014423076923076924
0 0.7091346153846154 0.31850961538461536 0.02403846153846154 0.019230769230769232
0 0.6081730769230769 0.2848557692307692 0.019230769230769232 0.01201923076923077
0 0.5865384615384616 0.1875 0.019230769230769232 0.01201923076923077