3 0.8822115384615384 0.47836538461538464 0.13701923076923078 0.28846153846153844
5 0.8942307692307693 0.7608173076923077 0.11298076923076923 0.23317307692307693
0 0.7824519230769231 0.5024038461538461 0.05048076923076923 0.07451923076923077
0 0.17307692307692307 0.5889423076923077 0.019230769230769232 0.019230769230769232
0 0.12620192307692307 0.5817307692307693 0.014423076923076924 0.019230769230769232
6 0.4387019230769231 0.6995192307692307 0.014423076923076924 0.016826923076923076
3 0.5408653846153846 0.6478365384615384 0.014423076923076924 0.02403846153846154
3 0.3605769230769231 0.6442307692307693 0.019230769230769232 0.02403846153846154
3 0.28966346153846156 0.6286057692307693 0.014423076923076924 0.038461538461538464
4 0.3605769230769231 0.671875 0.016826923076923076 0.02403846153846154
4 0.28846153846153844 0.6694711538461539 0.014423076923076924 0.038461538461538464
0 0.14182692307692307 0.5901442307692307 0.009615384615384616 0.019230769230769232
0 0.04326923076923077 0.5504807692307693 0.021634615384615384 0.028846153846153848
0 0.014423076923076924 0.5504807692307693 0.014423076923076924 0.019230769230769232
0 0.04447115384615385 0.5913461538461539 0.014423076923076924 0.019230769230769232