0 0.6814903846153846 0.49399038461538464 0.028846153846153848 0.019230769230769232
0 0.5576923076923077 0.03245192307692308 0.06490384615384616 0.04567307692307692
0 0.6514423076923077 0.3245192307692308 0.038461538461538464 0.03365384615384615
3 0.703125 0.5324519230769231 0.04326923076923077 0.014423076923076924
6 0.7379807692307693 0.7379807692307693 0.014423076923076924 0.014423076923076924
6 0.7776442307692307 0.7115384615384616 0.019230769230769232 0.014423076923076924
0 0.7800480769230769 0.9182692307692307 0.03365384615384615 0.028846153846153848
0 0.6598557692307693 0.8713942307692307 0.019230769230769232 0.009615384615384616
0 0.6923076923076923 0.47475961538461536 0.03125 0.019230769230769232
3 0.6237980769230769 0.34975961538461536 0.019230769230769232 0.06971153846153846
3 0.7115384615384616 0.5925480769230769 0.03125 0.02403846153846154
2 0.7620192307692307 0.5324519230769231 0.04807692307692308 0.016826923076923076
3 0.6875 0.8401442307692307 0.03365384615384615 0.03125