1 0.3088942307692308 0.4855769230769231 0.08173076923076923 0.10096153846153846
0 0.3858173076923077 0.14182692307692307 0.04567307692307692 0.03365384615384615
3 0.3076923076923077 0.6574519230769231 0.0673076923076923 0.02403846153846154
3 0.2932692307692308 0.5961538461538461 0.03365384615384615 0.026442307692307692
3 0.2932692307692308 0.34375 0.03125 0.02403846153846154
2 0.234375 0.6634615384615384 0.06490384615384616 0.014423076923076924
2 0.2512019230769231 0.5973557692307693 0.03125 0.02403846153846154
4 0.25721153846153844 0.34375 0.028846153846153848 0.02403846153846154
0 0.4483173076923077 0.013221153846153846 0.06490384615384616 0.021634615384615384
0 0.3485576923076923 0.7512019230769231 0.03125 0.03365384615384615
0 0.3798076923076923 0.06490384615384616 0.03365384615384615 0.02403846153846154
0 0.3161057692307692 0.2608173076923077 0.019230769230769232 0.014423076923076924