0 0.1814903846153846 0.5432692307692307 0.0625 0.08173076923076923
3 0.3762019230769231 0.6670673076923077 0.08173076923076923 0.12980769230769232
2 0.375 0.8088942307692307 0.08413461538461539 0.1346153846153846
0 0.07572115384615384 0.4987980769230769 0.06971153846153846 0.09615384615384616
0 0.5877403846153846 0.6838942307692307 0.016826923076923076 0.019230769230769232
0 0.9591346153846154 0.6153846153846154 0.019230769230769232 0.028846153846153848
0 0.9362980769230769 0.6334134615384616 0.019230769230769232 0.019230769230769232
0 0.6550480769230769 0.6911057692307693 0.014423076923076924 0.019230769230769232
0 0.9338942307692307 0.6526442307692307 0.014423076923076924 0.019230769230769232
0 0.7560096153846154 0.6862980769230769 0.01201923076923077 0.019230769230769232
0 0.8762019230769231 0.7331730769230769 0.014423076923076924 0.016826923076923076