0 0.3713942307692308 0.5036057692307693 0.0625 0.0673076923076923
0 0.41947115384615385 0.44471153846153844 0.03365384615384615 0.04326923076923077
0 0.27524038461538464 0.43990384615384615 0.02403846153846154 0.038461538461538464
3 0.5432692307692307 0.5252403846153846 0.125 0.04326923076923077
3 0.6814903846153846 0.390625 0.02403846153846154 0.04326923076923077
5 0.6838942307692307 0.34615384615384615 0.02403846153846154 0.038461538461538464
0 0.24879807692307693 0.4495192307692308 0.026442307692307692 0.04326923076923077
0 0.015625 0.48197115384615385 0.021634615384615384 0.03365384615384615
3 0.31850961538461536 0.38100961538461536 0.02403846153846154 0.03365384615384615
3 0.5144230769230769 0.375 0.014423076923076924 0.02403846153846154
3 0.5372596153846154 0.3762019230769231 0.016826923076923076 0.02403846153846154
2 0.31850961538461536 0.3449519230769231 0.021634615384615384 0.028846153846153848
5 0.5384615384615384 0.3473557692307692 0.019230769230769232 0.028846153846153848
0 0.4807692307692308 0.3870192307692308 0.014423076923076924 0.019230769230769232