0 0.8185096153846154 0.4567307692307692 0.0625 0.08173076923076923
3 0.6237980769230769 0.3329326923076923 0.08173076923076923 0.12980769230769232
2 0.625 0.19110576923076922 0.08413461538461539 0.1346153846153846
0 0.9242788461538461 0.5012019230769231 0.06971153846153846 0.09615384615384616
0 0.41225961538461536 0.3161057692307692 0.016826923076923076 0.019230769230769232
0 0.040865384615384616 0.38461538461538464 0.021634615384615384 0.028846153846153848
0 0.06370192307692307 0.36658653846153844 0.019230769230769232 0.019230769230769232
0 0.3449519230769231 0.3088942307692308 0.014423076923076924 0.019230769230769232
0 0.06610576923076923 0.3473557692307692 0.014423076923076924 0.019230769230769232
0 0.2439903846153846 0.3137019230769231 0.01201923076923077 0.019230769230769232
0 0.12379807692307693 0.2668269230769231 0.014423076923076924 0.016826923076923076