0 0.5432692307692307 0.47716346153846156 0.057692307692307696 0.04567307692307692
0 0.5432692307692307 0.5504807692307693 0.052884615384615384 0.04807692307692308
0 0.5492788461538461 0.6802884615384616 0.04807692307692308 0.03365384615384615
3 0.5889423076923077 0.3425480769230769 0.09375 0.038461538461538464
3 0.5492788461538461 0.9459134615384616 0.09134615384615384 0.03365384615384615
0 0.5348557692307693 0.04567307692307692 0.02403846153846154 0.014423076923076924
2 0.625 0.9879807692307693 0.07932692307692307 0.016826923076923076
3 0.5048076923076923 0.6742788461538461 0.02403846153846154 0.08173076923076923
4 0.6370192307692307 0.953125 0.08173076923076923 0.036057692307692304
3 0.5372596153846154 0.9819711538461539 0.07932692307692307 0.02403846153846154
2 0.6947115384615384 0.34134615384615385 0.09134615384615384 0.038461538461538464