0 0.5120192307692307 0.46153846153846156 0.052884615384615384 0.057692307692307696
0 0.47596153846153844 0.4230769230769231 0.026442307692307692 0.038461538461538464
0 0.6310096153846154 0.4206730769230769 0.02403846153846154 0.03365384615384615
0 0.609375 0.41466346153846156 0.019230769230769232 0.03365384615384615
0 0.8966346153846154 0.5276442307692307 0.052884615384615384 0.07451923076923077
0 0.8605769230769231 0.43990384615384615 0.021634615384615384 0.03365384615384615
3 0.2403846153846154 0.38822115384615385 0.02403846153846154 0.03365384615384615
5 0.24158653846153846 0.34375 0.019230769230769232 0.02403846153846154
3 0.3713942307692308 0.4879807692307692 0.10817307692307693 0.02403846153846154
2 0.5769230769230769 0.3329326923076923 0.021634615384615384 0.028846153846153848
3 0.5769230769230769 0.36658653846153844 0.019230769230769232 0.028846153846153848
0 0.4266826923076923 0.3786057692307692 0.014423076923076924 0.019230769230769232
0 0.9879807692307693 0.5588942307692307 0.014423076923076924 0.0673076923076923
3 0.9002403846153846 0.3954326923076923 0.021634615384615384 0.028846153846153848
3 0.3737980769230769 0.36899038461538464 0.014423076923076924 0.02403846153846154
4 0.9002403846153846 0.36538461538461536 0.019230769230769232 0.03125
0 0.6875 0.38822115384615385 0.01201923076923077 0.014423076923076924