3 0.6838942307692307 0.17548076923076922 0.04326923076923077 0.03125
4 0.7367788461538461 0.17548076923076922 0.04326923076923077 0.03125
0 0.5588942307692307 0.9651442307692307 0.05048076923076923 0.03365384615384615
0 0.6262019230769231 0.7379807692307693 0.03365384615384615 0.03365384615384615
0 0.6213942307692307 0.6790865384615384 0.04326923076923077 0.016826923076923076
3 0.6622596153846154 0.41586538461538464 0.11538461538461539 0.055288461538461536
4 0.796875 0.4170673076923077 0.11057692307692307 0.057692307692307696
3 0.6105769230769231 0.26802884615384615 0.02403846153846154 0.07692307692307693
0 0.6334134615384616 0.5216346153846154 0.04567307692307692 0.016826923076923076
0 0.6670673076923077 0.28846153846153844 0.028846153846153848 0.02403846153846154
0 0.7848557692307693 0.1875 0.019230769230769232 0.014423076923076924
0 0.6382211538461539 0.84375 0.014423076923076924 0.01201923076923077