0 0.5432692307692307 0.8185096153846154 0.08173076923076923 0.0625
3 0.6670673076923077 0.6237980769230769 0.12980769230769232 0.08173076923076923
2 0.8088942307692307 0.625 0.1346153846153846 0.08413461538461539
0 0.4987980769230769 0.9242788461538461 0.09615384615384616 0.06971153846153846
0 0.6838942307692307 0.41225961538461536 0.019230769230769232 0.016826923076923076
0 0.6153846153846154 0.040865384615384616 0.028846153846153848 0.019230769230769232
0 0.6334134615384616 0.06370192307692307 0.019230769230769232 0.019230769230769232
0 0.6911057692307693 0.3449519230769231 0.019230769230769232 0.014423076923076924
0 0.6526442307692307 0.06610576923076923 0.019230769230769232 0.014423076923076924
0 0.6862980769230769 0.2439903846153846 0.019230769230769232 0.01201923076923077
0 0.7331730769230769 0.12379807692307693 0.016826923076923076 0.014423076923076924