0 0.5036057692307693 0.6286057692307693 0.0673076923076923 0.0625
0 0.44471153846153844 0.5805288461538461 0.04326923076923077 0.03365384615384615
0 0.43990384615384615 0.7247596153846154 0.038461538461538464 0.02403846153846154
3 0.5252403846153846 0.4567307692307692 0.04326923076923077 0.125
3 0.390625 0.31850961538461536 0.04326923076923077 0.02403846153846154
5 0.34615384615384615 0.3161057692307692 0.038461538461538464 0.02403846153846154
0 0.4495192307692308 0.7512019230769231 0.04326923076923077 0.026442307692307692
0 0.48197115384615385 0.984375 0.03365384615384615 0.021634615384615384
3 0.38100961538461536 0.6814903846153846 0.03365384615384615 0.02403846153846154
3 0.375 0.4855769230769231 0.02403846153846154 0.014423076923076924
3 0.3762019230769231 0.46274038461538464 0.02403846153846154 0.016826923076923076
2 0.3449519230769231 0.6814903846153846 0.028846153846153848 0.021634615384615384
5 0.3473557692307692 0.46153846153846156 0.028846153846153848 0.019230769230769232
0 0.3870192307692308 0.5192307692307693 0.019230769230769232 0.014423076923076924