6 0.5348557692307693 0.20793269230769232 0.014423076923076924 0.02403846153846154
0 0.05048076923076923 0.47836538461538464 0.04807692307692308 0.0673076923076923
3 0.8245192307692307 0.34375 0.03365384615384615 0.07451923076923077
4 0.828125 0.2620192307692308 0.03365384615384615 0.07211538461538461
0 0.17067307692307693 0.4026442307692308 0.03125 0.04567307692307692
3 0.1346153846153846 0.43990384615384615 0.057692307692307696 0.02403846153846154
4 0.6814903846153846 0.2644230769230769 0.028846153846153848 0.038461538461538464
3 0.6814903846153846 0.30528846153846156 0.028846153846153848 0.038461538461538464
0 0.03485576923076923 0.42427884615384615 0.028846153846153848 0.038461538461538464
3 0.2608173076923077 0.35096153846153844 0.03125 0.09375
2 0.25600961538461536 0.25721153846153844 0.026442307692307692 0.08173076923076923
2 0.3545673076923077 0.265625 0.03125 0.038461538461538464
3 0.35697115384615385 0.3088942307692308 0.028846153846153848 0.04326923076923077
0 0.9591346153846154 0.4110576923076923 0.028846153846153848 0.04807692307692308