0 0.3629807692307692 0.6213942307692307 0.052884615384615384 0.040865384615384616
0 0.5324519230769231 0.9735576923076923 0.11538461538461539 0.04807692307692308
0 0.4170673076923077 0.055288461538461536 0.04567307692307692 0.03365384615384615
3 0.43149038461538464 0.7007211538461539 0.03365384615384615 0.10817307692307693
3 0.2800480769230769 0.5480769230769231 0.028846153846153848 0.014423076923076924
2 0.2439903846153846 0.5456730769230769 0.028846153846153848 0.014423076923076924
1 0.38341346153846156 0.2956730769230769 0.25 0.25961538461538464
0 0.22115384615384615 0.8245192307692307 0.028846153846153848 0.016826923076923076
0 0.3858173076923077 0.09735576923076923 0.038461538461538464 0.019230769230769232
0 0.24639423076923078 0.7944711538461539 0.019230769230769232 0.014423076923076924
6 0.2091346153846154 0.40865384615384615 0.019230769230769232 0.014423076923076924