1 0.5612980769230769 0.3245192307692308 0.125 0.08653846153846154
3 0.38221153846153844 0.3233173076923077 0.02403846153846154 0.07932692307692307
3 0.4483173076923077 0.3125 0.028846153846153848 0.03365384615384615
2 0.38100961538461536 0.2439903846153846 0.019230769230769232 0.07211538461538461
2 0.45072115384615385 0.2692307692307692 0.028846153846153848 0.03365384615384615
3 0.8846153846153846 0.3870192307692308 0.038461538461538464 0.08653846153846154
0 0.9723557692307693 0.4639423076923077 0.03125 0.04807692307692308
4 0.8942307692307693 0.30649038461538464 0.028846153846153848 0.0625
0 0.6826923076923077 0.3401442307692308 0.01201923076923077 0.014423076923076924
0 0.6550480769230769 0.33653846153846156 0.014423076923076924 0.014423076923076924
0 0.5420673076923077 0.2920673076923077 0.03125 0.03365384615384615
3 0.7367788461538461 0.328125 0.014423076923076924 0.038461538461538464
2 0.7403846153846154 0.2848557692307692 0.014423076923076924 0.03365384615384615
0 0.02403846153846154 0.3918269230769231 0.021634615384615384 0.038461538461538464
6 0.6274038461538461 0.22355769230769232 0.019230769230769232 0.03365384615384615