3 0.6466346153846154 0.8245192307692307 0.09615384615384616 0.06009615384615385
3 0.6658653846153846 0.16947115384615385 0.08653846153846154 0.04807692307692308
0 0.6622596153846154 0.27524038461538464 0.02403846153846154 0.021634615384615384
2 0.7475961538461539 0.8293269230769231 0.07932692307692307 0.057692307692307696
4 0.75 0.1658653846153846 0.07211538461538461 0.04807692307692308
3 0.6574519230769231 0.7752403846153846 0.09615384615384616 0.03365384615384615
1 0.6911057692307693 0.5516826923076923 0.06490384615384616 0.09134615384615384
0 0.7295673076923077 0.5384615384615384 0.019230769230769232 0.02403846153846154
0 0.7668269230769231 0.296875 0.016826923076923076 0.01201923076923077
0 0.6887019230769231 0.3125 0.019230769230769232 0.014423076923076924
6 0.7620192307692307 0.5216346153846154 0.019230769230769232 0.014423076923076924
3 0.5925480769230769 0.09375 0.019230769230769232 0.057692307692307696
3 0.6682692307692307 0.35096153846153844 0.016826923076923076 0.038461538461538464
3 0.7151442307692307 0.44350961538461536 0.019230769230769232 0.019230769230769232
0 0.6418269230769231 0.04326923076923077 0.019230769230769232 0.014423076923076924