0 0.7043269230769231 0.3870192307692308 0.057692307692307696 0.06009615384615385
0 0.4675480769230769 0.33774038461538464 0.03365384615384615 0.04326923076923077
0 0.49399038461538464 0.31850961538461536 0.02403846153846154 0.028846153846153848
3 0.6706730769230769 0.4362980769230769 0.12980769230769232 0.03365384615384615
3 0.41225961538461536 0.30528846153846156 0.026442307692307692 0.07211538461538461
3 0.359375 0.2932692307692308 0.028846153846153848 0.038461538461538464
3 0.07692307692307693 0.3317307692307692 0.028846153846153848 0.052884615384615384
2 0.41225961538461536 0.23076923076923078 0.026442307692307692 0.06490384615384616
6 0.21514423076923078 0.2620192307692308 0.014423076923076924 0.019230769230769232
2 0.3581730769230769 0.24879807692307693 0.03365384615384615 0.03365384615384615
3 0.33653846153846156 0.2956730769230769 0.01201923076923077 0.04567307692307692