1 0.5504807692307693 0.6694711538461539 0.1466346153846154 0.11057692307692307
3 0.11538461538461539 0.6237980769230769 0.05048076923076923 0.10096153846153846
3 0.06610576923076923 0.6322115384615384 0.04326923076923077 0.10576923076923077
3 0.7980769230769231 0.578125 0.09134615384615384 0.03125
0 0.17067307692307693 0.6442307692307693 0.026442307692307692 0.028846153846153848
0 0.15504807692307693 0.6177884615384616 0.019230769230769232 0.038461538461538464
0 0.3605769230769231 0.6742788461538461 0.019230769230769232 0.028846153846153848
0 0.4074519230769231 0.6862980769230769 0.019230769230769232 0.02403846153846154
4 0.06370192307692307 0.7403846153846154 0.038461538461538464 0.08653846153846154
2 0.11057692307692307 0.7307692307692307 0.04326923076923077 0.09375
0 0.33653846153846156 0.6706730769230769 0.014423076923076924 0.028846153846153848
0 0.7259615384615384 0.6838942307692307 0.014423076923076924 0.019230769230769232
0 0.7692307692307693 0.6887019230769231 0.01201923076923077 0.014423076923076924
3 0.8978365384615384 0.6153846153846154 0.0625 0.16826923076923078
3 0.9579326923076923 0.6310096153846154 0.05048076923076923 0.1466346153846154
4 0.9026442307692307 0.7776442307692307 0.0625 0.1346153846153846
2 0.9651442307692307 0.7788461538461539 0.052884615384615384 0.14182692307692307
0 0.7091346153846154 0.6947115384615384 0.014423076923076924 0.019230769230769232
2 0.6418269230769231 0.7403846153846154 0.019230769230769232 0.028846153846153848
3 0.6418269230769231 0.7127403846153846 0.019230769230769232 0.02403846153846154
0 0.5829326923076923 0.7512019230769231 0.038461538461538464 0.02403846153846154