0 0.2956730769230769 0.5480769230769231 0.038461538461538464 0.05048076923076923
0 0.9651442307692307 0.4795673076923077 0.040865384615384616 0.052884615384615384
3 0.4326923076923077 0.6286057692307693 0.028846153846153848 0.03365384615384615
3 0.6742788461538461 0.6201923076923077 0.02403846153846154 0.03125
0 0.9254807692307693 0.5348557692307693 0.02403846153846154 0.03365384615384615
1 0.5216346153846154 0.6177884615384616 0.09375 0.06490384615384616
3 0.3701923076923077 0.6141826923076923 0.021634615384615384 0.07211538461538461
2 0.36658653846153844 0.6862980769230769 0.019230769230769232 0.057692307692307696
2 0.4338942307692308 0.6646634615384616 0.028846153846153848 0.03365384615384615
0 0.9627403846153846 0.515625 0.028846153846153848 0.03125
0 0.9831730769230769 0.6622596153846154 0.019230769230769232 0.02403846153846154
0 0.125 0.5528846153846154 0.02403846153846154 0.03125
0 0.18269230769230768 0.5540865384615384 0.028846153846153848 0.038461538461538464
0 0.04927884615384615 0.4423076923076923 0.055288461538461536 0.08173076923076923
3 0.8545673076923077 0.5168269230769231 0.0625 0.019230769230769232