3 0.28725961538461536 0.5120192307692307 0.07932692307692307 0.03365384615384615
0 0.11298076923076923 0.5012019230769231 0.040865384615384616 0.052884615384615384
0 0.3701923076923077 0.4411057692307692 0.03365384615384615 0.04807692307692308
0 0.8966346153846154 0.484375 0.03365384615384615 0.038461538461538464
2 0.9819711538461539 0.3641826923076923 0.03125 0.0889423076923077
3 0.1935096153846154 0.453125 0.08413461538461539 0.13942307692307693
3 0.9771634615384616 0.4651442307692308 0.040865384615384616 0.10336538461538461
0 0.30649038461538464 0.4230769230769231 0.02403846153846154 0.028846153846153848
0 0.8233173076923077 0.4411057692307692 0.028846153846153848 0.03365384615384615
3 0.625 0.3870192307692308 0.014423076923076924 0.019230769230769232
2 0.1935096153846154 0.3004807692307692 0.09375 0.1466346153846154