0 0.8918269230769231 0.6213942307692307 0.026442307692307692 0.040865384615384616
0 0.8137019230769231 0.6370192307692307 0.028846153846153848 0.038461538461538464
0 0.9206730769230769 0.5817307692307693 0.04326923076923077 0.057692307692307696
0 0.5793269230769231 0.6971153846153846 0.014423076923076924 0.019230769230769232
0 0.6057692307692307 0.6959134615384616 0.01201923076923077 0.016826923076923076
0 0.04326923076923077 0.5012019230769231 0.0625 0.09375
0 0.1814903846153846 0.5733173076923077 0.0625 0.07451923076923077
0 0.22596153846153846 0.8521634615384616 0.04567307692307692 0.04326923076923077
3 0.7487980769230769 0.6802884615384616 0.02403846153846154 0.052884615384615384
3 0.4050480769230769 0.7067307692307693 0.026442307692307692 0.03365384615384615
3 0.3737980769230769 0.7055288461538461 0.014423076923076924 0.04807692307692308
3 0.125 0.6862980769230769 0.014423076923076924 0.02403846153846154
2 0.4074519230769231 0.7439903846153846 0.02403846153846154 0.028846153846153848
4 0.7560096153846154 0.7391826923076923 0.021634615384615384 0.05048076923076923
0 0.5276442307692307 0.6971153846153846 0.014423076923076924 0.019230769230769232
0 0.9591346153846154 0.6225961538461539 0.019230769230769232 0.026442307692307692
0 0.8689903846153846 0.6430288461538461 0.021634615384615384 0.03125
0 0.9831730769230769 0.6213942307692307 0.014423076923076924 0.021634615384615384
6 0.5540865384615384 0.7800480769230769 0.016826923076923076 0.019230769230769232