0 0.5228365384615384 0.5432692307692307 0.04567307692307692 0.057692307692307696
0 0.4495192307692308 0.5432692307692307 0.04807692307692308 0.052884615384615384
0 0.31971153846153844 0.5492788461538461 0.03365384615384615 0.04807692307692308
3 0.6574519230769231 0.5889423076923077 0.038461538461538464 0.09375
3 0.054086538461538464 0.5492788461538461 0.03365384615384615 0.09134615384615384
0 0.9543269230769231 0.5348557692307693 0.014423076923076924 0.02403846153846154
2 0.01201923076923077 0.625 0.016826923076923076 0.07932692307692307
3 0.32572115384615385 0.5048076923076923 0.08173076923076923 0.02403846153846154
4 0.046875 0.6370192307692307 0.03365384615384615 0.08173076923076923
3 0.018028846153846152 0.5372596153846154 0.02403846153846154 0.07932692307692307
2 0.6586538461538461 0.6947115384615384 0.038461538461538464 0.09134615384615384