6 0.4651442307692308 0.7920673076923077 0.014423076923076924 0.02403846153846154
0 0.9495192307692307 0.5216346153846154 0.04807692307692308 0.0673076923076923
3 0.17548076923076922 0.65625 0.036057692307692304 0.07451923076923077
4 0.171875 0.7379807692307693 0.03365384615384615 0.07211538461538461
0 0.8293269230769231 0.5973557692307693 0.03125 0.04567307692307692
3 0.8653846153846154 0.5600961538461539 0.057692307692307696 0.02403846153846154
4 0.31850961538461536 0.7355769230769231 0.026442307692307692 0.038461538461538464
3 0.31850961538461536 0.6947115384615384 0.026442307692307692 0.038461538461538464
0 0.9651442307692307 0.5757211538461539 0.028846153846153848 0.038461538461538464
3 0.7391826923076923 0.6490384615384616 0.03125 0.09375
2 0.7439903846153846 0.7427884615384616 0.026442307692307692 0.08173076923076923
2 0.6454326923076923 0.734375 0.03125 0.038461538461538464
3 0.6430288461538461 0.6911057692307693 0.028846153846153848 0.04326923076923077
0 0.040865384615384616 0.5889423076923077 0.03125 0.04807692307692308