3 0.5877403846153846 0.2512019230769231 0.08653846153846154 0.057692307692307696
3 0.5600961538461539 0.8737980769230769 0.07211538461538461 0.036057692307692304
0 0.5901442307692307 0.4074519230769231 0.019230769230769232 0.014423076923076924
0 0.5973557692307693 0.3762019230769231 0.019230769230769232 0.014423076923076924
0 0.578125 0.6838942307692307 0.02403846153846154 0.014423076923076924
2 0.6790865384615384 0.2512019230769231 0.07932692307692307 0.055288461538461536
3 0.5745192307692307 0.30528846153846156 0.09615384615384616 0.026442307692307692
3 0.5516826923076923 0.8377403846153846 0.0673076923076923 0.026442307692307692
0 0.5889423076923077 0.3329326923076923 0.03125 0.021634615384615384
4 0.6694711538461539 0.30288461538461536 0.09134615384615384 0.028846153846153848
4 0.6382211538461539 0.8737980769230769 0.07692307692307693 0.040865384615384616