0 0.6213942307692307 0.10817307692307693 0.038461538461538464 0.026442307692307692
0 0.6370192307692307 0.18629807692307693 0.038461538461538464 0.028846153846153848
0 0.5817307692307693 0.07932692307692307 0.057692307692307696 0.04326923076923077
0 0.6971153846153846 0.4206730769230769 0.019230769230769232 0.014423076923076924
0 0.6959134615384616 0.3942307692307692 0.016826923076923076 0.01201923076923077
0 0.5012019230769231 0.9567307692307693 0.09375 0.0625
0 0.5733173076923077 0.8185096153846154 0.07451923076923077 0.0625
0 0.8521634615384616 0.7740384615384616 0.04326923076923077 0.04567307692307692
3 0.6802884615384616 0.2512019230769231 0.052884615384615384 0.02403846153846154
3 0.7067307692307693 0.5949519230769231 0.03365384615384615 0.026442307692307692
3 0.7055288461538461 0.6262019230769231 0.04807692307692308 0.014423076923076924
3 0.6862980769230769 0.875 0.02403846153846154 0.014423076923076924
2 0.7439903846153846 0.5925480769230769 0.028846153846153848 0.02403846153846154
4 0.7391826923076923 0.2439903846153846 0.05048076923076923 0.021634615384615384
0 0.6971153846153846 0.4723557692307692 0.019230769230769232 0.014423076923076924
0 0.6225961538461539 0.040865384615384616 0.02403846153846154 0.019230769230769232
0 0.6430288461538461 0.1310096153846154 0.03125 0.021634615384615384
0 0.6213942307692307 0.016826923076923076 0.019230769230769232 0.014423076923076924
6 0.7800480769230769 0.44591346153846156 0.019230769230769232 0.016826923076923076