0 0.4338942307692308 0.6213942307692307 0.04326923076923077 0.03365384615384615
3 0.4026442307692308 0.06610576923076923 0.028846153846153848 0.019230769230769232
3 0.3786057692307692 0.21394230769230768 0.028846153846153848 0.019230769230769232
3 0.41586538461538464 0.7451923076923077 0.10096153846153846 0.07211538461538461
2 0.3076923076923077 0.7487980769230769 0.09134615384615384 0.0673076923076923
0 0.3954326923076923 0.35216346153846156 0.019230769230769232 0.014423076923076924
0 0.43149038461538464 0.6875 0.03365384615384615 0.028846153846153848
0 0.43990384615384615 0.8221153846153846 0.038461538461538464 0.026442307692307692
0 0.2548076923076923 0.46274038461538464 0.028846153846153848 0.028846153846153848
0 0.4182692307692308 0.6694711538461539 0.03125 0.02403846153846154
2 0.3737980769230769 0.06370192307692307 0.028846153846153848 0.019230769230769232