3 0.28125 0.2091346153846154 0.15384615384615385 0.2403846153846154
3 0.6286057692307693 0.5204326923076923 0.03365384615384615 0.02403846153846154
3 0.6189903846153846 0.7223557692307693 0.028846153846153848 0.021634615384615384
4 0.6538461538461539 0.7235576923076923 0.028846153846153848 0.019230769230769232
2 0.6670673076923077 0.5216346153846154 0.03365384615384615 0.028846153846153848
0 0.5600961538461539 0.4254807692307692 0.05048076923076923 0.040865384615384616
0 0.5504807692307693 0.2920673076923077 0.04326923076923077 0.038461538461538464
0 0.6129807692307693 0.24879807692307693 0.052884615384615384 0.026442307692307692
0 0.6274038461538461 0.17427884615384615 0.04326923076923077 0.028846153846153848
0 0.5276442307692307 0.9495192307692307 0.03125 0.021634615384615384
3 0.5901442307692307 0.8533653846153846 0.04567307692307692 0.028846153846153848
4 0.6454326923076923 0.8605769230769231 0.04326923076923077 0.021634615384615384
0 0.6129807692307693 0.5865384615384616 0.019230769230769232 0.014423076923076924
0 0.5 0.04326923076923077 0.04567307692307692 0.028846153846153848
0 0.5192307692307693 0.05889423076923077 0.04326923076923077 0.021634615384615384
6 0.6959134615384616 0.6286057692307693 0.019230769230769232 0.019230769230769232