3 0.9098557692307693 0.5588942307692307 0.036057692307692304 0.08173076923076923
3 0.7307692307692307 0.6117788461538461 0.028846153846153848 0.038461538461538464
3 0.41586538461538464 0.6358173076923077 0.03125 0.038461538461538464
3 0.30649038461538464 0.5745192307692307 0.03365384615384615 0.10576923076923077
0 0.1141826923076923 0.3737980769230769 0.09134615384615384 0.1346153846153846
4 0.7331730769230769 0.6538461538461539 0.02403846153846154 0.038461538461538464
4 0.9122596153846154 0.6442307692307693 0.036057692307692304 0.07211538461538461
2 0.41346153846153844 0.6778846153846154 0.028846153846153848 0.04326923076923077
2 0.3004807692307692 0.6826923076923077 0.03125 0.08653846153846154
6 0.6057692307692307 0.734375 0.021634615384615384 0.02403846153846154
1 0.8581730769230769 0.5817307692307693 0.0625 0.06490384615384616