0 0.36899038461538464 0.8497596153846154 0.03365384615384615 0.02403846153846154
0 0.35096153846153844 0.7980769230769231 0.028846153846153848 0.02403846153846154
0 0.22115384615384615 0.25721153846153844 0.02403846153846154 0.021634615384615384
0 0.2548076923076923 0.3858173076923077 0.03365384615384615 0.02403846153846154
3 0.2848557692307692 0.4987980769230769 0.038461538461538464 0.014423076923076924
2 0.24879807692307693 0.5 0.028846153846153848 0.014423076923076924
0 0.31850961538461536 0.6370192307692307 0.019230769230769232 0.016826923076923076
1 0.36778846153846156 0.2800480769230769 0.14903846153846154 0.1658653846153846
0 0.41346153846153844 0.038461538461538464 0.03365384615384615 0.028846153846153848
0 0.4254807692307692 0.9483173076923077 0.04567307692307692 0.026442307692307692
0 0.30649038461538464 0.5288461538461539 0.019230769230769232 0.02403846153846154