0 0.45913461538461536 0.8966346153846154 0.08173076923076923 0.05048076923076923
0 0.3389423076923077 0.2824519230769231 0.03125 0.02403846153846154
5 0.25240384615384615 0.4014423076923077 0.02403846153846154 0.019230769230769232
2 0.2620192307692308 0.6033653846153846 0.019230769230769232 0.014423076923076924
3 0.2860576923076923 0.39903846153846156 0.02403846153846154 0.019230769230769232
3 0.2920673076923077 0.6033653846153846 0.019230769230769232 0.01201923076923077
0 0.34134615384615385 0.6730769230769231 0.028846153846153848 0.021634615384615384
0 0.38822115384615385 0.10096153846153846 0.04807692307692308 0.03365384615384615
0 0.35336538461538464 0.7415865384615384 0.03365384615384615 0.028846153846153848
0 0.19951923076923078 0.28365384615384615 0.016826923076923076 0.014423076923076924
3 0.4266826923076923 0.09735576923076923 0.02403846153846154 0.06971153846153846
0 0.3425480769230769 0.12860576923076922 0.02403846153846154 0.019230769230769232
0 0.3016826923076923 0.5841346153846154 0.016826923076923076 0.014423076923076924
3 0.3004807692307692 0.6454326923076923 0.04326923076923077 0.014423076923076924
2 0.2512019230769231 0.6454326923076923 0.038461538461538464 0.01201923076923077