0 0.46153846153846156 0.4879807692307692 0.057692307692307696 0.052884615384615384
0 0.4230769230769231 0.5240384615384616 0.038461538461538464 0.026442307692307692
0 0.4206730769230769 0.36899038461538464 0.03365384615384615 0.02403846153846154
0 0.41466346153846156 0.390625 0.03365384615384615 0.019230769230769232
0 0.5276442307692307 0.10336538461538461 0.07451923076923077 0.052884615384615384
0 0.43990384615384615 0.13942307692307693 0.03365384615384615 0.021634615384615384
3 0.38822115384615385 0.7596153846153846 0.03365384615384615 0.02403846153846154
5 0.34375 0.7584134615384616 0.02403846153846154 0.019230769230769232
3 0.4879807692307692 0.6286057692307693 0.02403846153846154 0.10817307692307693
2 0.3329326923076923 0.4230769230769231 0.028846153846153848 0.021634615384615384
3 0.36658653846153844 0.4230769230769231 0.028846153846153848 0.019230769230769232
0 0.3786057692307692 0.5733173076923077 0.019230769230769232 0.014423076923076924
0 0.5588942307692307 0.01201923076923077 0.0673076923076923 0.014423076923076924
3 0.3954326923076923 0.09975961538461539 0.028846153846153848 0.021634615384615384
3 0.36899038461538464 0.6262019230769231 0.02403846153846154 0.014423076923076924
4 0.36538461538461536 0.09975961538461539 0.03125 0.019230769230769232
0 0.38822115384615385 0.3125 0.014423076923076924 0.01201923076923077