0 0.5096153846153846 0.21153846153846154 0.07211538461538461 0.05048076923076923
0 0.4423076923076923 0.265625 0.04326923076923077 0.03365384615384615
3 0.36538461538461536 0.4362980769230769 0.03125 0.02403846153846154
2 0.3317307692307692 0.4362980769230769 0.03365384615384615 0.02403846153846154
3 0.3713942307692308 0.6730769230769231 0.028846153846153848 0.019230769230769232
3 0.4026442307692308 0.7848557692307693 0.052884615384615384 0.016826923076923076
3 0.5012019230769231 0.2764423076923077 0.02403846153846154 0.07692307692307693
6 0.296875 0.5661057692307693 0.019230769230769232 0.014423076923076924
6 0.3233173076923077 0.5408653846153846 0.016826923076923076 0.014423076923076924
4 0.33533653846153844 0.6730769230769231 0.028846153846153848 0.021634615384615384
0 0.3762019230769231 0.4579326923076923 0.019230769230769232 0.01201923076923077
1 0.3870192307692308 0.6177884615384616 0.07932692307692307 0.09615384615384616
0 0.40024038461538464 0.19230769230769232 0.019230769230769232 0.01201923076923077
0 0.4014423076923077 0.7439903846153846 0.019230769230769232 0.014423076923076924
0 0.38341346153846156 0.7043269230769231 0.016826923076923076 0.009615384615384616
0 0.38221153846153844 0.39903846153846156 0.019230769230769232 0.014423076923076924
0 0.375 0.41346153846153844 0.016826923076923076 0.014423076923076924
0 0.4651442307692308 0.9411057692307693 0.028846153846153848 0.021634615384615384