0 0.3401442307692308 0.3894230769230769 0.04567307692307692 0.05048076923076923
0 0.7668269230769231 0.28846153846153844 0.02403846153846154 0.03125
0 0.8557692307692307 0.3473557692307692 0.014423076923076924 0.019230769230769232
3 0.037259615384615384 0.6105769230769231 0.0673076923076923 0.07932692307692307
3 0.4098557692307692 0.32572115384615385 0.03365384615384615 0.09615384615384616
3 0.4879807692307692 0.3004807692307692 0.036057692307692304 0.04567307692307692
3 0.8341346153846154 0.31971153846153844 0.03365384615384615 0.04807692307692308
6 0.6454326923076923 0.2512019230769231 0.01201923076923077 0.014423076923076924
2 0.4891826923076923 0.2512019230769231 0.03365384615384615 0.04326923076923077
4 0.8365384615384616 0.2692307692307692 0.028846153846153848 0.038461538461538464
1 0.7463942307692307 0.3293269230769231 0.125 0.07211538461538461
0 0.3137019230769231 0.35216346153846156 0.026442307692307692 0.038461538461538464
3 0.5132211538461539 0.2956730769230769 0.009615384615384616 0.04567307692307692
6 0.7007211538461539 0.18990384615384615 0.02403846153846154 0.028846153846153848
2 0.4074519230769231 0.22355769230769232 0.03125 0.09134615384615384