3 0.35336538461538464 0.8245192307692307 0.09615384615384616 0.057692307692307696
3 0.33413461538461536 0.16947115384615385 0.08653846153846154 0.04807692307692308
0 0.33774038461538464 0.27524038461538464 0.02403846153846154 0.021634615384615384
2 0.25240384615384615 0.8293269230769231 0.07932692307692307 0.057692307692307696
4 0.25 0.1658653846153846 0.07211538461538461 0.04807692307692308
3 0.3425480769230769 0.7752403846153846 0.09615384615384616 0.03365384615384615
1 0.3088942307692308 0.5516826923076923 0.06490384615384616 0.09134615384615384
0 0.2704326923076923 0.5384615384615384 0.019230769230769232 0.02403846153846154
0 0.23317307692307693 0.296875 0.016826923076923076 0.01201923076923077
0 0.3112980769230769 0.3125 0.019230769230769232 0.014423076923076924
6 0.23798076923076922 0.5216346153846154 0.019230769230769232 0.014423076923076924
3 0.4074519230769231 0.09375 0.019230769230769232 0.057692307692307696
3 0.3317307692307692 0.35096153846153844 0.016826923076923076 0.038461538461538464
3 0.2848557692307692 0.44350961538461536 0.019230769230769232 0.019230769230769232
0 0.3581730769230769 0.04326923076923077 0.019230769230769232 0.014423076923076924