0 0.5480769230769231 0.2956730769230769 0.05048076923076923 0.038461538461538464
0 0.4795673076923077 0.9651442307692307 0.052884615384615384 0.040865384615384616
3 0.6286057692307693 0.4326923076923077 0.03365384615384615 0.028846153846153848
3 0.6201923076923077 0.6742788461538461 0.03125 0.02403846153846154
0 0.5348557692307693 0.9254807692307693 0.03365384615384615 0.02403846153846154
1 0.6177884615384616 0.5216346153846154 0.06490384615384616 0.09375
3 0.6141826923076923 0.3701923076923077 0.07211538461538461 0.021634615384615384
2 0.6862980769230769 0.36658653846153844 0.057692307692307696 0.019230769230769232
2 0.6646634615384616 0.4338942307692308 0.03365384615384615 0.028846153846153848
0 0.515625 0.9627403846153846 0.03125 0.028846153846153848
0 0.6622596153846154 0.9831730769230769 0.02403846153846154 0.019230769230769232
0 0.5528846153846154 0.125 0.03125 0.02403846153846154
0 0.5540865384615384 0.18269230769230768 0.038461538461538464 0.028846153846153848
0 0.4423076923076923 0.04927884615384615 0.08173076923076923 0.055288461538461536
3 0.5168269230769231 0.8545673076923077 0.019230769230769232 0.0625