3 0.2512019230769231 0.41225961538461536 0.057692307692307696 0.08653846153846154
3 0.8737980769230769 0.43990384615384615 0.036057692307692304 0.07211538461538461
0 0.4074519230769231 0.4098557692307692 0.014423076923076924 0.019230769230769232
0 0.3762019230769231 0.4026442307692308 0.014423076923076924 0.019230769230769232
0 0.6838942307692307 0.421875 0.014423076923076924 0.02403846153846154
2 0.2512019230769231 0.32091346153846156 0.055288461538461536 0.07932692307692307
3 0.30528846153846156 0.4254807692307692 0.026442307692307692 0.09615384615384616
3 0.8377403846153846 0.4483173076923077 0.026442307692307692 0.0673076923076923
0 0.3329326923076923 0.4110576923076923 0.021634615384615384 0.03125
4 0.30288461538461536 0.33052884615384615 0.028846153846153848 0.09134615384615384
4 0.8737980769230769 0.36177884615384615 0.040865384615384616 0.07692307692307693