0 0.4495192307692308 0.7427884615384616 0.052884615384615384 0.03365384615384615
0 0.4050480769230769 0.6153846153846154 0.019230769230769232 0.021634615384615384
0 0.4266826923076923 0.23197115384615385 0.02403846153846154 0.019230769230769232
0 0.2091346153846154 0.9399038461538461 0.052884615384615384 0.04567307692307692
0 0.4014423076923077 0.5588942307692307 0.02403846153846154 0.019230769230769232
0 0.38221153846153844 0.4579326923076923 0.014423076923076924 0.01201923076923077
3 0.5 0.13221153846153846 0.019230769230769232 0.0625
0 0.4723557692307692 0.11538461538461539 0.04326923076923077 0.028846153846153848
0 0.46153846153846156 0.046875 0.028846153846153848 0.019230769230769232
0 0.30528846153846156 0.2247596153846154 0.019230769230769232 0.014423076923076924
3 0.375 0.29086538461538464 0.019230769230769232 0.01201923076923077