0 0.4699519230769231 0.03485576923076923 0.057692307692307696 0.036057692307692304
0 0.4567307692307692 0.07932692307692307 0.07451923076923077 0.052884615384615384
1 0.6237980769230769 0.6334134615384616 0.09134615384615384 0.1201923076923077
0 0.5228365384615384 0.07932692307692307 0.038461538461538464 0.028846153846153848
3 0.5024038461538461 0.18870192307692307 0.02403846153846154 0.07211538461538461
3 0.6370192307692307 0.42908653846153844 0.04326923076923077 0.028846153846153848
3 0.5769230769230769 0.9314903846153846 0.08173076923076923 0.038461538461538464
2 0.6983173076923077 0.3137019230769231 0.09134615384615384 0.03125
0 0.609375 0.36177884615384615 0.028846153846153848 0.019230769230769232
0 0.6213942307692307 0.5072115384615384 0.02403846153846154 0.019230769230769232
6 0.7391826923076923 0.6201923076923077 0.019230769230769232 0.019230769230769232
3 0.6334134615384616 0.7680288461538461 0.04567307692307692 0.028846153846153848
0 0.5925480769230769 0.18389423076923078 0.019230769230769232 0.014423076923076924
3 0.5973557692307693 0.32091346153846156 0.09134615384615384 0.03365384615384615
0 0.6057692307692307 0.24639423076923078 0.02403846153846154 0.014423076923076924
0 0.6033653846153846 0.2692307692307692 0.02403846153846154 0.019230769230769232
2 0.6862980769230769 0.4266826923076923 0.038461538461538464 0.028846153846153848