0 0.45552884615384615 0.31971153846153844 0.057692307692307696 0.04326923076923077
3 0.46153846153846156 0.5709134615384616 0.24519230769230768 0.15865384615384615
3 0.4963942307692308 0.1778846153846154 0.03365384615384615 0.08173076923076923
3 0.4807692307692308 0.7067307692307693 0.03365384615384615 0.0673076923076923
4 0.1935096153846154 0.5721153846153846 0.23076923076923078 0.18269230769230768
0 0.4495192307692308 0.09254807692307693 0.03125 0.026442307692307692
0 0.4338942307692308 0.7127403846153846 0.052884615384615384 0.03365384615384615
2 0.3942307692307692 0.020432692307692308 0.028846153846153848 0.021634615384615384
3 0.43028846153846156 0.021634615384615384 0.03125 0.021634615384615384
3 0.3894230769230769 0.9483173076923077 0.028846153846153848 0.019230769230769232
2 0.359375 0.9483173076923077 0.028846153846153848 0.019230769230769232