0 0.49399038461538464 0.31850961538461536 0.019230769230769232 0.028846153846153848
0 0.03245192307692308 0.4423076923076923 0.04567307692307692 0.06490384615384616
0 0.3245192307692308 0.3485576923076923 0.03365384615384615 0.038461538461538464
3 0.5324519230769231 0.296875 0.014423076923076924 0.04326923076923077
6 0.7379807692307693 0.2620192307692308 0.014423076923076924 0.014423076923076924
6 0.7115384615384616 0.22235576923076922 0.014423076923076924 0.019230769230769232
0 0.9182692307692307 0.21995192307692307 0.028846153846153848 0.03365384615384615
0 0.8713942307692307 0.3401442307692308 0.009615384615384616 0.019230769230769232
0 0.47475961538461536 0.3076923076923077 0.019230769230769232 0.03125
3 0.34975961538461536 0.3762019230769231 0.06971153846153846 0.019230769230769232
3 0.5925480769230769 0.28846153846153844 0.02403846153846154 0.03125
2 0.5324519230769231 0.23798076923076922 0.016826923076923076 0.04807692307692308
3 0.8401442307692307 0.3125 0.03125 0.03365384615384615