3 0.6117788461538461 0.33413461538461536 0.06490384615384616 0.05048076923076923
2 0.6838942307692307 0.33653846153846156 0.057692307692307696 0.04326923076923077
0 0.6009615384615384 0.4014423076923077 0.02403846153846154 0.021634615384615384
0 0.578125 0.25 0.03125 0.02403846153846154
0 0.5588942307692307 0.025240384615384616 0.016826923076923076 0.014423076923076924
1 0.5168269230769231 0.7704326923076923 0.21634615384615385 0.27163461538461536
0 0.6995192307692307 0.12860576923076922 0.02403846153846154 0.021634615384615384
3 0.4338942307692308 0.9639423076923077 0.04567307692307692 0.0673076923076923
6 0.8197115384615384 0.6274038461538461 0.07692307692307693 0.055288461538461536
6 0.6838942307692307 0.5336538461538461 0.019230769230769232 0.014423076923076924
0 0.7163461538461539 0.8004807692307693 0.028846153846153848 0.028846153846153848
3 0.6322115384615384 0.6009615384615384 0.019230769230769232 0.014423076923076924
4 0.6550480769230769 0.6021634615384616 0.019230769230769232 0.014423076923076924
0 0.5913461538461539 0.2956730769230769 0.02403846153846154 0.019230769230769232
0 0.6754807692307693 0.23317307692307693 0.019230769230769232 0.014423076923076924
0 0.5480769230769231 0.9362980769230769 0.02403846153846154 0.014423076923076924