3 0.15504807692307693 0.4519230769230769 0.0985576923076923 0.052884615384615384
5 0.34615384615384615 0.21754807692307693 0.04567307692307692 0.08173076923076923
3 0.3473557692307692 0.30649038461538464 0.04807692307692308 0.08653846153846154
3 0.5637019230769231 0.28846153846153844 0.028846153846153848 0.038461538461538464
3 0.6009615384615384 0.29086538461538464 0.014423076923076924 0.038461538461538464
3 0.8990384615384616 0.33413461538461536 0.03365384615384615 0.04807692307692308
2 0.9014423076923077 0.28365384615384615 0.028846153846153848 0.04326923076923077
5 0.5649038461538461 0.24759615384615385 0.028846153846153848 0.03365384615384615
2 0.5997596153846154 0.24639423076923078 0.014423076923076924 0.03365384615384615
0 0.8581730769230769 0.3389423076923077 0.01201923076923077 0.019230769230769232
0 0.6418269230769231 0.30649038461538464 0.014423076923076924 0.019230769230769232
0 0.9639423076923077 0.3713942307692308 0.014423076923076924 0.014423076923076924