0 0.7884615384615384 0.49038461538461536 0.05048076923076923 0.07211538461538461
0 0.734375 0.5576923076923077 0.03365384615384615 0.04326923076923077
3 0.5637019230769231 0.6346153846153846 0.02403846153846154 0.03125
2 0.5637019230769231 0.6682692307692307 0.02403846153846154 0.03365384615384615
3 0.3269230769230769 0.6286057692307693 0.019230769230769232 0.028846153846153848
3 0.21514423076923078 0.5973557692307693 0.016826923076923076 0.052884615384615384
3 0.7235576923076923 0.4987980769230769 0.07692307692307693 0.02403846153846154
6 0.4338942307692308 0.703125 0.014423076923076924 0.019230769230769232
6 0.45913461538461536 0.6766826923076923 0.014423076923076924 0.016826923076923076
4 0.3269230769230769 0.6646634615384616 0.021634615384615384 0.028846153846153848
0 0.5420673076923077 0.6237980769230769 0.01201923076923077 0.019230769230769232
1 0.38221153846153844 0.6129807692307693 0.09615384615384616 0.07932692307692307
0 0.8076923076923077 0.5997596153846154 0.01201923076923077 0.019230769230769232
0 0.25600961538461536 0.5985576923076923 0.014423076923076924 0.019230769230769232
0 0.2956730769230769 0.6165865384615384 0.009615384615384616 0.016826923076923076
0 0.6009615384615384 0.6177884615384616 0.014423076923076924 0.019230769230769232
0 0.5865384615384616 0.625 0.014423076923076924 0.016826923076923076
0 0.05889423076923077 0.5348557692307693 0.021634615384615384 0.028846153846153848