0 0.5432692307692307 0.7223557692307693 0.04326923076923077 0.036057692307692304
0 0.5492788461538461 0.203125 0.038461538461538464 0.028846153846153848
0 0.5228365384615384 0.8966346153846154 0.03365384615384615 0.02403846153846154
0 0.5324519230769231 0.11658653846153846 0.04807692307692308 0.03365384615384615
3 0.6081730769230769 0.2620192307692308 0.052884615384615384 0.014423076923076924
0 0.49399038461538464 0.9651442307692307 0.04567307692307692 0.028846153846153848
0 0.609375 0.38221153846153844 0.019230769230769232 0.014423076923076924
3 0.6286057692307693 0.5985576923076923 0.028846153846153848 0.02403846153846154
2 0.6694711538461539 0.25961538461538464 0.04807692307692308 0.014423076923076924
3 0.5108173076923077 0.16346153846153846 0.028846153846153848 0.0625
0 0.7331730769230769 0.7199519230769231 0.038461538461538464 0.028846153846153848
0 0.6129807692307693 0.40865384615384615 0.019230769230769232 0.014423076923076924
0 0.42427884615384615 0.9855769230769231 0.07932692307692307 0.02403846153846154
3 0.6286057692307693 0.3581730769230769 0.03365384615384615 0.02403846153846154
5 0.6682692307692307 0.6009615384615384 0.028846153846153848 0.02403846153846154