0 0.15985576923076922 0.43028846153846156 0.08413461538461539 0.11538461538461539
2 0.2692307692307692 0.6911057692307693 0.04807692307692308 0.12740384615384615
2 0.49278846153846156 0.6670673076923077 0.038461538461538464 0.04567307692307692
3 0.7632211538461539 0.5949519230769231 0.028846153846153848 0.04326923076923077
3 0.49158653846153844 0.6129807692307693 0.03365384615384615 0.04807692307692308
4 0.7644230769230769 0.6430288461538461 0.028846153846153848 0.04326923076923077
0 0.5853365384615384 0.5949519230769231 0.014423076923076924 0.019230769230769232
3 0.2776442307692308 0.5528846153846154 0.057692307692307696 0.1346153846153846
0 0.013221153846153846 0.4326923076923077 0.021634615384615384 0.07692307692307693
3 0.9819711538461539 0.5288461538461539 0.03125 0.11538461538461539
6 0.6394230769230769 0.7211538461538461 0.021634615384615384 0.038461538461538464