0 0.49158653846153844 0.07932692307692307 0.04567307692307692 0.036057692307692304
0 0.4987980769230769 0.01201923076923077 0.040865384615384616 0.019230769230769232
0 0.5637019230769231 0.921875 0.08653846153846154 0.057692307692307696
0 0.5240384615384616 0.8834134615384616 0.0673076923076923 0.04326923076923077
0 0.47716346153846156 0.14302884615384615 0.04326923076923077 0.03365384615384615
0 0.4543269230769231 0.12379807692307693 0.03365384615384615 0.019230769230769232
0 0.43149038461538464 0.2620192307692308 0.03365384615384615 0.026442307692307692
3 0.3798076923076923 0.4675480769230769 0.028846153846153848 0.019230769230769232
0 0.4795673076923077 0.9194711538461539 0.04326923076923077 0.026442307692307692
4 0.34975961538461536 0.4675480769230769 0.02403846153846154 0.019230769230769232
3 0.37740384615384615 0.6947115384615384 0.028846153846153848 0.021634615384615384
0 0.38461538461538464 0.4963942307692308 0.019230769230769232 0.014423076923076924
0 0.32572115384615385 0.3449519230769231 0.019230769230769232 0.014423076923076924