0 0.8473557692307693 0.5757211538461539 0.04807692307692308 0.0673076923076923
0 0.9026442307692307 0.5576923076923077 0.04567307692307692 0.07211538461538461
6 0.44471153846153844 0.828125 0.019230769230769232 0.038461538461538464
3 0.7451923076923077 0.6466346153846154 0.03125 0.09615384615384616
3 0.6346153846153846 0.7163461538461539 0.03125 0.04326923076923077
3 0.31971153846153844 0.7019230769230769 0.028846153846153848 0.04326923076923077
3 0.15504807692307693 0.671875 0.036057692307692304 0.08173076923076923
4 0.3173076923076923 0.7439903846153846 0.028846153846153848 0.038461538461538464
4 0.15504807692307693 0.7536057692307693 0.028846153846153848 0.07451923076923077
0 0.36538461538461536 0.6983173076923077 0.014423076923076924 0.019230769230769232
2 0.7524038461538461 0.7475961538461539 0.03365384615384615 0.10096153846153846
2 0.6346153846153846 0.7596153846153846 0.028846153846153848 0.038461538461538464