3 0.7908653846153846 0.71875 0.2403846153846154 0.15384615384615385
3 0.4795673076923077 0.3713942307692308 0.02403846153846154 0.03365384615384615
3 0.2776442307692308 0.38100961538461536 0.021634615384615384 0.028846153846153848
4 0.2764423076923077 0.34615384615384615 0.019230769230769232 0.028846153846153848
2 0.47836538461538464 0.3329326923076923 0.028846153846153848 0.03365384615384615
0 0.5745192307692307 0.43990384615384615 0.040865384615384616 0.05048076923076923
0 0.7079326923076923 0.4495192307692308 0.038461538461538464 0.04326923076923077
0 0.7512019230769231 0.3870192307692308 0.026442307692307692 0.052884615384615384
0 0.8257211538461539 0.37259615384615385 0.028846153846153848 0.04326923076923077
0 0.05048076923076923 0.4723557692307692 0.021634615384615384 0.03125
3 0.1466346153846154 0.4098557692307692 0.028846153846153848 0.04567307692307692
4 0.13942307692307693 0.3545673076923077 0.021634615384615384 0.04326923076923077
0 0.41346153846153844 0.3870192307692308 0.014423076923076924 0.019230769230769232
0 0.9567307692307693 0.5 0.028846153846153848 0.04567307692307692
0 0.9411057692307693 0.4807692307692308 0.021634615384615384 0.04326923076923077
6 0.3713942307692308 0.30408653846153844 0.019230769230769232 0.019230769230769232