0 0.43149038461538464 0.14783653846153846 0.09615384615384616 0.06971153846153846
0 0.47596153846153844 0.08774038461538461 0.0673076923076923 0.04326923076923077
0 0.5408653846153846 0.2512019230769231 0.057692307692307696 0.04326923076923077
3 0.6370192307692307 0.46274038461538464 0.03365384615384615 0.02403846153846154
2 0.6766826923076923 0.46274038461538464 0.03365384615384615 0.02403846153846154
0 0.6033653846153846 0.20192307692307693 0.019230769230769232 0.014423076923076924
0 0.5925480769230769 0.8028846153846154 0.019230769230769232 0.014423076923076924
6 0.6838942307692307 0.5745192307692307 0.016826923076923076 0.009615384615384616
3 0.45552884615384615 0.24639423076923078 0.04326923076923077 0.1201923076923077
3 0.5853365384615384 0.8653846153846154 0.07211538461538461 0.028846153846153848
0 0.6201923076923077 0.4230769230769231 0.019230769230769232 0.014423076923076924
6 0.7211538461538461 0.609375 0.03365384615384615 0.019230769230769232
4 0.6598557692307693 0.8689903846153846 0.06009615384615385 0.026442307692307692
1 0.6057692307692307 0.6658653846153846 0.08173076923076923 0.11057692307692307
0 0.6033653846153846 0.7752403846153846 0.019230769230769232 0.014423076923076924
0 0.6262019230769231 0.48677884615384615 0.019230769230769232 0.014423076923076924