1 0.5144230769230769 0.6911057692307693 0.10096153846153846 0.08173076923076923
0 0.8581730769230769 0.6141826923076923 0.03365384615384615 0.04567307692307692
3 0.3425480769230769 0.6923076923076923 0.02403846153846154 0.0673076923076923
3 0.40384615384615385 0.7067307692307693 0.026442307692307692 0.03365384615384615
3 0.65625 0.7067307692307693 0.02403846153846154 0.03125
2 0.33653846153846156 0.765625 0.014423076923076924 0.06490384615384616
2 0.4026442307692308 0.7487980769230769 0.02403846153846154 0.03125
4 0.65625 0.7427884615384616 0.02403846153846154 0.028846153846153848
0 0.9867788461538461 0.5516826923076923 0.021634615384615384 0.06490384615384616
0 0.24879807692307693 0.6514423076923077 0.03365384615384615 0.03125
0 0.9350961538461539 0.6201923076923077 0.02403846153846154 0.036057692307692304
0 0.7391826923076923 0.6838942307692307 0.014423076923076924 0.019230769230769232