0 0.5192307692307693 0.6370192307692307 0.04326923076923077 0.038461538461538464
0 0.5625 0.35336538461538464 0.03365384615384615 0.026442307692307692
2 0.6213942307692307 0.8629807692307693 0.03365384615384615 0.026442307692307692
3 0.5757211538461539 0.8629807692307693 0.028846153846153848 0.02403846153846154
0 0.5793269230769231 0.7475961538461539 0.016826923076923076 0.014423076923076924
0 0.578125 0.7776442307692307 0.014423076923076924 0.009615384615384616
0 0.546875 0.9206730769230769 0.019230769230769232 0.014423076923076924
0 0.59375 0.6418269230769231 0.016826923076923076 0.009615384615384616
0 0.6706730769230769 0.13221153846153846 0.02403846153846154 0.02403846153846154
0 0.5817307692307693 0.7211538461538461 0.016826923076923076 0.014423076923076924
0 0.5432692307692307 0.9543269230769231 0.016826923076923076 0.01201923076923077
0 0.5733173076923077 0.3942307692307692 0.02403846153846154 0.019230769230769232