0 0.14302884615384615 0.5276442307692307 0.0625 0.09134615384615384
0 0.18629807692307693 0.5697115384615384 0.04326923076923077 0.06490384615384616
0 0.8317307692307693 0.6382211538461539 0.02403846153846154 0.02403846153846154
3 0.3918269230769231 0.7127403846153846 0.019230769230769232 0.028846153846153848
3 0.6213942307692307 0.703125 0.021634615384615384 0.03125
3 0.6971153846153846 0.6923076923076923 0.014423076923076924 0.04807692307692308
4 0.6959134615384616 0.7439903846153846 0.014423076923076924 0.04567307692307692
4 0.625 0.7331730769230769 0.02403846153846154 0.028846153846153848
2 0.39302884615384615 0.7451923076923077 0.02403846153846154 0.03125
0 0.04807692307692308 0.5901442307692307 0.028846153846153848 0.038461538461538464
0 0.15264423076923078 0.6129807692307693 0.028846153846153848 0.03125
0 0.3088942307692308 0.6538461538461539 0.014423076923076924 0.03365384615384615
3 0.7596153846153846 0.625 0.055288461538461536 0.016826923076923076