0 0.6129807692307693 0.7043269230769231 0.06009615384615385 0.057692307692307696
0 0.6622596153846154 0.4675480769230769 0.04326923076923077 0.03365384615384615
0 0.6814903846153846 0.49399038461538464 0.028846153846153848 0.02403846153846154
3 0.5637019230769231 0.6706730769230769 0.03365384615384615 0.12980769230769232
3 0.6947115384615384 0.41225961538461536 0.07211538461538461 0.026442307692307692
3 0.7067307692307693 0.359375 0.038461538461538464 0.028846153846153848
3 0.6682692307692307 0.07692307692307693 0.052884615384615384 0.028846153846153848
2 0.7692307692307693 0.41225961538461536 0.06490384615384616 0.02403846153846154
6 0.7379807692307693 0.21514423076923078 0.019230769230769232 0.014423076923076924
2 0.7512019230769231 0.3581730769230769 0.03365384615384615 0.03365384615384615
3 0.7043269230769231 0.33653846153846156 0.04567307692307692 0.01201923076923077