0 0.3317307692307692 0.6634615384615384 0.03125 0.026442307692307692
0 0.30649038461538464 0.49399038461538464 0.019230769230769232 0.014423076923076924
0 0.4567307692307692 0.025240384615384616 0.0673076923076923 0.038461538461538464
0 0.39903846153846156 0.09975961538461539 0.03365384615384615 0.028846153846153848
3 0.484375 0.8846153846153846 0.052884615384615384 0.1346153846153846
3 0.3112980769230769 0.15985576923076922 0.019230769230769232 0.014423076923076924
1 0.3076923076923077 0.2247596153846154 0.04326923076923077 0.057692307692307696
0 0.3942307692307692 0.026442307692307692 0.028846153846153848 0.021634615384615384
0 0.3786057692307692 0.04807692307692308 0.019230769230769232 0.014423076923076924
3 0.4014423076923077 0.18269230769230768 0.019230769230769232 0.07211538461538461
0 0.2980769230769231 0.47836538461538464 0.016826923076923076 0.014423076923076924
0 0.3076923076923077 0.3605769230769231 0.014423076923076924 0.01201923076923077
0 0.30288461538461536 0.33653846153846156 0.019230769230769232 0.01201923076923077
2 0.28966346153846156 0.15985576923076922 0.016826923076923076 0.014423076923076924