0 0.44471153846153844 0.42788461538461536 0.0673076923076923 0.0625
0 0.3894230769230769 0.3894230769230769 0.05048076923076923 0.038461538461538464
0 0.20793269230769232 0.8425480769230769 0.04326923076923077 0.036057692307692304
0 0.41466346153846156 0.6995192307692307 0.057692307692307696 0.036057692307692304
0 0.328125 0.2283653846153846 0.02403846153846154 0.019230769230769232
1 0.36658653846153844 0.23197115384615385 0.057692307692307696 0.06971153846153846
3 0.4651442307692308 0.5108173076923077 0.04326923076923077 0.10096153846153846
3 0.3942307692307692 0.6262019230769231 0.15865384615384615 0.08173076923076923
2 0.21875 0.6237980769230769 0.15384615384615385 0.09134615384615384
0 0.35697115384615385 0.5384615384615384 0.03125 0.028846153846153848
0 0.359375 0.4519230769230769 0.028846153846153848 0.02403846153846154