0 0.10336538461538461 0.5408653846153846 0.05048076923076923 0.08173076923076923
0 0.7175480769230769 0.6610576923076923 0.02403846153846154 0.03125
5 0.5985576923076923 0.7475961538461539 0.019230769230769232 0.02403846153846154
2 0.39663461538461536 0.7379807692307693 0.014423076923076924 0.019230769230769232
3 0.6009615384615384 0.7139423076923077 0.019230769230769232 0.02403846153846154
3 0.39663461538461536 0.7079326923076923 0.01201923076923077 0.019230769230769232
0 0.3269230769230769 0.6586538461538461 0.021634615384615384 0.028846153846153848
0 0.8990384615384616 0.6117788461538461 0.03365384615384615 0.04807692307692308
0 0.25841346153846156 0.6466346153846154 0.028846153846153848 0.03365384615384615
0 0.7163461538461539 0.8004807692307693 0.014423076923076924 0.016826923076923076
3 0.9026442307692307 0.5733173076923077 0.06971153846153846 0.02403846153846154
0 0.8713942307692307 0.6574519230769231 0.019230769230769232 0.02403846153846154
0 0.41586538461538464 0.6983173076923077 0.014423076923076924 0.016826923076923076
3 0.3545673076923077 0.6995192307692307 0.014423076923076924 0.04326923076923077
2 0.3545673076923077 0.7487980769230769 0.01201923076923077 0.038461538461538464