3 0.6466346153846154 0.17548076923076922 0.09615384615384616 0.057692307692307696
3 0.6658653846153846 0.8305288461538461 0.08653846153846154 0.04807692307692308
0 0.6622596153846154 0.7247596153846154 0.02403846153846154 0.021634615384615384
2 0.7475961538461539 0.17067307692307693 0.07932692307692307 0.057692307692307696
4 0.75 0.8341346153846154 0.07211538461538461 0.04807692307692308
3 0.6574519230769231 0.2247596153846154 0.09615384615384616 0.03365384615384615
1 0.6911057692307693 0.4483173076923077 0.06490384615384616 0.09134615384615384
0 0.7295673076923077 0.46153846153846156 0.019230769230769232 0.02403846153846154
0 0.7668269230769231 0.703125 0.016826923076923076 0.01201923076923077
0 0.6887019230769231 0.6875 0.019230769230769232 0.014423076923076924
6 0.7620192307692307 0.47836538461538464 0.019230769230769232 0.014423076923076924
3 0.5925480769230769 0.90625 0.019230769230769232 0.057692307692307696
3 0.6682692307692307 0.6490384615384616 0.016826923076923076 0.038461538461538464
3 0.7151442307692307 0.5564903846153846 0.019230769230769232 0.019230769230769232
0 0.6418269230769231 0.9567307692307693 0.019230769230769232 0.014423076923076924