6 0.7920673076923077 0.5348557692307693 0.02403846153846154 0.014423076923076924
0 0.5216346153846154 0.05048076923076923 0.0673076923076923 0.04807692307692308
3 0.65625 0.8245192307692307 0.07451923076923077 0.03365384615384615
4 0.7379807692307693 0.828125 0.07211538461538461 0.03365384615384615
0 0.5973557692307693 0.17067307692307693 0.04567307692307692 0.03125
3 0.5600961538461539 0.1346153846153846 0.02403846153846154 0.057692307692307696
4 0.7355769230769231 0.6814903846153846 0.038461538461538464 0.028846153846153848
3 0.6947115384615384 0.6814903846153846 0.038461538461538464 0.028846153846153848
0 0.5757211538461539 0.03485576923076923 0.038461538461538464 0.028846153846153848
3 0.6490384615384616 0.2608173076923077 0.09375 0.03125
2 0.7427884615384616 0.25600961538461536 0.08173076923076923 0.026442307692307692
2 0.734375 0.3545673076923077 0.038461538461538464 0.03125
3 0.6911057692307693 0.35697115384615385 0.04326923076923077 0.028846153846153848
0 0.5889423076923077 0.9591346153846154 0.04807692307692308 0.03125