0 0.4855769230769231 0.9134615384615384 0.08173076923076923 0.057692307692307696
3 0.6394230769230769 0.6454326923076923 0.04567307692307692 0.03365384615384615
3 0.640625 0.38822115384615385 0.038461538461538464 0.026442307692307692
3 0.46033653846153844 0.056490384615384616 0.038461538461538464 0.09134615384615384
4 0.6911057692307693 0.1875 0.0673076923076923 0.038461538461538464
3 0.5817307692307693 0.8317307692307693 0.10817307692307693 0.052884615384615384
3 0.6045673076923077 0.19831730769230768 0.08653846153846154 0.038461538461538464
0 0.5120192307692307 0.057692307692307696 0.05048076923076923 0.038461538461538464
0 0.6274038461538461 0.5552884615384616 0.019230769230769232 0.014423076923076924
4 0.6850961538461539 0.3894230769230769 0.038461538461538464 0.028846153846153848
2 0.6838942307692307 0.6466346153846154 0.04326923076923077 0.036057692307692304
6 0.7403846153846154 0.5240384615384616 0.03365384615384615 0.021634615384615384