0 0.36538461538461536 0.34134615384615385 0.04807692307692308 0.036057692307692304
5 0.29927884615384615 0.7920673076923077 0.028846153846153848 0.021634615384615384
0 0.33413461538461536 0.4723557692307692 0.028846153846153848 0.019230769230769232
0 0.3329326923076923 0.5252403846153846 0.02403846153846154 0.019230769230769232
0 0.38461538461538464 0.8485576923076923 0.028846153846153848 0.019230769230769232
0 0.31971153846153844 0.6286057692307693 0.019230769230769232 0.01201923076923077
3 0.328125 0.7908653846153846 0.028846153846153848 0.019230769230769232
0 0.12139423076923077 0.14423076923076922 0.052884615384615384 0.04326923076923077
1 0.5673076923076923 0.13942307692307693 0.6586538461538461 0.2692307692307692
0 0.44350961538461536 0.9579326923076923 0.038461538461538464 0.028846153846153848
0 0.2608173076923077 0.8557692307692307 0.019230769230769232 0.016826923076923076
0 0.3125 0.5913461538461539 0.01201923076923077 0.009615384615384616
3 0.30528846153846156 0.5576923076923077 0.038461538461538464 0.01201923076923077
0 0.31971153846153844 0.6430288461538461 0.019230769230769232 0.014423076923076924