0 0.5300480769230769 0.9651442307692307 0.057692307692307696 0.036057692307692304
0 0.5432692307692307 0.9206730769230769 0.07451923076923077 0.052884615384615384
1 0.3762019230769231 0.36658653846153844 0.09134615384615384 0.1201923076923077
0 0.47716346153846156 0.9206730769230769 0.038461538461538464 0.028846153846153848
3 0.49759615384615385 0.8112980769230769 0.02403846153846154 0.07211538461538461
3 0.3629807692307692 0.5709134615384616 0.04326923076923077 0.028846153846153848
3 0.4230769230769231 0.06850961538461539 0.08173076923076923 0.038461538461538464
2 0.3016826923076923 0.6862980769230769 0.09134615384615384 0.03125
0 0.390625 0.6382211538461539 0.028846153846153848 0.019230769230769232
0 0.3786057692307692 0.49278846153846156 0.02403846153846154 0.019230769230769232
6 0.2608173076923077 0.3798076923076923 0.019230769230769232 0.019230769230769232
3 0.36658653846153844 0.23197115384615385 0.04567307692307692 0.028846153846153848
0 0.4074519230769231 0.8161057692307693 0.019230769230769232 0.014423076923076924
3 0.4026442307692308 0.6790865384615384 0.09134615384615384 0.03365384615384615
0 0.3942307692307692 0.7536057692307693 0.02403846153846154 0.014423076923076924
0 0.39663461538461536 0.7307692307692307 0.02403846153846154 0.019230769230769232
2 0.3137019230769231 0.5733173076923077 0.038461538461538464 0.028846153846153848