0 0.5552884615384616 0.42788461538461536 0.0673076923076923 0.0625
0 0.6105769230769231 0.3894230769230769 0.05048076923076923 0.038461538461538464
0 0.7920673076923077 0.8425480769230769 0.04326923076923077 0.036057692307692304
0 0.5853365384615384 0.6995192307692307 0.057692307692307696 0.036057692307692304
0 0.671875 0.2283653846153846 0.02403846153846154 0.019230769230769232
1 0.6334134615384616 0.23197115384615385 0.057692307692307696 0.06971153846153846
3 0.5348557692307693 0.5108173076923077 0.04326923076923077 0.10096153846153846
3 0.6057692307692307 0.6262019230769231 0.15865384615384615 0.08173076923076923
2 0.78125 0.6237980769230769 0.15384615384615385 0.09134615384615384
0 0.6430288461538461 0.5384615384615384 0.03125 0.028846153846153848
0 0.640625 0.4519230769230769 0.028846153846153848 0.02403846153846154