0 0.8497596153846154 0.6310096153846154 0.02403846153846154 0.03365384615384615
0 0.7980769230769231 0.6490384615384616 0.02403846153846154 0.028846153846153848
0 0.25721153846153844 0.7788461538461539 0.021634615384615384 0.02403846153846154
0 0.3858173076923077 0.7451923076923077 0.02403846153846154 0.03365384615384615
3 0.4987980769230769 0.7151442307692307 0.014423076923076924 0.038461538461538464
2 0.5 0.7512019230769231 0.014423076923076924 0.028846153846153848
0 0.6370192307692307 0.6814903846153846 0.016826923076923076 0.019230769230769232
1 0.2800480769230769 0.6322115384615384 0.1658653846153846 0.14903846153846154
0 0.038461538461538464 0.5865384615384616 0.028846153846153848 0.03365384615384615
0 0.9483173076923077 0.5745192307692307 0.02403846153846154 0.04567307692307692
0 0.5288461538461539 0.6935096153846154 0.02403846153846154 0.019230769230769232