0 0.6586538461538461 0.6346153846153846 0.036057692307692304 0.04807692307692308
5 0.20793269230769232 0.7007211538461539 0.021634615384615384 0.028846153846153848
0 0.5276442307692307 0.6658653846153846 0.019230769230769232 0.028846153846153848
0 0.47475961538461536 0.6670673076923077 0.019230769230769232 0.02403846153846154
0 0.15144230769230768 0.6153846153846154 0.019230769230769232 0.028846153846153848
0 0.3713942307692308 0.6802884615384616 0.01201923076923077 0.019230769230769232
3 0.2091346153846154 0.671875 0.019230769230769232 0.028846153846153848
0 0.8557692307692307 0.8786057692307693 0.04326923076923077 0.052884615384615384
1 0.8605769230769231 0.4326923076923077 0.2692307692307692 0.6586538461538461
0 0.042067307692307696 0.5564903846153846 0.028846153846153848 0.038461538461538464
0 0.14423076923076922 0.7391826923076923 0.016826923076923076 0.019230769230769232
0 0.40865384615384615 0.6875 0.009615384615384616 0.01201923076923077
3 0.4423076923076923 0.6947115384615384 0.01201923076923077 0.038461538461538464
0 0.35697115384615385 0.6802884615384616 0.014423076923076924 0.019230769230769232