4 0.2692307692307692 0.7199519230769231 0.04807692307692308 0.09615384615384616
4 0.5096153846153846 0.6983173076923077 0.026442307692307692 0.038461538461538464
3 0.27283653846153844 0.6057692307692307 0.052884615384615384 0.10576923076923077
3 0.5096153846153846 0.6502403846153846 0.028846153846153848 0.038461538461538464
3 0.8317307692307693 0.6165865384615384 0.028846153846153848 0.04326923076923077
2 0.8341346153846154 0.6682692307692307 0.026442307692307692 0.04326923076923077
0 0.8942307692307693 0.5817307692307693 0.014423076923076924 0.02403846153846154
0 0.4963942307692308 0.7355769230769231 0.014423076923076924 0.019230769230769232
6 0.6754807692307693 0.7572115384615384 0.019230769230769232 0.04326923076923077
3 0.41225961538461536 0.5721153846153846 0.0673076923076923 0.019230769230769232
0 0.7908653846153846 0.6045673076923077 0.01201923076923077 0.019230769230769232
0 0.1935096153846154 0.5612980769230769 0.01201923076923077 0.03365384615384615