0 0.6213942307692307 0.5661057692307693 0.03365384615384615 0.04326923076923077
3 0.06610576923076923 0.5973557692307693 0.019230769230769232 0.028846153846153848
3 0.21394230769230768 0.6213942307692307 0.019230769230769232 0.028846153846153848
3 0.7451923076923077 0.5841346153846154 0.07211538461538461 0.10096153846153846
2 0.7487980769230769 0.6923076923076923 0.0673076923076923 0.09134615384615384
0 0.35216346153846156 0.6045673076923077 0.014423076923076924 0.019230769230769232
0 0.6875 0.5685096153846154 0.028846153846153848 0.03365384615384615
0 0.8221153846153846 0.5600961538461539 0.026442307692307692 0.038461538461538464
0 0.46274038461538464 0.7451923076923077 0.028846153846153848 0.028846153846153848
0 0.6694711538461539 0.5817307692307693 0.02403846153846154 0.03125
2 0.06370192307692307 0.6262019230769231 0.019230769230769232 0.028846153846153848