3 0.38461538461538464 0.609375 0.052884615384615384 0.038461538461538464
3 0.4026442307692308 0.25961538461538464 0.04567307692307692 0.03365384615384615
1 0.41225961538461536 0.47475961538461536 0.10576923076923077 0.16105769230769232
2 0.32572115384615385 0.6105769230769231 0.04807692307692308 0.040865384615384616
3 0.4567307692307692 0.8533653846153846 0.19951923076923078 0.0889423076923077
3 0.45913461538461536 0.6646634615384616 0.014423076923076924 0.0625
2 0.27163461538461536 0.8641826923076923 0.15865384615384615 0.08413461538461539
4 0.3473557692307692 0.25961538461538464 0.04326923076923077 0.03365384615384615
0 0.40625 0.3245192307692308 0.016826923076923076 0.014423076923076924
0 0.4338942307692308 0.16706730769230768 0.02403846153846154 0.019230769230769232
0 0.32091346153846156 0.6634615384615384 0.016826923076923076 0.01201923076923077
0 0.4182692307692308 0.7415865384615384 0.02403846153846154 0.02403846153846154
0 0.40024038461538464 0.6959134615384616 0.019230769230769232 0.014423076923076924
0 0.3942307692307692 0.7091346153846154 0.019230769230769232 0.01201923076923077
0 0.41586538461538464 0.7199519230769231 0.028846153846153848 0.016826923076923076
6 0.2512019230769231 0.38822115384615385 0.04807692307692308 0.028846153846153848