0 0.35336538461538464 0.4182692307692308 0.028846153846153848 0.04567307692307692
2 0.2932692307692308 0.3016826923076923 0.06009615384615385 0.07451923076923077
3 0.29447115384615385 0.3870192307692308 0.0625 0.08173076923076923
0 0.4074519230769231 0.39663461538461536 0.02403846153846154 0.03125
0 0.9086538461538461 0.4326923076923077 0.019230769230769232 0.028846153846153848
0 0.8449519230769231 0.4338942307692308 0.02403846153846154 0.038461538461538464
0 0.7379807692307693 0.41225961538461536 0.026442307692307692 0.03365384615384615
5 0.7980769230769231 0.3088942307692308 0.04807692307692308 0.06490384615384616
0 0.8713942307692307 0.39903846153846156 0.01201923076923077 0.019230769230769232
0 0.9074519230769231 0.4026442307692308 0.009615384615384616 0.016826923076923076
0 0.7608173076923077 0.40625 0.014423076923076924 0.028846153846153848
3 0.796875 0.3870192307692308 0.04807692307692308 0.0673076923076923