0 0.4423076923076923 0.8377403846153846 0.09375 0.0673076923076923
0 0.48197115384615385 0.9026442307692307 0.06490384615384616 0.04567307692307692
0 0.5444711538461539 0.7439903846153846 0.052884615384615384 0.040865384615384616
3 0.4651442307692308 0.75 0.04326923076923077 0.10576923076923077
3 0.5817307692307693 0.14423076923076922 0.057692307692307696 0.02403846153846154
3 0.6370192307692307 0.5396634615384616 0.038461538461538464 0.026442307692307692
2 0.6766826923076923 0.5384615384615384 0.028846153846153848 0.02403846153846154
0 0.59375 0.203125 0.019230769230769232 0.014423076923076924
0 0.6009615384615384 0.7992788461538461 0.019230769230769232 0.014423076923076924
0 0.6213942307692307 0.5805288461538461 0.016826923076923076 0.014423076923076924
0 0.625 0.5144230769230769 0.019230769230769232 0.01201923076923077
4 0.6598557692307693 0.14182692307692307 0.0673076923076923 0.03125
6 0.6838942307692307 0.42788461538461536 0.016826923076923076 0.014423076923076924
1 0.6129807692307693 0.3401442307692308 0.08173076923076923 0.10817307692307693