0 0.6802884615384616 0.5444711538461539 0.04326923076923077 0.057692307692307696
3 0.42908653846153844 0.5384615384615384 0.15865384615384615 0.24519230769230768
3 0.8221153846153846 0.5036057692307693 0.08173076923076923 0.03365384615384615
3 0.2932692307692308 0.5192307692307693 0.0673076923076923 0.03365384615384615
4 0.42788461538461536 0.8064903846153846 0.18509615384615385 0.23076923076923078
0 0.9074519230769231 0.5504807692307693 0.026442307692307692 0.03125
0 0.28725961538461536 0.5661057692307693 0.03365384615384615 0.052884615384615384
2 0.9795673076923077 0.6057692307692307 0.021634615384615384 0.028846153846153848
3 0.9783653846153846 0.5697115384615384 0.021634615384615384 0.03125
3 0.051682692307692304 0.6105769230769231 0.019230769230769232 0.028846153846153848
2 0.051682692307692304 0.640625 0.019230769230769232 0.028846153846153848