0 0.9663461538461539 0.44591346153846156 0.055288461538461536 0.08173076923076923
3 0.6658653846153846 0.6358173076923077 0.036057692307692304 0.04326923076923077
3 0.10697115384615384 0.5600961538461539 0.052884615384615384 0.08653846153846154
2 0.8497596153846154 0.6730769230769231 0.052884615384615384 0.11538461538461539
2 0.6682692307692307 0.6838942307692307 0.03365384615384615 0.04326923076923077
3 0.8449519230769231 0.5360576923076923 0.052884615384615384 0.1201923076923077
3 0.31850961538461536 0.6081730769230769 0.03125 0.04326923076923077
6 0.45552884615384615 0.7632211538461539 0.026442307692307692 0.04326923076923077
4 0.10576923076923077 0.6634615384615384 0.04567307692307692 0.09375
4 0.31490384615384615 0.6598557692307693 0.03365384615384615 0.04567307692307692
0 0.7019230769230769 0.6045673076923077 0.016826923076923076 0.019230769230769232