0 0.6346153846153846 0.34134615384615385 0.04807692307692308 0.036057692307692304
5 0.7007211538461539 0.7920673076923077 0.028846153846153848 0.021634615384615384
0 0.6658653846153846 0.4723557692307692 0.028846153846153848 0.019230769230769232
0 0.6670673076923077 0.5252403846153846 0.02403846153846154 0.019230769230769232
0 0.6153846153846154 0.8485576923076923 0.028846153846153848 0.019230769230769232
0 0.6802884615384616 0.6286057692307693 0.019230769230769232 0.01201923076923077
3 0.671875 0.7908653846153846 0.028846153846153848 0.019230769230769232
0 0.8786057692307693 0.14423076923076922 0.052884615384615384 0.04326923076923077
1 0.4326923076923077 0.13942307692307693 0.6586538461538461 0.2692307692307692
0 0.5564903846153846 0.9579326923076923 0.038461538461538464 0.028846153846153848
0 0.7391826923076923 0.8557692307692307 0.019230769230769232 0.016826923076923076
0 0.6875 0.5913461538461539 0.01201923076923077 0.009615384615384616
3 0.6947115384615384 0.5576923076923077 0.038461538461538464 0.01201923076923077
0 0.6802884615384616 0.6430288461538461 0.019230769230769232 0.014423076923076924