1 0.6911057692307693 0.4855769230769231 0.08173076923076923 0.10096153846153846
0 0.6141826923076923 0.14182692307692307 0.04567307692307692 0.03365384615384615
3 0.6923076923076923 0.6574519230769231 0.0673076923076923 0.02403846153846154
3 0.7067307692307693 0.5961538461538461 0.03365384615384615 0.026442307692307692
3 0.7067307692307693 0.34375 0.03125 0.02403846153846154
2 0.765625 0.6634615384615384 0.06490384615384616 0.014423076923076924
2 0.7487980769230769 0.5973557692307693 0.03125 0.02403846153846154
4 0.7427884615384616 0.34375 0.028846153846153848 0.02403846153846154
0 0.5516826923076923 0.01201923076923077 0.0625 0.02403846153846154
0 0.6514423076923077 0.7512019230769231 0.03125 0.03365384615384615
0 0.6201923076923077 0.06490384615384616 0.03365384615384615 0.02403846153846154
0 0.6838942307692307 0.2608173076923077 0.019230769230769232 0.014423076923076924