3 0.5216346153846154 0.8822115384615384 0.28846153846153844 0.13701923076923078
5 0.23918269230769232 0.8942307692307693 0.23317307692307693 0.11298076923076923
0 0.49759615384615385 0.7824519230769231 0.07451923076923077 0.05048076923076923
0 0.4110576923076923 0.17307692307692307 0.019230769230769232 0.019230769230769232
0 0.4182692307692308 0.12620192307692307 0.019230769230769232 0.014423076923076924
6 0.3004807692307692 0.4387019230769231 0.016826923076923076 0.014423076923076924
3 0.35216346153846156 0.5408653846153846 0.02403846153846154 0.014423076923076924
3 0.3557692307692308 0.3605769230769231 0.02403846153846154 0.019230769230769232
3 0.3713942307692308 0.28966346153846156 0.038461538461538464 0.014423076923076924
4 0.328125 0.3605769230769231 0.02403846153846154 0.016826923076923076
4 0.33052884615384615 0.28846153846153844 0.038461538461538464 0.014423076923076924
0 0.4098557692307692 0.14182692307692307 0.019230769230769232 0.009615384615384616
0 0.4495192307692308 0.04326923076923077 0.028846153846153848 0.021634615384615384
0 0.4495192307692308 0.014423076923076924 0.019230769230769232 0.014423076923076924
0 0.40865384615384615 0.04447115384615385 0.019230769230769232 0.014423076923076924