0 0.38100961538461536 0.4026442307692308 0.019230769230769232 0.021634615384615384
3 0.39663461538461536 0.27283653846153844 0.11538461538461539 0.0625
4 0.30408653846153844 0.5120192307692307 0.04326923076923077 0.03125
3 0.38341346153846156 0.8329326923076923 0.04567307692307692 0.03125
2 0.3317307692307692 0.8341346153846154 0.04567307692307692 0.026442307692307692
0 0.2668269230769231 0.5012019230769231 0.019230769230769232 0.019230769230769232
0 0.3954326923076923 0.7908653846153846 0.019230769230769232 0.019230769230769232
6 0.2439903846153846 0.6754807692307693 0.05048076923076923 0.026442307692307692
4 0.2776442307692308 0.2692307692307692 0.10576923076923077 0.052884615384615384
3 0.34975961538461536 0.5120192307692307 0.04567307692307692 0.03125
3 0.43028846153846156 0.41346153846153844 0.019230769230769232 0.0673076923076923
0 0.4362980769230769 0.19110576923076922 0.038461538461538464 0.014423076923076924
0 0.4182692307692308 0.8942307692307693 0.02403846153846154 0.014423076923076924
0 0.46634615384615385 0.06009615384615385 0.05048076923076923 0.016826923076923076
0 0.47115384615384615 0.010817307692307692 0.04326923076923077 0.021634615384615384