0 0.5060096153846154 0.20432692307692307 0.10576923076923077 0.07692307692307693
0 0.6466346153846154 0.8834134615384616 0.02403846153846154 0.01201923076923077
5 0.7319711538461539 0.8425480769230769 0.04326923076923077 0.026442307692307692
2 0.7980769230769231 0.3557692307692308 0.10817307692307693 0.04807692307692308
3 0.3473557692307692 0.09014423076923077 0.16346153846153846 0.17307692307692307
3 0.6598557692307693 0.3581730769230769 0.12740384615384615 0.05048076923076923
3 0.6838942307692307 0.8425480769230769 0.04326923076923077 0.021634615384615384
0 0.4639423076923077 0.026442307692307692 0.1201923076923077 0.04807692307692308
0 0.6814903846153846 0.5492788461538461 0.02403846153846154 0.019230769230769232
3 0.7079326923076923 0.5132211538461539 0.04567307692307692 0.036057692307692304
0 0.6899038461538461 0.48197115384615385 0.016826923076923076 0.007211538461538462
2 0.7608173076923077 0.5120192307692307 0.05048076923076923 0.03365384615384615
0 0.6911057692307693 0.5721153846153846 0.019230769230769232 0.014423076923076924