0 0.7043269230769231 0.5480769230769231 0.038461538461538464 0.05048076923076923
0 0.03485576923076923 0.4795673076923077 0.040865384615384616 0.052884615384615384
3 0.5673076923076923 0.6286057692307693 0.028846153846153848 0.03365384615384615
3 0.32572115384615385 0.6201923076923077 0.02403846153846154 0.03125
0 0.07451923076923077 0.5348557692307693 0.02403846153846154 0.03365384615384615
1 0.47836538461538464 0.6177884615384616 0.09375 0.06490384615384616
3 0.6298076923076923 0.6141826923076923 0.021634615384615384 0.07211538461538461
2 0.6334134615384616 0.6862980769230769 0.019230769230769232 0.057692307692307696
2 0.5661057692307693 0.6646634615384616 0.028846153846153848 0.03365384615384615
0 0.037259615384615384 0.515625 0.028846153846153848 0.03125
0 0.016826923076923076 0.6622596153846154 0.019230769230769232 0.02403846153846154
0 0.875 0.5528846153846154 0.02403846153846154 0.03125
0 0.8173076923076923 0.5540865384615384 0.028846153846153848 0.038461538461538464
0 0.9507211538461539 0.4423076923076923 0.055288461538461536 0.08173076923076923
3 0.14543269230769232 0.5168269230769231 0.0625 0.019230769230769232