3 0.5709134615384616 0.7560096153846154 0.07211538461538461 0.15865384615384615
0 0.5060096153846154 0.8064903846153846 0.07451923076923077 0.052884615384615384
0 0.4879807692307692 0.6598557692307693 0.07211538461538461 0.052884615384615384
3 0.3942307692307692 0.5324519230769231 0.09134615384615384 0.040865384615384616
2 0.2848557692307692 0.5336538461538461 0.07211538461538461 0.04326923076923077
0 0.39783653846153844 0.3425480769230769 0.019230769230769232 0.016826923076923076
3 0.4182692307692308 0.07692307692307693 0.04326923076923077 0.026442307692307692
3 0.37740384615384615 0.3786057692307692 0.038461538461538464 0.03365384615384615
5 0.36658653846153844 0.07572115384615384 0.038461538461538464 0.03365384615384615
2 0.33052884615384615 0.3786057692307692 0.03365384615384615 0.03125
0 0.3942307692307692 0.31490384615384615 0.019230769230769232 0.014423076923076924