0 0.6189903846153846 0.4026442307692308 0.019230769230769232 0.021634615384615384
3 0.6033653846153846 0.27283653846153844 0.11538461538461539 0.0625
4 0.6959134615384616 0.5120192307692307 0.04326923076923077 0.03125
3 0.6165865384615384 0.8329326923076923 0.04567307692307692 0.03125
2 0.6682692307692307 0.8341346153846154 0.04567307692307692 0.026442307692307692
0 0.7331730769230769 0.5012019230769231 0.019230769230769232 0.019230769230769232
0 0.6045673076923077 0.7908653846153846 0.019230769230769232 0.019230769230769232
6 0.7560096153846154 0.6754807692307693 0.05048076923076923 0.026442307692307692
4 0.7223557692307693 0.2692307692307692 0.10576923076923077 0.052884615384615384
3 0.6502403846153846 0.5120192307692307 0.04567307692307692 0.03125
3 0.5697115384615384 0.41346153846153844 0.019230769230769232 0.0673076923076923
0 0.5637019230769231 0.19110576923076922 0.038461538461538464 0.014423076923076924
0 0.5817307692307693 0.8942307692307693 0.02403846153846154 0.014423076923076924
0 0.5336538461538461 0.06009615384615385 0.05048076923076923 0.016826923076923076
0 0.5300480769230769 0.01201923076923077 0.04567307692307692 0.019230769230769232