0 0.6141826923076923 0.515625 0.02403846153846154 0.019230769230769232
0 0.5949519230769231 0.1935096153846154 0.02403846153846154 0.016826923076923076
0 0.6141826923076923 0.234375 0.016826923076923076 0.009615384615384616
3 0.6370192307692307 0.6201923076923077 0.05048076923076923 0.038461538461538464
3 0.6370192307692307 0.6778846153846154 0.05048076923076923 0.040865384615384616
5 0.7055288461538461 0.6850961538461539 0.0673076923076923 0.04326923076923077
1 0.4411057692307692 0.055288461538461536 0.31490384615384615 0.09134615384615384
0 0.7620192307692307 0.890625 0.20432692307692307 0.15384615384615385
0 0.6418269230769231 0.4362980769230769 0.019230769230769232 0.014423076923076924
0 0.6201923076923077 0.5829326923076923 0.019230769230769232 0.014423076923076924
2 0.71875 0.6237980769230769 0.07211538461538461 0.038461538461538464
1 0.3293269230769231 0.7752403846153846 0.6153846153846154 0.4423076923076923