0 0.6814903846153846 0.5060096153846154 0.028846153846153848 0.019230769230769232
0 0.5576923076923077 0.9675480769230769 0.06490384615384616 0.04567307692307692
0 0.6514423076923077 0.6754807692307693 0.038461538461538464 0.03365384615384615
3 0.703125 0.4675480769230769 0.04326923076923077 0.014423076923076924
6 0.7379807692307693 0.2620192307692308 0.014423076923076924 0.014423076923076924
6 0.7776442307692307 0.28846153846153844 0.019230769230769232 0.014423076923076924
0 0.7800480769230769 0.08173076923076923 0.03365384615384615 0.028846153846153848
0 0.6598557692307693 0.12860576923076922 0.019230769230769232 0.009615384615384616
0 0.6923076923076923 0.5252403846153846 0.03125 0.019230769230769232
3 0.6237980769230769 0.6502403846153846 0.019230769230769232 0.06971153846153846
3 0.7115384615384616 0.4074519230769231 0.03125 0.02403846153846154
2 0.7620192307692307 0.4675480769230769 0.04807692307692308 0.016826923076923076
3 0.6875 0.15985576923076922 0.03365384615384615 0.03125