0 0.6598557692307693 0.3894230769230769 0.04567307692307692 0.05048076923076923
0 0.23317307692307693 0.28846153846153844 0.02403846153846154 0.03125
0 0.14423076923076922 0.3473557692307692 0.014423076923076924 0.019230769230769232
3 0.9627403846153846 0.6105769230769231 0.0673076923076923 0.07932692307692307
3 0.5901442307692307 0.32572115384615385 0.03365384615384615 0.09615384615384616
3 0.5120192307692307 0.3004807692307692 0.036057692307692304 0.04567307692307692
3 0.1658653846153846 0.31971153846153844 0.03365384615384615 0.04807692307692308
6 0.3545673076923077 0.2512019230769231 0.01201923076923077 0.014423076923076924
2 0.5108173076923077 0.2512019230769231 0.03365384615384615 0.04326923076923077
4 0.16346153846153846 0.2692307692307692 0.028846153846153848 0.038461538461538464
1 0.2536057692307692 0.3293269230769231 0.125 0.07211538461538461
0 0.6862980769230769 0.35216346153846156 0.026442307692307692 0.038461538461538464
3 0.48677884615384615 0.2956730769230769 0.009615384615384616 0.04567307692307692
6 0.29927884615384615 0.18990384615384615 0.02403846153846154 0.028846153846153848
2 0.5925480769230769 0.22355769230769232 0.03125 0.09134615384615384