0 0.5096153846153846 0.4050480769230769 0.09375 0.07451923076923077
0 0.4338942307692308 0.3737980769230769 0.04326923076923077 0.038461538461538464
0 0.4254807692307692 0.4879807692307692 0.04567307692307692 0.040865384615384616
3 0.7067307692307693 0.19471153846153846 0.17548076923076922 0.25
0 0.5793269230769231 0.09975961538461539 0.10817307692307693 0.08413461538461539
0 0.38221153846153844 0.6682692307692307 0.019230769230769232 0.014423076923076924
0 0.3798076923076923 0.6394230769230769 0.019230769230769232 0.014423076923076924
3 0.3894230769230769 0.8461538461538461 0.03365384615384615 0.019230769230769232
3 0.41466346153846156 0.9447115384615384 0.057692307692307696 0.021634615384615384
2 0.35096153846153844 0.9495192307692307 0.04807692307692308 0.019230769230769232
2 0.34975961538461536 0.8473557692307693 0.02403846153846154 0.021634615384615384
0 0.4026442307692308 0.36658653846153844 0.028846153846153848 0.026442307692307692
0 0.4182692307692308 0.23076923076923078 0.03365384615384615 0.026442307692307692
6 0.28846153846153844 0.7355769230769231 0.028846153846153848 0.014423076923076924
0 0.3870192307692308 0.7175480769230769 0.019230769230769232 0.01201923076923077