0 0.43149038461538464 0.8521634615384616 0.09615384615384616 0.06971153846153846
0 0.47596153846153844 0.9122596153846154 0.0673076923076923 0.04326923076923077
0 0.5408653846153846 0.7487980769230769 0.057692307692307696 0.04326923076923077
3 0.6370192307692307 0.5372596153846154 0.03365384615384615 0.02403846153846154
2 0.6766826923076923 0.5372596153846154 0.03365384615384615 0.02403846153846154
0 0.6033653846153846 0.7980769230769231 0.019230769230769232 0.014423076923076924
0 0.5925480769230769 0.1971153846153846 0.019230769230769232 0.014423076923076924
6 0.6838942307692307 0.4254807692307692 0.016826923076923076 0.009615384615384616
3 0.45552884615384615 0.7536057692307693 0.04326923076923077 0.1201923076923077
3 0.5853365384615384 0.1346153846153846 0.07211538461538461 0.028846153846153848
0 0.6201923076923077 0.5769230769230769 0.019230769230769232 0.014423076923076924
6 0.7211538461538461 0.390625 0.03365384615384615 0.019230769230769232
4 0.6598557692307693 0.1310096153846154 0.06009615384615385 0.026442307692307692
1 0.6057692307692307 0.33413461538461536 0.08173076923076923 0.11057692307692307
0 0.6033653846153846 0.2247596153846154 0.019230769230769232 0.014423076923076924
0 0.6262019230769231 0.5132211538461539 0.019230769230769232 0.014423076923076924