0 0.45913461538461536 0.10336538461538461 0.08173076923076923 0.05048076923076923
0 0.3389423076923077 0.7175480769230769 0.03125 0.02403846153846154
5 0.25240384615384615 0.5985576923076923 0.02403846153846154 0.019230769230769232
2 0.2620192307692308 0.39663461538461536 0.019230769230769232 0.014423076923076924
3 0.2860576923076923 0.6009615384615384 0.02403846153846154 0.019230769230769232
3 0.2920673076923077 0.39663461538461536 0.019230769230769232 0.01201923076923077
0 0.34134615384615385 0.3269230769230769 0.028846153846153848 0.021634615384615384
0 0.38822115384615385 0.8990384615384616 0.04807692307692308 0.03365384615384615
0 0.35336538461538464 0.25841346153846156 0.03365384615384615 0.028846153846153848
0 0.19951923076923078 0.7163461538461539 0.016826923076923076 0.014423076923076924
3 0.4266826923076923 0.9026442307692307 0.02403846153846154 0.06971153846153846
0 0.3425480769230769 0.8713942307692307 0.02403846153846154 0.019230769230769232
0 0.3016826923076923 0.41586538461538464 0.016826923076923076 0.014423076923076924
3 0.3004807692307692 0.3545673076923077 0.04326923076923077 0.014423076923076924
2 0.2512019230769231 0.3545673076923077 0.038461538461538464 0.01201923076923077