3 0.5480769230769231 0.8449519230769231 0.052884615384615384 0.0985576923076923
5 0.7824519230769231 0.6538461538461539 0.08173076923076923 0.04567307692307692
3 0.6935096153846154 0.6526442307692307 0.08653846153846154 0.04807692307692308
3 0.7115384615384616 0.4362980769230769 0.038461538461538464 0.028846153846153848
3 0.7091346153846154 0.39903846153846156 0.038461538461538464 0.014423076923076924
3 0.6658653846153846 0.10096153846153846 0.04807692307692308 0.03365384615384615
2 0.7163461538461539 0.0985576923076923 0.04326923076923077 0.028846153846153848
5 0.7524038461538461 0.43509615384615385 0.03365384615384615 0.028846153846153848
2 0.7536057692307693 0.40024038461538464 0.03365384615384615 0.014423076923076924
0 0.6610576923076923 0.14182692307692307 0.019230769230769232 0.01201923076923077
0 0.6935096153846154 0.3581730769230769 0.019230769230769232 0.014423076923076924
0 0.6286057692307693 0.036057692307692304 0.014423076923076924 0.014423076923076924