0 0.4723557692307692 0.14302884615384615 0.09134615384615384 0.0625
0 0.43028846153846156 0.18629807692307693 0.06490384615384616 0.04326923076923077
0 0.36177884615384615 0.8317307692307693 0.02403846153846154 0.02403846153846154
3 0.28725961538461536 0.3918269230769231 0.028846153846153848 0.019230769230769232
3 0.296875 0.6213942307692307 0.03125 0.021634615384615384
3 0.3076923076923077 0.6971153846153846 0.04807692307692308 0.014423076923076924
4 0.25600961538461536 0.6959134615384616 0.04567307692307692 0.014423076923076924
4 0.2668269230769231 0.625 0.028846153846153848 0.02403846153846154
2 0.2548076923076923 0.39302884615384615 0.03125 0.02403846153846154
0 0.4098557692307692 0.04807692307692308 0.038461538461538464 0.028846153846153848
0 0.3870192307692308 0.15264423076923078 0.03125 0.028846153846153848
0 0.34615384615384615 0.3088942307692308 0.03365384615384615 0.014423076923076924
3 0.375 0.7596153846153846 0.016826923076923076 0.055288461538461536