3 0.33413461538461536 0.6117788461538461 0.05048076923076923 0.06490384615384616
2 0.33653846153846156 0.6838942307692307 0.04326923076923077 0.057692307692307696
0 0.4014423076923077 0.6009615384615384 0.021634615384615384 0.02403846153846154
0 0.25 0.578125 0.02403846153846154 0.03125
0 0.025240384615384616 0.5588942307692307 0.014423076923076924 0.016826923076923076
1 0.7704326923076923 0.5168269230769231 0.27163461538461536 0.21634615384615385
0 0.12860576923076922 0.6995192307692307 0.021634615384615384 0.02403846153846154
3 0.9639423076923077 0.4338942307692308 0.0673076923076923 0.04567307692307692
6 0.6274038461538461 0.8197115384615384 0.055288461538461536 0.07692307692307693
6 0.5336538461538461 0.6838942307692307 0.014423076923076924 0.019230769230769232
0 0.8004807692307693 0.7163461538461539 0.028846153846153848 0.028846153846153848
3 0.6009615384615384 0.6322115384615384 0.014423076923076924 0.019230769230769232
4 0.6021634615384616 0.6550480769230769 0.014423076923076924 0.019230769230769232
0 0.2956730769230769 0.5913461538461539 0.019230769230769232 0.02403846153846154
0 0.23317307692307693 0.6754807692307693 0.014423076923076924 0.019230769230769232
0 0.9362980769230769 0.5480769230769231 0.014423076923076924 0.02403846153846154