0 0.4567307692307692 0.2776442307692308 0.04326923076923077 0.036057692307692304
0 0.45072115384615385 0.796875 0.038461538461538464 0.028846153846153848
0 0.47716346153846156 0.10336538461538461 0.03365384615384615 0.02403846153846154
0 0.4675480769230769 0.8834134615384616 0.04807692307692308 0.03365384615384615
3 0.3918269230769231 0.7379807692307693 0.052884615384615384 0.014423076923076924
0 0.5060096153846154 0.03485576923076923 0.04567307692307692 0.028846153846153848
0 0.390625 0.6177884615384616 0.019230769230769232 0.014423076923076924
3 0.3713942307692308 0.4014423076923077 0.028846153846153848 0.02403846153846154
2 0.33052884615384615 0.7403846153846154 0.04807692307692308 0.014423076923076924
3 0.4891826923076923 0.8365384615384616 0.028846153846153848 0.0625
0 0.2668269230769231 0.2800480769230769 0.038461538461538464 0.028846153846153848
0 0.3870192307692308 0.5913461538461539 0.019230769230769232 0.014423076923076924
0 0.5757211538461539 0.014423076923076924 0.07932692307692307 0.02403846153846154
3 0.3713942307692308 0.6418269230769231 0.03365384615384615 0.02403846153846154
5 0.3317307692307692 0.39903846153846156 0.028846153846153848 0.02403846153846154