1 0.4050480769230769 0.38822115384615385 0.11538461538461539 0.15144230769230768
3 0.37259615384615385 0.6526442307692307 0.04567307692307692 0.03365384615384615
2 0.32211538461538464 0.6502403846153846 0.04326923076923077 0.03365384615384615
0 0.40024038461538464 0.7223557692307693 0.01201923076923077 0.014423076923076924
3 0.44471153846153844 0.07932692307692307 0.10576923076923077 0.052884615384615384
4 0.33774038461538464 0.07451923076923077 0.09134615384615384 0.05048076923076923
0 0.43149038461538464 0.16346153846153846 0.016826923076923076 0.014423076923076924
0 0.41586538461538464 0.22716346153846154 0.019230769230769232 0.014423076923076924
0 0.38221153846153844 0.6141826923076923 0.02403846153846154 0.014423076923076924
6 0.31490384615384615 0.5084134615384616 0.016826923076923076 0.007211538461538462
0 0.39783653846153844 0.2692307692307692 0.019230769230769232 0.01201923076923077
6 0.25600961538461536 0.4675480769230769 0.03365384615384615 0.014423076923076924
0 0.3918269230769231 0.6935096153846154 0.019230769230769232 0.014423076923076924
0 0.29086538461538464 0.31850961538461536 0.02403846153846154 0.019230769230769232
0 0.3918269230769231 0.2848557692307692 0.019230769230769232 0.01201923076923077
0 0.41346153846153844 0.1875 0.019230769230769232 0.01201923076923077