3 0.7439903846153846 0.6598557692307693 0.05048076923076923 0.07211538461538461
0 0.5961538461538461 0.6598557692307693 0.019230769230769232 0.028846153846153848
3 0.06370192307692307 0.5973557692307693 0.09615384615384616 0.15384615384615385
0 0.7872596153846154 0.6129807692307693 0.028846153846153848 0.038461538461538464
2 0.057692307692307696 0.7487980769230769 0.09134615384615384 0.12740384615384615
0 0.11538461538461539 0.8786057692307693 0.0673076923076923 0.057692307692307696
0 0.9050480769230769 0.59375 0.028846153846153848 0.03365384615384615
0 0.453125 0.6802884615384616 0.019230769230769232 0.02403846153846154
0 0.4074519230769231 0.6838942307692307 0.014423076923076924 0.019230769230769232
0 0.32091346153846156 0.6911057692307693 0.009615384615384616 0.019230769230769232
0 0.3088942307692308 0.6826923076923077 0.009615384615384616 0.019230769230769232
0 0.35096153846153844 0.6911057692307693 0.009615384615384616 0.016826923076923076
2 0.7439903846153846 0.7367788461538461 0.04326923076923077 0.057692307692307696