0 0.47836538461538464 0.6213942307692307 0.04807692307692308 0.052884615384615384
0 0.12139423076923077 0.5745192307692307 0.036057692307692304 0.057692307692307696
1 0.021634615384615384 0.5673076923076923 0.040865384615384616 0.10576923076923077
3 0.06490384615384616 0.5252403846153846 0.07692307692307693 0.038461538461538464
0 0.4074519230769231 0.6682692307692307 0.02403846153846154 0.028846153846153848
0 0.4375 0.6802884615384616 0.021634615384615384 0.028846153846153848
0 0.38341346153846156 0.6826923076923077 0.016826923076923076 0.019230769230769232
1 0.9122596153846154 0.4723557692307692 0.17067307692307693 0.31009615384615385
3 0.8413461538461539 0.6923076923076923 0.028846153846153848 0.038461538461538464
5 0.8425480769230769 0.7391826923076923 0.02403846153846154 0.04326923076923077
0 0.8028846153846154 0.6694711538461539 0.016826923076923076 0.028846153846153848
0 0.7451923076923077 0.6814903846153846 0.014423076923076924 0.019230769230769232
0 0.9639423076923077 0.6742788461538461 0.0625 0.15625