3 0.5588942307692307 0.09014423076923077 0.08173076923076923 0.036057692307692304
3 0.6117788461538461 0.2692307692307692 0.038461538461538464 0.028846153846153848
3 0.6358173076923077 0.5841346153846154 0.038461538461538464 0.03125
3 0.5745192307692307 0.6935096153846154 0.10576923076923077 0.03365384615384615
0 0.3737980769230769 0.8858173076923077 0.1346153846153846 0.09134615384615384
4 0.6538461538461539 0.2668269230769231 0.038461538461538464 0.02403846153846154
4 0.6442307692307693 0.08774038461538461 0.07211538461538461 0.036057692307692304
2 0.6778846153846154 0.5865384615384616 0.04326923076923077 0.028846153846153848
2 0.6826923076923077 0.6995192307692307 0.08653846153846154 0.03365384615384615
6 0.734375 0.3942307692307692 0.02403846153846154 0.021634615384615384
1 0.5817307692307693 0.14182692307692307 0.06490384615384616 0.0625