0 0.47475961538461536 0.03485576923076923 0.0625 0.04326923076923077
0 0.4675480769230769 0.9855769230769231 0.06490384615384616 0.019230769230769232
3 0.6213942307692307 0.5432692307692307 0.03365384615384615 0.02403846153846154
3 0.5480769230769231 0.9134615384615384 0.07932692307692307 0.028846153846153848
2 0.6838942307692307 0.4338942307692308 0.06490384615384616 0.026442307692307692
2 0.6634615384615384 0.5432692307692307 0.028846153846153848 0.028846153846153848
0 0.5973557692307693 0.6838942307692307 0.01201923076923077 0.014423076923076924
3 0.6153846153846154 0.43149038461538464 0.06009615384615385 0.019230769230769232
6 0.7055288461538461 0.6862980769230769 0.019230769230769232 0.019230769230769232
4 0.6322115384615384 0.9230769230769231 0.07692307692307693 0.026442307692307692
0 0.5901442307692307 0.7415865384615384 0.019230769230769232 0.014423076923076924
0 0.5853365384615384 0.7716346153846154 0.019230769230769232 0.014423076923076924