1 0.3245192307692308 0.5612980769230769 0.08653846153846154 0.125
3 0.3233173076923077 0.38221153846153844 0.07932692307692307 0.02403846153846154
3 0.3125 0.4483173076923077 0.03365384615384615 0.028846153846153848
2 0.2439903846153846 0.38100961538461536 0.07211538461538461 0.019230769230769232
2 0.2692307692307692 0.45072115384615385 0.03365384615384615 0.028846153846153848
3 0.3870192307692308 0.8846153846153846 0.08653846153846154 0.038461538461538464
0 0.4639423076923077 0.9723557692307693 0.04807692307692308 0.03125
4 0.30649038461538464 0.8942307692307693 0.0625 0.028846153846153848
0 0.3401442307692308 0.6826923076923077 0.014423076923076924 0.01201923076923077
0 0.33653846153846156 0.6550480769230769 0.014423076923076924 0.014423076923076924
0 0.2920673076923077 0.5420673076923077 0.03365384615384615 0.03125
3 0.328125 0.7367788461538461 0.038461538461538464 0.014423076923076924
2 0.2848557692307692 0.7403846153846154 0.03365384615384615 0.014423076923076924
0 0.3918269230769231 0.02403846153846154 0.038461538461538464 0.021634615384615384
6 0.22355769230769232 0.6274038461538461 0.03365384615384615 0.019230769230769232