2 0.4879807692307692 0.2776442307692308 0.07451923076923077 0.08173076923076923
3 0.4891826923076923 0.3870192307692308 0.0673076923076923 0.08653846153846154
3 0.016826923076923076 0.4495192307692308 0.028846153846153848 0.07451923076923077
0 0.8221153846153846 0.6213942307692307 0.10096153846153846 0.1346153846153846
0 0.7079326923076923 0.41346153846153844 0.028846153846153848 0.03365384615384615
0 0.8810096153846154 0.41947115384615385 0.019230769230769232 0.028846153846153848
0 0.9266826923076923 0.4266826923076923 0.01201923076923077 0.019230769230769232
2 0.01201923076923077 0.36899038461538464 0.019230769230769232 0.06971153846153846
0 0.2980769230769231 0.4230769230769231 0.028846153846153848 0.04326923076923077
0 0.43990384615384615 0.4326923076923077 0.036057692307692304 0.04807692307692308
3 0.7512019230769231 0.4411057692307692 0.04807692307692308 0.019230769230769232
0 0.9783653846153846 0.4266826923076923 0.014423076923076924 0.019230769230769232