2 0.7223557692307693 0.4879807692307692 0.08173076923076923 0.07451923076923077
3 0.6129807692307693 0.4891826923076923 0.08653846153846154 0.0673076923076923
3 0.5504807692307693 0.016826923076923076 0.07451923076923077 0.028846153846153848
0 0.3786057692307692 0.8221153846153846 0.1346153846153846 0.10096153846153846
0 0.5865384615384616 0.7079326923076923 0.03365384615384615 0.028846153846153848
0 0.5805288461538461 0.8810096153846154 0.028846153846153848 0.019230769230769232
0 0.5733173076923077 0.9266826923076923 0.019230769230769232 0.01201923076923077
2 0.6298076923076923 0.010817307692307692 0.0673076923076923 0.021634615384615384
0 0.5769230769230769 0.2980769230769231 0.04326923076923077 0.028846153846153848
0 0.5673076923076923 0.43990384615384615 0.04807692307692308 0.036057692307692304
3 0.5588942307692307 0.7512019230769231 0.019230769230769232 0.04807692307692308
0 0.5733173076923077 0.9783653846153846 0.019230769230769232 0.014423076923076924