0 0.8425480769230769 0.5192307692307693 0.04567307692307692 0.06009615384615385
0 0.7548076923076923 0.5877403846153846 0.019230769230769232 0.02403846153846154
0 0.4951923076923077 0.5997596153846154 0.02403846153846154 0.02403846153846154
0 0.5637019230769231 0.6177884615384616 0.014423076923076924 0.019230769230769232
0 0.7319711538461539 0.6009615384615384 0.016826923076923076 0.02403846153846154
0 0.9098557692307693 0.5685096153846154 0.019230769230769232 0.028846153846153848
0 0.9567307692307693 0.5432692307692307 0.021634615384615384 0.028846153846153848
3 0.5372596153846154 0.5769230769230769 0.052884615384615384 0.016826923076923076
0 0.7572115384615384 0.6129807692307693 0.01201923076923077 0.019230769230769232
0 0.6694711538461539 0.6237980769230769 0.014423076923076924 0.019230769230769232
0 0.875 0.6971153846153846 0.019230769230769232 0.02403846153846154
0 0.7980769230769231 0.6826923076923077 0.014423076923076924 0.019230769230769232