0 0.5889423076923077 0.4338942307692308 0.038461538461538464 0.05048076923076923
0 0.8269230769230769 0.47475961538461536 0.038461538461538464 0.052884615384615384
0 0.25841346153846156 0.4182692307692308 0.02403846153846154 0.028846153846153848
3 0.7572115384615384 0.49399038461538464 0.09615384615384616 0.026442307692307692
0 0.7019230769230769 0.41586538461538464 0.028846153846153848 0.028846153846153848
3 0.3870192307692308 0.35216346153846156 0.014423076923076924 0.019230769230769232
2 0.3870192307692308 0.3245192307692308 0.014423076923076924 0.019230769230769232
6 0.4855769230769231 0.2920673076923077 0.014423076923076924 0.019230769230769232
0 0.025240384615384616 0.49399038461538464 0.036057692307692304 0.052884615384615384
3 0.5997596153846154 0.35697115384615385 0.019230769230769232 0.028846153846153848
4 0.5997596153846154 0.3269230769230769 0.016826923076923076 0.02403846153846154