0 0.5336538461538461 0.45552884615384615 0.04567307692307692 0.052884615384615384
0 0.296875 0.4579326923076923 0.038461538461538464 0.052884615384615384
0 0.06610576923076923 0.6838942307692307 0.10096153846153846 0.14423076923076922
0 0.040865384615384616 0.5180288461538461 0.036057692307692304 0.057692307692307696
0 0.08173076923076923 0.48677884615384615 0.03125 0.04807692307692308
3 0.3629807692307692 0.47115384615384615 0.07451923076923077 0.019230769230769232
0 0.9026442307692307 0.4651442307692308 0.028846153846153848 0.04326923076923077
0 0.6862980769230769 0.4206730769230769 0.026442307692307692 0.028846153846153848
0 0.5661057692307693 0.3870192307692308 0.01201923076923077 0.014423076923076924
0 0.359375 0.40625 0.014423076923076924 0.019230769230769232
0 0.32211538461538464 0.39903846153846156 0.01201923076923077 0.019230769230769232