0 0.3954326923076923 0.6466346153846154 0.019230769230769232 0.021634615384615384
0 0.4266826923076923 0.7487980769230769 0.038461538461538464 0.028846153846153848
0 0.421875 0.8341346153846154 0.02403846153846154 0.02403846153846154
0 0.47475961538461536 0.8894230769230769 0.052884615384615384 0.040865384615384616
3 0.35697115384615385 0.5 0.038461538461538464 0.03125
4 0.33533653846153844 0.7788461538461539 0.03365384615384615 0.02403846153846154
0 0.4170673076923077 0.8557692307692307 0.028846153846153848 0.014423076923076924
3 0.4050480769230769 0.4182692307692308 0.09375 0.019230769230769232
3 0.375 0.7740384615384616 0.03365384615384615 0.026442307692307692
2 0.31009615384615385 0.41466346153846156 0.08173076923076923 0.02403846153846154
0 0.38221153846153844 0.7403846153846154 0.019230769230769232 0.01201923076923077
0 0.3894230769230769 0.4651442307692308 0.02403846153846154 0.014423076923076924
0 0.4098557692307692 0.9002403846153846 0.019230769230769232 0.014423076923076924
0 0.3713942307692308 0.6262019230769231 0.019230769230769232 0.014423076923076924
2 0.31490384615384615 0.5 0.04326923076923077 0.03125
6 0.27283653846153844 0.6658653846153846 0.03365384615384615 0.021634615384615384
0 0.3954326923076923 0.8197115384615384 0.02403846153846154 0.014423076923076924