0 0.484375 0.13942307692307693 0.09134615384615384 0.057692307692307696
0 0.4411057692307692 0.06971153846153846 0.09134615384615384 0.0673076923076923
0 0.6634615384615384 0.3954326923076923 0.03125 0.028846153846153848
1 0.6201923076923077 0.40625 0.07692307692307693 0.11057692307692307
0 0.5408653846153846 0.8701923076923077 0.04326923076923077 0.03125
0 0.5889423076923077 0.18870192307692307 0.028846153846153848 0.021634615384615384
0 0.5901442307692307 0.6514423076923077 0.03365384615384615 0.03125
0 0.6105769230769231 0.6189903846153846 0.02403846153846154 0.02403846153846154
0 0.5384615384615384 0.9098557692307693 0.03365384615384615 0.026442307692307692
0 0.5180288461538461 0.9387019230769231 0.052884615384615384 0.036057692307692304
0 0.6057692307692307 0.7259615384615384 0.019230769230769232 0.01201923076923077
0 0.6009615384615384 0.7379807692307693 0.02403846153846154 0.019230769230769232