0 0.45913461538461536 0.44471153846153844 0.05048076923076923 0.057692307692307696
0 0.6201923076923077 0.4375 0.04326923076923077 0.057692307692307696
0 0.9074519230769231 0.4639423076923077 0.03365384615384615 0.04807692307692308
0 0.6754807692307693 0.40625 0.028846153846153848 0.03365384615384615
0 0.5612980769230769 0.3918269230769231 0.021634615384615384 0.03365384615384615
0 0.1502403846153846 0.43509615384615385 0.026442307692307692 0.038461538461538464
0 0.04326923076923077 0.5264423076923077 0.05048076923076923 0.07211538461538461
2 0.078125 0.3581730769230769 0.021634615384615384 0.028846153846153848
4 0.30288461538461536 0.32572115384615385 0.02403846153846154 0.03125
3 0.078125 0.40024038461538464 0.028846153846153848 0.038461538461538464
3 0.30288461538461536 0.36177884615384615 0.02403846153846154 0.03125
0 0.19471153846153846 0.40024038461538464 0.01201923076923077 0.02403846153846154
0 0.17548076923076922 0.4026442307692308 0.016826923076923076 0.019230769230769232