0 0.5444711538461539 0.46634615384615385 0.052884615384615384 0.04567307692307692
0 0.5420673076923077 0.703125 0.052884615384615384 0.038461538461538464
0 0.3161057692307692 0.9338942307692307 0.14423076923076922 0.10096153846153846
0 0.48197115384615385 0.9591346153846154 0.057692307692307696 0.036057692307692304
0 0.5132211538461539 0.9182692307692307 0.04807692307692308 0.028846153846153848
3 0.5288461538461539 0.6370192307692307 0.019230769230769232 0.07451923076923077
0 0.5348557692307693 0.09735576923076923 0.04326923076923077 0.028846153846153848
0 0.5793269230769231 0.3137019230769231 0.028846153846153848 0.026442307692307692
0 0.6129807692307693 0.4338942307692308 0.014423076923076924 0.01201923076923077
0 0.59375 0.640625 0.019230769230769232 0.014423076923076924
0 0.6009615384615384 0.6778846153846154 0.019230769230769232 0.01201923076923077