0 0.3557692307692308 0.8245192307692307 0.052884615384615384 0.038461538461538464
0 0.6598557692307693 0.8918269230769231 0.12980769230769232 0.10576923076923077
3 0.3870192307692308 0.6730769230769231 0.052884615384615384 0.038461538461538464
3 0.47115384615384615 0.9098557692307693 0.14423076923076922 0.08173076923076923
2 0.33052884615384615 0.28125 0.052884615384615384 0.03365384615384615
5 0.3269230769230769 0.6742788461538461 0.04567307692307692 0.038461538461538464
5 0.3088942307692308 0.9158653846153846 0.15384615384615385 0.07451923076923077
3 0.3870192307692308 0.27403846153846156 0.04567307692307692 0.03365384615384615
3 0.38341346153846156 0.6370192307692307 0.05048076923076923 0.019230769230769232
0 0.4098557692307692 0.24639423076923078 0.02403846153846154 0.014423076923076924
0 0.4182692307692308 0.16346153846153846 0.019230769230769232 0.014423076923076924
0 0.4230769230769231 0.13221153846153846 0.02403846153846154 0.014423076923076924
1 0.4411057692307692 0.8100961538461539 0.14903846153846154 0.11778846153846154