0 0.7824519230769231 0.578125 0.03125 0.036057692307692304
3 0.33413461538461536 0.640625 0.02403846153846154 0.03365384615384615
2 0.49158653846153844 0.703125 0.03365384615384615 0.057692307692307696
0 0.9230769230769231 0.14302884615384615 0.13942307692307693 0.2644230769230769
0 0.7223557692307693 0.5841346153846154 0.03365384615384615 0.03125
5 0.05048076923076923 0.640625 0.026442307692307692 0.038461538461538464
3 0.052884615384615384 0.59375 0.028846153846153848 0.04326923076923077
2 0.33413461538461536 0.6814903846153846 0.02403846153846154 0.03365384615384615
3 0.49278846153846156 0.6370192307692307 0.028846153846153848 0.0625
0 0.08774038461538461 0.5096153846153846 0.04807692307692308 0.06009615384615385
0 0.8737980769230769 0.5913461538461539 0.014423076923076924 0.019230769230769232
0 0.9338942307692307 0.5540865384615384 0.021634615384615384 0.03365384615384615
0 0.4519230769230769 0.6346153846153846 0.014423076923076924 0.019230769230769232
0 0.3605769230769231 0.6237980769230769 0.009615384615384616 0.019230769230769232
3 0.6322115384615384 0.5516826923076923 0.08653846153846154 0.028846153846153848