0 0.7908653846153846 0.4723557692307692 0.08653846153846154 0.11538461538461539
0 0.7235576923076923 0.5228365384615384 0.07692307692307693 0.10096153846153846
0 0.46274038461538464 0.5372596153846154 0.07692307692307693 0.09615384615384616
0 0.36778846153846156 0.5841346153846154 0.052884615384615384 0.0673076923076923
0 0.6129807692307693 0.5901442307692307 0.052884615384615384 0.0673076923076923
0 0.08413461538461539 0.5168269230769231 0.052884615384615384 0.07932692307692307
0 0.028846153846153848 0.5492788461538461 0.03365384615384615 0.04807692307692308
3 0.5180288461538461 0.4879807692307692 0.14903846153846154 0.07211538461538461
0 0.43149038461538464 0.6322115384615384 0.028846153846153848 0.04326923076923077
0 0.7199519230769231 0.6346153846153846 0.03365384615384615 0.038461538461538464
0 0.7572115384615384 0.6382211538461539 0.026442307692307692 0.03365384615384615
0 0.8557692307692307 0.6634615384615384 0.014423076923076924 0.019230769230769232
6 0.421875 0.7475961538461539 0.01201923076923077 0.019230769230769232