0 0.40384615384615385 0.36538461538461536 0.16346153846153846 0.14423076923076922
0 0.6466346153846154 0.5324519230769231 0.038461538461538464 0.03365384615384615
3 0.6826923076923077 0.7211538461538461 0.06009615384615385 0.038461538461538464
0 0.6141826923076923 0.7716346153846154 0.038461538461538464 0.03365384615384615
0 0.6502403846153846 0.4855769230769231 0.038461538461538464 0.028846153846153848
0 0.6286057692307693 0.25961538461538464 0.04567307692307692 0.03365384615384615
3 0.6838942307692307 0.2980769230769231 0.0625 0.04326923076923077
0 0.6610576923076923 0.6598557692307693 0.028846153846153848 0.02403846153846154
1 0.5060096153846154 0.9338942307692307 0.2860576923076923 0.12740384615384615
0 0.6057692307692307 0.30649038461538464 0.057692307692307696 0.04567307692307692
6 0.8798076923076923 0.5673076923076923 0.0673076923076923 0.040865384615384616
2 0.7572115384615384 0.29927884615384615 0.06009615384615385 0.04567307692307692
4 0.7379807692307693 0.7223557692307693 0.04326923076923077 0.03365384615384615