0 0.3449519230769231 0.7740384615384616 0.08653846153846154 0.0673076923076923
3 0.38221153846153844 0.6766826923076923 0.052884615384615384 0.04326923076923077
1 0.4675480769230769 0.8100961538461539 0.19230769230769232 0.25721153846153844
3 0.3942307692307692 0.2247596153846154 0.057692307692307696 0.038461538461538464
5 0.31850961538461536 0.6754807692307693 0.052884615384615384 0.038461538461538464
2 0.3293269230769231 0.22596153846153846 0.057692307692307696 0.036057692307692304
3 0.37740384615384615 0.6346153846153846 0.052884615384615384 0.019230769230769232
2 0.3137019230769231 0.6346153846153846 0.057692307692307696 0.019230769230769232
0 0.4326923076923077 0.11538461538461539 0.028846153846153848 0.019230769230769232
0 0.4423076923076923 0.07932692307692307 0.03125 0.019230769230769232
3 0.3894230769230769 0.2536057692307692 0.05048076923076923 0.01201923076923077