0 0.2283653846153846 0.7608173076923077 0.22115384615384615 0.1778846153846154
0 0.5504807692307693 0.484375 0.06490384615384616 0.04326923076923077
0 0.5144230769230769 0.8882211538461539 0.057692307692307696 0.038461538461538464
3 0.4831730769230769 0.09975961538461539 0.03365384615384615 0.07692307692307693
0 0.5060096153846154 0.04807692307692308 0.052884615384615384 0.03365384615384615
1 0.5997596153846154 0.8473557692307693 0.09134615384615384 0.0889423076923077
0 0.5661057692307693 0.7716346153846154 0.04326923076923077 0.036057692307692304
0 0.5829326923076923 0.22235576923076922 0.03365384615384615 0.02403846153846154
0 0.6189903846153846 0.39663461538461536 0.019230769230769232 0.019230769230769232
0 0.6201923076923077 0.5168269230769231 0.028846153846153848 0.019230769230769232
0 0.5889423076923077 0.4639423076923077 0.038461538461538464 0.038461538461538464