0 0.6045673076923077 0.35336538461538464 0.019230769230769232 0.021634615384615384
0 0.5733173076923077 0.2512019230769231 0.038461538461538464 0.028846153846153848
0 0.578125 0.1658653846153846 0.02403846153846154 0.02403846153846154
0 0.5252403846153846 0.11057692307692307 0.052884615384615384 0.040865384615384616
3 0.6430288461538461 0.5 0.038461538461538464 0.03125
4 0.6646634615384616 0.22115384615384615 0.03365384615384615 0.02403846153846154
0 0.5829326923076923 0.14423076923076922 0.028846153846153848 0.014423076923076924
3 0.5949519230769231 0.5817307692307693 0.09375 0.019230769230769232
3 0.625 0.22596153846153846 0.03365384615384615 0.026442307692307692
2 0.6899038461538461 0.5853365384615384 0.08173076923076923 0.02403846153846154
0 0.6177884615384616 0.25961538461538464 0.019230769230769232 0.01201923076923077
0 0.6105769230769231 0.5348557692307693 0.02403846153846154 0.014423076923076924
0 0.5901442307692307 0.09975961538461539 0.019230769230769232 0.014423076923076924
0 0.6286057692307693 0.3737980769230769 0.019230769230769232 0.014423076923076924
2 0.6850961538461539 0.5 0.04326923076923077 0.03125
6 0.7271634615384616 0.33413461538461536 0.03365384615384615 0.021634615384615384
0 0.6045673076923077 0.18028846153846154 0.02403846153846154 0.014423076923076924