0 0.8774038461538461 0.5612980769230769 0.07211538461538461 0.11538461538461539
0 0.3581730769230769 0.6225961538461539 0.11538461538461539 0.15384615384615385
0 0.1971153846153846 0.6646634615384616 0.1201923076923077 0.15384615384615385
3 0.7740384615384616 0.35697115384615385 0.02403846153846154 0.04807692307692308
2 0.6514423076923077 0.30408653846153844 0.021634615384615384 0.02403846153846154
3 0.12740384615384615 0.9350961538461539 0.24519230769230768 0.11538461538461539
0 0.4723557692307692 0.3942307692307692 0.036057692307692304 0.04326923076923077
3 0.6526442307692307 0.33774038461538464 0.019230769230769232 0.028846153846153848
2 0.7740384615384616 0.3016826923076923 0.02403846153846154 0.04567307692307692
0 0.10216346153846154 0.44350961538461536 0.026442307692307692 0.04326923076923077
1 0.09975961538461539 0.4074519230769231 0.07451923076923077 0.06490384615384616
0 0.14903846153846154 0.39663461538461536 0.01201923076923077 0.019230769230769232