2 0.2776442307692308 0.5120192307692307 0.08173076923076923 0.07451923076923077
3 0.3870192307692308 0.5108173076923077 0.08653846153846154 0.0673076923076923
3 0.4495192307692308 0.9831730769230769 0.07451923076923077 0.028846153846153848
0 0.6213942307692307 0.1778846153846154 0.1346153846153846 0.10096153846153846
0 0.41346153846153844 0.2920673076923077 0.03365384615384615 0.028846153846153848
0 0.41947115384615385 0.11899038461538461 0.028846153846153848 0.019230769230769232
0 0.4266826923076923 0.0733173076923077 0.019230769230769232 0.01201923076923077
2 0.3713942307692308 0.9879807692307693 0.06971153846153846 0.019230769230769232
0 0.4230769230769231 0.7019230769230769 0.04326923076923077 0.028846153846153848
0 0.4326923076923077 0.5600961538461539 0.04807692307692308 0.036057692307692304
3 0.4411057692307692 0.24879807692307693 0.019230769230769232 0.04807692307692308
0 0.4266826923076923 0.021634615384615384 0.019230769230769232 0.014423076923076924