0 0.46153846153846156 0.5961538461538461 0.06009615384615385 0.04326923076923077
0 0.5036057692307693 0.7584134615384616 0.06490384615384616 0.057692307692307696
3 0.4014423076923077 0.5324519230769231 0.09134615384615384 0.055288461538461536
0 0.47836538461538464 0.052884615384615384 0.04807692307692308 0.028846153846153848
0 0.4675480769230769 0.1346153846153846 0.04807692307692308 0.028846153846153848
3 0.4182692307692308 0.4831730769230769 0.08653846153846154 0.03365384615384615
4 0.3016826923076923 0.5336538461538461 0.08653846153846154 0.052884615384615384
2 0.3161057692307692 0.4855769230769231 0.0673076923076923 0.02403846153846154
0 0.42788461538461536 0.1658653846153846 0.028846153846153848 0.019230769230769232
0 0.30649038461538464 0.7584134615384616 0.028846153846153848 0.02403846153846154
0 0.4387019230769231 0.8966346153846154 0.028846153846153848 0.014423076923076924