0 0.9206730769230769 0.390625 0.026442307692307692 0.03365384615384615
0 0.8401442307692307 0.36899038461538464 0.02403846153846154 0.038461538461538464
0 0.39903846153846156 0.33774038461538464 0.021634615384615384 0.038461538461538464
0 0.4387019230769231 0.3401442307692308 0.028846153846153848 0.03365384615384615
0 0.6682692307692307 0.3389423076923077 0.026442307692307692 0.03125
3 0.15985576923076922 0.5192307692307693 0.15144230769230768 0.0625
0 0.5384615384615384 0.3161057692307692 0.019230769230769232 0.02403846153846154
0 0.6911057692307693 0.3245192307692308 0.016826923076923076 0.02403846153846154
0 0.7307692307692307 0.3245192307692308 0.014423076923076924 0.016826923076923076
0 0.04567307692307692 0.38100961538461536 0.021634615384615384 0.019230769230769232
0 0.3449519230769231 0.3088942307692308 0.014423076923076924 0.016826923076923076