0 0.8786057692307693 0.8509615384615384 0.18028846153846154 0.25961538461538464
0 0.31971153846153844 0.4423076923076923 0.04326923076923077 0.04807692307692308
0 0.18028846153846154 0.46274038461538464 0.04326923076923077 0.0625
0 0.7536057692307693 0.4675480769230769 0.052884615384615384 0.06009615384615385
3 0.7620192307692307 0.37259615384615385 0.02403846153846154 0.0625
3 0.6971153846153846 0.3581730769230769 0.02403846153846154 0.03365384615384615
3 0.46875 0.3473557692307692 0.02403846153846154 0.03365384615384615
4 0.46875 0.3161057692307692 0.02403846153846154 0.03125
2 0.7680288461538461 0.31009615384615385 0.014423076923076924 0.057692307692307696
2 0.6995192307692307 0.32211538461538464 0.02403846153846154 0.03125
1 0.28846153846153844 0.3701923076923077 0.09134615384615384 0.06009615384615385