0 0.8677884615384616 0.6141826923076923 0.02403846153846154 0.038461538461538464
0 0.9651442307692307 0.5865384615384616 0.03125 0.038461538461538464
0 0.9326923076923077 0.23197115384615385 0.12980769230769232 0.23076923076923078
3 0.8557692307692307 0.6862980769230769 0.02403846153846154 0.03365384615384615
3 0.6045673076923077 0.7079326923076923 0.021634615384615384 0.03365384615384615
4 0.6021634615384616 0.7451923076923077 0.019230769230769232 0.028846153846153848
2 0.8569711538461539 0.7247596153846154 0.02403846153846154 0.02403846153846154
1 0.7620192307692307 0.7007211538461539 0.03365384615384615 0.028846153846153848
1 0.28846153846153844 0.3918269230769231 0.5721153846153846 0.6730769230769231
3 0.5072115384615384 0.7091346153846154 0.019230769230769232 0.04807692307692308
2 0.9158653846153846 0.7067307692307693 0.01201923076923077 0.052884615384615384
0 0.04447115384615385 0.7487980769230769 0.08413461538461539 0.21875
0 0.6346153846153846 0.6983173076923077 0.014423076923076924 0.019230769230769232
4 0.5096153846153846 0.7668269230769231 0.016826923076923076 0.03365384615384615
3 0.9098557692307693 0.6358173076923077 0.014423076923076924 0.0673076923076923