0 0.12259615384615384 0.09735576923076923 0.19951923076923078 0.15865384615384615
0 0.27163461538461536 0.07451923076923077 0.15384615384615385 0.11778846153846154
0 0.43149038461538464 0.056490384615384616 0.09134615384615384 0.0625
0 0.3870192307692308 0.3088942307692308 0.14903846153846154 0.11057692307692307
0 0.5348557692307693 0.3016826923076923 0.07211538461538461 0.0625
0 0.5504807692307693 0.5204326923076923 0.07692307692307693 0.057692307692307696
0 0.5600961538461539 0.7872596153846154 0.052884615384615384 0.038461538461538464
0 0.5480769230769231 0.8473557692307693 0.05048076923076923 0.038461538461538464
3 0.6598557692307693 0.5661057692307693 0.038461538461538464 0.03125
0 0.5504807692307693 0.9747596153846154 0.03365384615384615 0.021634615384615384
0 0.5745192307692307 0.8978365384615384 0.028846153846153848 0.019230769230769232
3 0.3629807692307692 0.2692307692307692 0.11538461538461539 0.21394230769230768
3 0.6370192307692307 0.8497596153846154 0.038461538461538464 0.026442307692307692
4 0.6814903846153846 0.8497596153846154 0.038461538461538464 0.026442307692307692
0 0.6129807692307693 0.29086538461538464 0.028846153846153848 0.021634615384615384
0 0.6021634615384616 0.5576923076923077 0.03365384615384615 0.03125
2 0.7055288461538461 0.5661057692307693 0.038461538461538464 0.028846153846153848
1 0.6310096153846154 0.2127403846153846 0.052884615384615384 0.057692307692307696