3 0.0673076923076923 0.3329326923076923 0.125 0.14903846153846154
3 0.7043269230769231 0.6911057692307693 0.014423076923076924 0.04326923076923077
3 0.6346153846153846 0.7067307692307693 0.016826923076923076 0.02403846153846154
3 0.6177884615384616 0.7067307692307693 0.009615384615384616 0.028846153846153848
1 0.5336538461538461 0.6971153846153846 0.07692307692307693 0.052884615384615384
3 0.8641826923076923 0.5853365384615384 0.07211538461538461 0.019230769230769232
0 0.859375 0.6262019230769231 0.028846153846153848 0.036057692307692304
0 0.6490384615384616 0.6189903846153846 0.04807692307692308 0.05048076923076923
4 0.7043269230769231 0.7391826923076923 0.014423076923076924 0.03365384615384615
3 0.4014423076923077 0.7067307692307693 0.021634615384615384 0.028846153846153848
3 0.3786057692307692 0.6935096153846154 0.009615384615384616 0.04326923076923077
0 0.5985576923076923 0.6682692307692307 0.021634615384615384 0.028846153846153848
6 0.5288461538461539 0.7740384615384616 0.014423076923076924 0.028846153846153848
2 0.39903846153846156 0.7367788461538461 0.019230769230769232 0.028846153846153848