0 0.5552884615384616 0.23798076923076922 0.07211538461538461 0.057692307692307696
0 0.5973557692307693 0.33413461538461536 0.052884615384615384 0.04807692307692308
0 0.6526442307692307 0.6706730769230769 0.02403846153846154 0.021634615384615384
0 0.59375 0.9206730769230769 0.04326923076923077 0.03125
0 0.6370192307692307 0.8389423076923077 0.03125 0.026442307692307692
0 0.6598557692307693 0.5817307692307693 0.028846153846153848 0.02403846153846154
3 0.3293269230769231 0.11899038461538461 0.15384615384615385 0.22355769230769232
0 0.8221153846153846 0.35096153846153844 0.038461538461538464 0.040865384615384616
0 0.671875 0.5348557692307693 0.019230769230769232 0.019230769230769232
6 0.7608173076923077 0.6105769230769231 0.02403846153846154 0.014423076923076924
3 0.6923076923076923 0.47475961538461536 0.028846153846153848 0.016826923076923076
4 0.7175480769230769 0.7860576923076923 0.04326923076923077 0.014423076923076924
2 0.7259615384615384 0.47475961538461536 0.028846153846153848 0.019230769230769232