0 0.2848557692307692 0.4254807692307692 0.057692307692307696 0.07692307692307693
0 0.06850961538461539 0.4014423076923077 0.028846153846153848 0.03365384615384615
0 0.38461538461538464 0.3401442307692308 0.02403846153846154 0.028846153846153848
3 0.35336538461538464 0.2932692307692308 0.019230769230769232 0.028846153846153848
4 0.35096153846153844 0.25721153846153844 0.021634615384615384 0.028846153846153848
6 0.46875 0.21875 0.014423076923076924 0.016826923076923076
0 0.15625 0.3605769230769231 0.021634615384615384 0.028846153846153848
3 0.2608173076923077 0.3125 0.021634615384615384 0.03365384615384615
4 0.25961538461538464 0.25961538461538464 0.021634615384615384 0.04807692307692308
3 0.6141826923076923 0.28725961538461536 0.021634615384615384 0.028846153846153848
2 0.6153846153846154 0.2536057692307692 0.02403846153846154 0.03365384615384615