0 0.46875 0.04447115384615385 0.0673076923076923 0.052884615384615384
0 0.5264423076923077 0.08413461538461539 0.04326923076923077 0.038461538461538464
2 0.6862980769230769 0.5228365384615384 0.04807692307692308 0.038461538461538464
3 0.5997596153846154 0.8942307692307693 0.05048076923076923 0.03125
3 0.5625 0.3137019230769231 0.23076923076923078 0.09615384615384616
2 0.7932692307692307 0.3161057692307692 0.20673076923076922 0.09615384615384616
1 0.5769230769230769 0.14903846153846154 0.10817307692307693 0.10576923076923077
0 0.5745192307692307 0.8293269230769231 0.03365384615384615 0.028846153846153848
6 0.7788461538461539 0.7896634615384616 0.052884615384615384 0.03365384615384615
3 0.625 0.5192307692307693 0.052884615384615384 0.040865384615384616
4 0.6550480769230769 0.8966346153846154 0.052884615384615384 0.03125