0 0.7824519230769231 0.421875 0.03125 0.03365384615384615
3 0.33413461538461536 0.359375 0.02403846153846154 0.03365384615384615
2 0.49158653846153844 0.296875 0.03365384615384615 0.057692307692307696
0 0.9230769230769231 0.8569711538461539 0.13942307692307693 0.2644230769230769
0 0.7223557692307693 0.41586538461538464 0.03365384615384615 0.03125
5 0.05048076923076923 0.359375 0.026442307692307692 0.038461538461538464
3 0.052884615384615384 0.40625 0.028846153846153848 0.04326923076923077
2 0.33413461538461536 0.31850961538461536 0.02403846153846154 0.03365384615384615
3 0.49278846153846156 0.3629807692307692 0.028846153846153848 0.0625
0 0.08774038461538461 0.49038461538461536 0.04807692307692308 0.06009615384615385
0 0.8737980769230769 0.40865384615384615 0.014423076923076924 0.019230769230769232
0 0.9338942307692307 0.44591346153846156 0.021634615384615384 0.03365384615384615
0 0.4519230769230769 0.36538461538461536 0.014423076923076924 0.019230769230769232
0 0.3605769230769231 0.3762019230769231 0.009615384615384616 0.019230769230769232
3 0.6322115384615384 0.4483173076923077 0.08653846153846154 0.028846153846153848