0 0.5336538461538461 0.5444711538461539 0.04567307692307692 0.052884615384615384
0 0.296875 0.5420673076923077 0.038461538461538464 0.052884615384615384
0 0.06610576923076923 0.3161057692307692 0.10096153846153846 0.14423076923076922
0 0.040865384615384616 0.48197115384615385 0.036057692307692304 0.057692307692307696
0 0.08173076923076923 0.5132211538461539 0.028846153846153848 0.04807692307692308
3 0.3629807692307692 0.5288461538461539 0.07451923076923077 0.019230769230769232
0 0.9026442307692307 0.5348557692307693 0.028846153846153848 0.04326923076923077
0 0.6862980769230769 0.5793269230769231 0.026442307692307692 0.028846153846153848
0 0.5661057692307693 0.6129807692307693 0.01201923076923077 0.014423076923076924
0 0.359375 0.59375 0.014423076923076924 0.019230769230769232
0 0.32211538461538464 0.6009615384615384 0.01201923076923077 0.019230769230769232