0 0.43028846153846156 0.26802884615384615 0.15144230769230768 0.18269230769230768
3 0.8161057692307693 0.328125 0.021634615384615384 0.07211538461538461
3 0.8569711538461539 0.32091346153846156 0.04326923076923077 0.0673076923076923
2 0.8557692307692307 0.2403846153846154 0.04326923076923077 0.0673076923076923
1 0.3269230769230769 0.5733173076923077 0.6538461538461539 0.5817307692307693
0 0.7872596153846154 0.3473557692307692 0.02403846153846154 0.03365384615384615
0 0.7560096153846154 0.3269230769230769 0.019230769230769232 0.02403846153846154
0 0.7331730769230769 0.3125 0.01201923076923077 0.009615384615384616
4 0.8173076923076923 0.24639423076923078 0.021634615384615384 0.06009615384615385
0 0.6887019230769231 0.32572115384615385 0.02403846153846154 0.028846153846153848
2 0.6634615384615384 0.26322115384615385 0.014423076923076924 0.019230769230769232