3 0.040865384615384616 0.40625 0.05048076923076923 0.08653846153846154
0 0.18509615384615385 0.38461538461538464 0.026442307692307692 0.03365384615384615
0 0.125 0.39663461538461536 0.021634615384615384 0.028846153846153848
3 0.6814903846153846 0.3473557692307692 0.0673076923076923 0.10817307692307693
2 0.028846153846153848 0.3137019230769231 0.04326923076923077 0.0673076923076923
2 0.6838942307692307 0.2283653846153846 0.06971153846153846 0.11057692307692307
3 0.8509615384615384 0.4326923076923077 0.0673076923076923 0.028846153846153848
0 0.7716346153846154 0.3762019230769231 0.026442307692307692 0.03125
0 0.5528846153846154 0.3389423076923077 0.019230769230769232 0.02403846153846154
0 0.5168269230769231 0.3269230769230769 0.016826923076923076 0.016826923076923076
0 0.3088942307692308 0.33413461538461536 0.01201923076923077 0.019230769230769232
3 0.14903846153846154 0.41947115384615385 0.052884615384615384 0.014423076923076924