0 0.40625 0.7944711538461539 0.17307692307692307 0.22596153846153846
0 0.34975961538461536 0.6526442307692307 0.13942307692307693 0.15384615384615385
0 0.30288461538461536 0.5168269230769231 0.07451923076923077 0.08653846153846154
0 0.5865384615384616 0.5817307692307693 0.10576923076923077 0.14903846153846154
0 0.5504807692307693 0.4519230769230769 0.055288461538461536 0.07211538461538461
0 0.7560096153846154 0.4639423076923077 0.052884615384615384 0.07211538461538461
3 0.78125 0.359375 0.028846153846153848 0.038461538461538464
2 0.7836538461538461 0.3125 0.028846153846153848 0.038461538461538464
0 0.515625 0.3798076923076923 0.02403846153846154 0.028846153846153848
3 0.42788461538461536 0.34375 0.014423076923076924 0.028846153846153848
0 0.06370192307692307 0.5036057692307693 0.038461538461538464 0.05048076923076923
0 0.7776442307692307 0.4170673076923077 0.03365384615384615 0.038461538461538464
0 0.48677884615384615 0.359375 0.014423076923076924 0.019230769230769232
0 0.8389423076923077 0.38100961538461536 0.01201923076923077 0.016826923076923076
1 0.45072115384615385 0.34134615384615385 0.028846153846153848 0.02403846153846154
4 0.43028846153846156 0.3088942307692308 0.014423076923076924 0.02403846153846154
3 0.5060096153846154 0.6021634615384616 0.14903846153846154 0.10817307692307693