0 0.8774038461538461 0.4387019230769231 0.07211538461538461 0.11538461538461539
0 0.3581730769230769 0.37740384615384615 0.11538461538461539 0.15384615384615385
0 0.1971153846153846 0.33533653846153844 0.1201923076923077 0.15384615384615385
3 0.7740384615384616 0.6430288461538461 0.02403846153846154 0.04807692307692308
2 0.6514423076923077 0.6959134615384616 0.021634615384615384 0.02403846153846154
3 0.12740384615384615 0.06490384615384616 0.24519230769230768 0.11778846153846154
0 0.4723557692307692 0.6057692307692307 0.036057692307692304 0.04326923076923077
3 0.6526442307692307 0.6622596153846154 0.019230769230769232 0.028846153846153848
2 0.7740384615384616 0.6983173076923077 0.02403846153846154 0.04567307692307692
0 0.10216346153846154 0.5564903846153846 0.026442307692307692 0.04326923076923077
1 0.09975961538461539 0.5925480769230769 0.07451923076923077 0.06490384615384616
0 0.14903846153846154 0.6033653846153846 0.01201923076923077 0.019230769230769232