0 0.34975961538461536 0.84375 0.15384615384615385 0.11057692307692307
0 0.6033653846153846 0.21634615384615385 0.052884615384615384 0.04326923076923077
3 0.6971153846153846 0.5552884615384616 0.028846153846153848 0.02403846153846154
0 0.5913461538461539 0.8954326923076923 0.03365384615384615 0.03125
0 0.6189903846153846 0.30528846153846156 0.04326923076923077 0.04326923076923077
3 0.5901442307692307 0.4855769230769231 0.028846153846153848 0.09134615384615384
3 0.6682692307692307 0.8052884615384616 0.02403846153846154 0.019230769230769232
3 0.6730769230769231 0.7800480769230769 0.02403846153846154 0.014423076923076924
3 0.6322115384615384 0.9122596153846154 0.04807692307692308 0.026442307692307692
2 0.7331730769230769 0.5564903846153846 0.028846153846153848 0.02403846153846154
0 0.6826923076923077 0.5060096153846154 0.019230769230769232 0.009615384615384616
0 0.6838942307692307 0.4230769230769231 0.02403846153846154 0.016826923076923076
0 0.6057692307692307 0.15745192307692307 0.05048076923076923 0.036057692307692304