0 0.21394230769230768 0.7319711538461539 0.24759615384615385 0.16105769230769232
0 0.5480769230769231 0.2548076923076923 0.03365384615384615 0.03125
4 0.6526442307692307 0.23076923076923078 0.038461538461538464 0.028846153846153848
3 0.5396634615384616 0.8629807692307693 0.19230769230769232 0.10096153846153846
3 0.6177884615384616 0.5877403846153846 0.04807692307692308 0.036057692307692304
3 0.5973557692307693 0.22716346153846154 0.04567307692307692 0.028846153846153848
3 0.5384615384615384 0.6478365384615384 0.019230769230769232 0.0673076923076923
0 0.3557692307692308 0.026442307692307692 0.1201923076923077 0.04807692307692308
2 0.7259615384615384 0.8737980769230769 0.16346153846153846 0.08413461538461539
0 0.5949519230769231 0.45913461538461536 0.028846153846153848 0.021634615384615384
0 0.6021634615384616 0.38100961538461536 0.019230769230769232 0.014423076923076924
2 0.6742788461538461 0.5877403846153846 0.04807692307692308 0.03365384615384615