0 0.6177884615384616 0.26802884615384615 0.04807692307692308 0.036057692307692304
3 0.6658653846153846 0.8329326923076923 0.08653846153846154 0.052884615384615384
3 0.6526442307692307 0.7872596153846154 0.09615384615384616 0.028846153846153848
4 0.7475961538461539 0.21153846153846154 0.07211538461538461 0.040865384615384616
3 0.6658653846153846 0.2127403846153846 0.07692307692307693 0.04326923076923077
0 0.6538461538461539 0.6141826923076923 0.028846153846153848 0.028846153846153848
4 0.7463942307692307 0.7884615384615384 0.07451923076923077 0.026442307692307692
0 0.5516826923076923 0.828125 0.07451923076923077 0.057692307692307696
0 0.6766826923076923 0.3918269230769231 0.019230769230769232 0.014423076923076924
0 0.6790865384615384 0.44471153846153844 0.016826923076923076 0.014423076923076924
0 0.6177884615384616 0.06370192307692307 0.03125 0.019230769230769232
2 0.7548076923076923 0.8377403846153846 0.07692307692307693 0.04807692307692308
1 0.6838942307692307 0.5480769230769231 0.07451923076923077 0.09134615384615384
0 0.7355769230769231 0.5564903846153846 0.02403846153846154 0.02403846153846154