0 0.44471153846153844 0.23798076923076922 0.07211538461538461 0.057692307692307696
0 0.4026442307692308 0.33413461538461536 0.052884615384615384 0.04807692307692308
0 0.3473557692307692 0.6706730769230769 0.02403846153846154 0.021634615384615384
0 0.40625 0.9206730769230769 0.04326923076923077 0.028846153846153848
0 0.3629807692307692 0.8389423076923077 0.03125 0.02403846153846154
0 0.3401442307692308 0.5817307692307693 0.028846153846153848 0.02403846153846154
3 0.6706730769230769 0.11899038461538461 0.15384615384615385 0.22355769230769232
0 0.1778846153846154 0.35096153846153844 0.038461538461538464 0.040865384615384616
0 0.328125 0.5348557692307693 0.019230769230769232 0.019230769230769232
6 0.23918269230769232 0.6105769230769231 0.02403846153846154 0.014423076923076924
3 0.3076923076923077 0.47475961538461536 0.028846153846153848 0.016826923076923076
4 0.2824519230769231 0.7860576923076923 0.04326923076923077 0.014423076923076924
2 0.27403846153846156 0.47475961538461536 0.028846153846153848 0.019230769230769232