0 0.5168269230769231 0.2127403846153846 0.09134615384615384 0.0673076923076923
0 0.4098557692307692 0.6418269230769231 0.038461538461538464 0.028846153846153848
0 0.4098557692307692 0.3293269230769231 0.038461538461538464 0.028846153846153848
3 0.43028846153846156 0.59375 0.019230769230769232 0.057692307692307696
0 0.3798076923076923 0.5432692307692307 0.02403846153846154 0.019230769230769232
0 0.36778846153846156 0.41225961538461536 0.019230769230769232 0.009615384615384616
0 0.3918269230769231 0.35096153846153844 0.028846153846153848 0.026442307692307692
0 0.3016826923076923 0.27403846153846156 0.019230769230769232 0.014423076923076924
0 0.453125 0.08173076923076923 0.038461538461538464 0.028846153846153848
0 0.4254807692307692 0.140625 0.03365384615384615 0.02403846153846154
0 0.4026442307692308 0.11778846153846154 0.02403846153846154 0.014423076923076924
0 0.2776442307692308 0.18269230769230768 0.028846153846153848 0.021634615384615384
1 0.4014423076923077 0.07572115384615384 0.04807692307692308 0.04567307692307692