0 0.5408653846153846 0.5552884615384616 0.05048076923076923 0.057692307692307696
0 0.3798076923076923 0.5625 0.04326923076923077 0.057692307692307696
0 0.09254807692307693 0.5360576923076923 0.03365384615384615 0.04807692307692308
0 0.3245192307692308 0.59375 0.028846153846153848 0.03365384615384615
0 0.4387019230769231 0.6081730769230769 0.021634615384615384 0.03365384615384615
0 0.8497596153846154 0.5649038461538461 0.02403846153846154 0.038461538461538464
0 0.9567307692307693 0.4735576923076923 0.05048076923076923 0.07211538461538461
2 0.921875 0.6418269230769231 0.021634615384615384 0.028846153846153848
4 0.6971153846153846 0.6742788461538461 0.02403846153846154 0.03125
3 0.921875 0.5997596153846154 0.028846153846153848 0.038461538461538464
3 0.6971153846153846 0.6382211538461539 0.02403846153846154 0.03125
0 0.8052884615384616 0.5997596153846154 0.01201923076923077 0.02403846153846154
0 0.8245192307692307 0.5973557692307693 0.016826923076923076 0.019230769230769232