0 0.3954326923076923 0.35336538461538464 0.019230769230769232 0.021634615384615384
0 0.4266826923076923 0.2512019230769231 0.038461538461538464 0.028846153846153848
0 0.421875 0.1658653846153846 0.02403846153846154 0.02403846153846154
0 0.47475961538461536 0.11057692307692307 0.052884615384615384 0.040865384615384616
3 0.35697115384615385 0.5 0.038461538461538464 0.03125
4 0.33533653846153844 0.22115384615384615 0.03365384615384615 0.02403846153846154
0 0.4170673076923077 0.14423076923076922 0.028846153846153848 0.014423076923076924
3 0.4050480769230769 0.5817307692307693 0.09375 0.019230769230769232
3 0.375 0.22596153846153846 0.03365384615384615 0.026442307692307692
2 0.31009615384615385 0.5853365384615384 0.08173076923076923 0.02403846153846154
0 0.38221153846153844 0.25961538461538464 0.019230769230769232 0.01201923076923077
0 0.3894230769230769 0.5348557692307693 0.02403846153846154 0.014423076923076924
0 0.4098557692307692 0.09975961538461539 0.019230769230769232 0.014423076923076924
0 0.3713942307692308 0.3737980769230769 0.019230769230769232 0.014423076923076924
2 0.31490384615384615 0.5 0.04326923076923077 0.03125
6 0.27283653846153844 0.33413461538461536 0.03365384615384615 0.021634615384615384
0 0.3954326923076923 0.18028846153846154 0.02403846153846154 0.014423076923076924