0 0.5192307692307693 0.15745192307692307 0.06009615384615385 0.04567307692307692
0 0.5877403846153846 0.24519230769230768 0.02403846153846154 0.019230769230769232
0 0.5997596153846154 0.5048076923076923 0.02403846153846154 0.02403846153846154
0 0.6177884615384616 0.4362980769230769 0.019230769230769232 0.014423076923076924
0 0.6009615384615384 0.26802884615384615 0.02403846153846154 0.016826923076923076
0 0.5685096153846154 0.09014423076923077 0.028846153846153848 0.019230769230769232
0 0.5432692307692307 0.04326923076923077 0.028846153846153848 0.021634615384615384
3 0.5769230769230769 0.46274038461538464 0.016826923076923076 0.052884615384615384
0 0.6129807692307693 0.24278846153846154 0.019230769230769232 0.01201923076923077
0 0.6237980769230769 0.33052884615384615 0.019230769230769232 0.014423076923076924
0 0.6971153846153846 0.125 0.02403846153846154 0.019230769230769232
0 0.6826923076923077 0.20192307692307693 0.019230769230769232 0.014423076923076924