0 0.4879807692307692 0.3233173076923077 0.0673076923076923 0.057692307692307696
3 0.6213942307692307 0.4411057692307692 0.10576923076923077 0.19230769230769232
0 0.5372596153846154 0.07211538461538461 0.07211538461538461 0.04807692307692308
0 0.25 0.26802884615384615 0.03365384615384615 0.03365384615384615
0 0.4074519230769231 0.5012019230769231 0.028846153846153848 0.019230769230769232
0 0.4326923076923077 0.15985576923076922 0.02403846153846154 0.016826923076923076
0 0.46033653846153844 0.9723557692307693 0.03365384615384615 0.016826923076923076
0 0.4543269230769231 0.9411057692307693 0.03365384615384615 0.021634615384615384
0 0.4411057692307692 0.7872596153846154 0.028846153846153848 0.028846153846153848
4 0.3629807692307692 0.15504807692307693 0.02403846153846154 0.019230769230769232
0 0.40024038461538464 0.7536057692307693 0.016826923076923076 0.014423076923076924
0 0.42427884615384615 0.9122596153846154 0.019230769230769232 0.014423076923076924
4 0.33774038461538464 0.7872596153846154 0.05048076923076923 0.036057692307692304
0 0.38100961538461536 0.35096153846153844 0.019230769230769232 0.01201923076923077