0 0.5697115384615384 0.26802884615384615 0.15144230769230768 0.18269230769230768
3 0.18389423076923078 0.328125 0.021634615384615384 0.07211538461538461
3 0.14302884615384615 0.32091346153846156 0.04326923076923077 0.0673076923076923
2 0.14423076923076922 0.2403846153846154 0.04326923076923077 0.0673076923076923
1 0.671875 0.5733173076923077 0.6514423076923077 0.5841346153846154
0 0.2127403846153846 0.3473557692307692 0.02403846153846154 0.03365384615384615
0 0.2439903846153846 0.3269230769230769 0.019230769230769232 0.02403846153846154
0 0.2668269230769231 0.3125 0.01201923076923077 0.009615384615384616
4 0.18269230769230768 0.24639423076923078 0.021634615384615384 0.06009615384615385
0 0.3112980769230769 0.32572115384615385 0.02403846153846154 0.028846153846153848
2 0.33653846153846156 0.26322115384615385 0.014423076923076924 0.019230769230769232