0 0.2848557692307692 0.5745192307692307 0.057692307692307696 0.07692307692307693
0 0.06850961538461539 0.5985576923076923 0.028846153846153848 0.03365384615384615
0 0.38461538461538464 0.6598557692307693 0.02403846153846154 0.028846153846153848
3 0.35336538461538464 0.7067307692307693 0.019230769230769232 0.028846153846153848
4 0.35096153846153844 0.7427884615384616 0.021634615384615384 0.028846153846153848
6 0.46875 0.78125 0.014423076923076924 0.016826923076923076
0 0.15625 0.6394230769230769 0.021634615384615384 0.028846153846153848
3 0.2608173076923077 0.6875 0.021634615384615384 0.03365384615384615
4 0.25961538461538464 0.7403846153846154 0.021634615384615384 0.04807692307692308
3 0.6141826923076923 0.7127403846153846 0.021634615384615384 0.028846153846153848
2 0.6153846153846154 0.7463942307692307 0.02403846153846154 0.03365384615384615