0 0.3557692307692308 0.17548076923076922 0.052884615384615384 0.038461538461538464
0 0.6598557692307693 0.10817307692307693 0.12980769230769232 0.10576923076923077
3 0.3870192307692308 0.3269230769230769 0.052884615384615384 0.038461538461538464
3 0.47115384615384615 0.09014423076923077 0.14423076923076922 0.08173076923076923
2 0.33052884615384615 0.71875 0.052884615384615384 0.03365384615384615
5 0.3269230769230769 0.32572115384615385 0.04567307692307692 0.038461538461538464
5 0.3088942307692308 0.08413461538461539 0.15384615384615385 0.07451923076923077
3 0.3870192307692308 0.7259615384615384 0.04567307692307692 0.03365384615384615
3 0.38341346153846156 0.3629807692307692 0.05048076923076923 0.019230769230769232
0 0.4098557692307692 0.7536057692307693 0.02403846153846154 0.014423076923076924
0 0.4182692307692308 0.8365384615384616 0.019230769230769232 0.014423076923076924
0 0.4230769230769231 0.8677884615384616 0.02403846153846154 0.014423076923076924
1 0.4411057692307692 0.18990384615384615 0.14903846153846154 0.11778846153846154