0 0.7860576923076923 0.26802884615384615 0.24759615384615385 0.16105769230769232
0 0.4519230769230769 0.7451923076923077 0.03365384615384615 0.03125
4 0.3473557692307692 0.7692307692307693 0.038461538461538464 0.028846153846153848
3 0.46033653846153844 0.13701923076923078 0.19230769230769232 0.10096153846153846
3 0.38221153846153844 0.41225961538461536 0.04807692307692308 0.036057692307692304
3 0.4026442307692308 0.7728365384615384 0.04567307692307692 0.028846153846153848
3 0.46153846153846156 0.35216346153846156 0.019230769230769232 0.0673076923076923
0 0.6442307692307693 0.9735576923076923 0.1201923076923077 0.04807692307692308
2 0.27403846153846156 0.12620192307692307 0.16346153846153846 0.08173076923076923
0 0.4050480769230769 0.5408653846153846 0.028846153846153848 0.021634615384615384
0 0.39783653846153844 0.6189903846153846 0.019230769230769232 0.014423076923076924
2 0.32572115384615385 0.41225961538461536 0.04807692307692308 0.03365384615384615