0 0.3245192307692308 0.328125 0.15384615384615385 0.14423076923076922
0 0.5108173076923077 0.4567307692307692 0.07451923076923077 0.052884615384615384
0 0.4987980769230769 0.06129807692307692 0.06490384615384616 0.038461538461538464
0 0.5516826923076923 0.25721153846153844 0.04567307692307692 0.040865384615384616
0 0.5805288461538461 0.7728365384615384 0.028846153846153848 0.016826923076923076
0 0.578125 0.8004807692307693 0.02403846153846154 0.019230769230769232
0 0.5889423076923077 0.6237980769230769 0.03125 0.019230769230769232
3 0.4795673076923077 0.3545673076923077 0.057692307692307696 0.1201923076923077
3 0.6334134615384616 0.6286057692307693 0.03365384615384615 0.03365384615384615
3 0.5841346153846154 0.9182692307692307 0.038461538461538464 0.026442307692307692
2 0.6346153846153846 0.9206730769230769 0.04326923076923077 0.03125