3 0.7908653846153846 0.6610576923076923 0.036057692307692304 0.057692307692307696
3 0.7451923076923077 0.6634615384615384 0.028846153846153848 0.06009615384615385
3 0.3076923076923077 0.6598557692307693 0.04326923076923077 0.06490384615384616
2 0.30528846153846156 0.7283653846153846 0.040865384615384616 0.06009615384615385
2 0.7512019230769231 0.7295673076923077 0.021634615384615384 0.052884615384615384
5 0.7932692307692307 0.7223557692307693 0.03125 0.052884615384615384
0 0.6670673076923077 0.6574519230769231 0.021634615384615384 0.03125
0 0.7223557692307693 0.6526442307692307 0.014423076923076924 0.02403846153846154
0 0.22956730769230768 0.6334134615384616 0.021634615384615384 0.03365384615384615
0 0.3858173076923077 0.6598557692307693 0.014423076923076924 0.019230769230769232
0 0.21153846153846154 0.6370192307692307 0.016826923076923076 0.019230769230769232
0 0.171875 0.6394230769230769 0.016826923076923076 0.019230769230769232
0 0.42788461538461536 0.6754807692307693 0.01201923076923077 0.019230769230769232
0 0.41466346153846156 0.6682692307692307 0.014423076923076924 0.016826923076923076
0 0.6057692307692307 0.6790865384615384 0.01201923076923077 0.01201923076923077