0 0.7716346153846154 0.23918269230769232 0.22115384615384615 0.1778846153846154
0 0.4495192307692308 0.515625 0.06490384615384616 0.04326923076923077
0 0.4855769230769231 0.11177884615384616 0.057692307692307696 0.038461538461538464
3 0.5168269230769231 0.9002403846153846 0.03365384615384615 0.07692307692307693
0 0.49399038461538464 0.9519230769230769 0.052884615384615384 0.03365384615384615
1 0.40024038461538464 0.15264423076923078 0.09134615384615384 0.08653846153846154
0 0.4338942307692308 0.2283653846153846 0.04326923076923077 0.036057692307692304
0 0.4170673076923077 0.7776442307692307 0.03365384615384615 0.02403846153846154
0 0.38100961538461536 0.6033653846153846 0.019230769230769232 0.019230769230769232
0 0.3798076923076923 0.4831730769230769 0.028846153846153848 0.019230769230769232
0 0.4110576923076923 0.5360576923076923 0.038461538461538464 0.038461538461538464