0 0.11057692307692307 0.5588942307692307 0.057692307692307696 0.08653846153846154
0 0.17307692307692307 0.5733173076923077 0.052884615384615384 0.07932692307692307
0 0.8846153846153846 0.6045673076923077 0.03365384615384615 0.05048076923076923
3 0.9759615384615384 0.625 0.040865384615384616 0.10096153846153846
0 0.3737980769230769 0.6057692307692307 0.05048076923076923 0.07451923076923077
6 0.6586538461538461 0.8317307692307693 0.028846153846153848 0.04567307692307692
1 0.5997596153846154 0.7067307692307693 0.0673076923076923 0.05048076923076923
4 0.9795673076923077 0.7259615384615384 0.038461538461538464 0.08653846153846154
4 0.7956730769230769 0.7295673076923077 0.028846153846153848 0.04326923076923077
3 0.4807692307692308 0.7127403846153846 0.014423076923076924 0.04326923076923077
2 0.4567307692307692 0.7692307692307693 0.026442307692307692 0.03365384615384615
2 0.29086538461538464 0.7620192307692307 0.04807692307692308 0.10817307692307693
3 0.2956730769230769 0.6442307692307693 0.04807692307692308 0.1201923076923077
3 0.7932692307692307 0.6790865384615384 0.03365384615384615 0.04326923076923077
0 0.7427884615384616 0.6802884615384616 0.009615384615384616 0.014423076923076924
3 0.4567307692307692 0.7199519230769231 0.03125 0.038461538461538464