0 0.6033653846153846 0.35096153846153844 0.07211538461538461 0.057692307692307696
0 0.6646634615384616 0.6394230769230769 0.038461538461538464 0.02403846153846154
0 0.65625 0.7175480769230769 0.038461538461538464 0.028846153846153848
1 0.6959134615384616 0.47716346153846156 0.07451923076923077 0.0889423076923077
3 0.7091346153846154 0.3557692307692308 0.04326923076923077 0.014423076923076924
3 0.7163461538461539 0.39783653846153844 0.02403846153846154 0.019230769230769232
3 0.71875 0.5877403846153846 0.02403846153846154 0.019230769230769232
4 0.7463942307692307 0.5877403846153846 0.02403846153846154 0.019230769230769232
2 0.7463942307692307 0.39663461538461536 0.02403846153846154 0.019230769230769232
0 0.6610576923076923 0.3737980769230769 0.03365384615384615 0.03125
0 0.7487980769230769 0.45552884615384615 0.028846153846153848 0.026442307692307692
0 0.6742788461538461 0.7536057692307693 0.028846153846153848 0.019230769230769232
0 0.5444711538461539 0.9891826923076923 0.05048076923076923 0.016826923076923076
2 0.7524038461538461 0.35096153846153844 0.03365384615384615 0.014423076923076924
3 0.5036057692307693 0.09615384615384616 0.052884615384615384 0.125