0 0.5120192307692307 0.3233173076923077 0.0673076923076923 0.057692307692307696
3 0.3786057692307692 0.4411057692307692 0.10576923076923077 0.19230769230769232
0 0.46274038461538464 0.07211538461538461 0.07211538461538461 0.04807692307692308
0 0.75 0.26802884615384615 0.03365384615384615 0.03365384615384615
0 0.5925480769230769 0.5012019230769231 0.028846153846153848 0.019230769230769232
0 0.5673076923076923 0.15985576923076922 0.02403846153846154 0.016826923076923076
0 0.5396634615384616 0.9723557692307693 0.03365384615384615 0.016826923076923076
0 0.5456730769230769 0.9411057692307693 0.03365384615384615 0.021634615384615384
0 0.5588942307692307 0.7872596153846154 0.028846153846153848 0.028846153846153848
4 0.6370192307692307 0.15504807692307693 0.02403846153846154 0.019230769230769232
0 0.5997596153846154 0.7536057692307693 0.016826923076923076 0.014423076923076924
0 0.5757211538461539 0.9122596153846154 0.019230769230769232 0.014423076923076924
4 0.6622596153846154 0.7872596153846154 0.05048076923076923 0.036057692307692304
0 0.6189903846153846 0.35096153846153844 0.019230769230769232 0.01201923076923077