0 0.6346153846153846 0.5961538461538461 0.14423076923076922 0.16346153846153846
0 0.4675480769230769 0.35336538461538464 0.03365384615384615 0.038461538461538464
3 0.27884615384615385 0.3173076923076923 0.038461538461538464 0.06009615384615385
0 0.2283653846153846 0.3858173076923077 0.03365384615384615 0.038461538461538464
0 0.5144230769230769 0.34975961538461536 0.028846153846153848 0.038461538461538464
0 0.7403846153846154 0.3713942307692308 0.03365384615384615 0.04567307692307692
3 0.7019230769230769 0.3161057692307692 0.04326923076923077 0.0625
0 0.3401442307692308 0.3389423076923077 0.02403846153846154 0.028846153846153848
1 0.06490384615384616 0.49399038461538464 0.12980769230769232 0.28365384615384615
0 0.6935096153846154 0.3942307692307692 0.04567307692307692 0.057692307692307696
6 0.4326923076923077 0.1201923076923077 0.040865384615384616 0.0673076923076923
2 0.7007211538461539 0.24278846153846154 0.04567307692307692 0.06009615384615385
4 0.2776442307692308 0.2620192307692308 0.03365384615384615 0.04326923076923077