0 0.5384615384615384 0.40384615384615385 0.06009615384615385 0.04326923076923077
0 0.4963942307692308 0.24158653846153846 0.06490384615384616 0.057692307692307696
3 0.5985576923076923 0.4675480769230769 0.09134615384615384 0.055288461538461536
0 0.5216346153846154 0.9471153846153846 0.04807692307692308 0.028846153846153848
0 0.5324519230769231 0.8653846153846154 0.04807692307692308 0.028846153846153848
3 0.5817307692307693 0.5168269230769231 0.08653846153846154 0.03365384615384615
4 0.6983173076923077 0.46634615384615385 0.08653846153846154 0.052884615384615384
2 0.6838942307692307 0.5144230769230769 0.0673076923076923 0.02403846153846154
0 0.5721153846153846 0.8341346153846154 0.028846153846153848 0.019230769230769232
0 0.6935096153846154 0.24158653846153846 0.028846153846153848 0.02403846153846154
0 0.5612980769230769 0.10336538461538461 0.028846153846153848 0.014423076923076924