0 0.8245192307692307 0.6442307692307693 0.038461538461538464 0.052884615384615384
0 0.8918269230769231 0.3401442307692308 0.10576923076923077 0.12980769230769232
3 0.6730769230769231 0.6129807692307693 0.038461538461538464 0.052884615384615384
3 0.9098557692307693 0.5288461538461539 0.08173076923076923 0.14423076923076922
2 0.28125 0.6694711538461539 0.03365384615384615 0.052884615384615384
5 0.6742788461538461 0.6730769230769231 0.038461538461538464 0.04567307692307692
5 0.9158653846153846 0.6911057692307693 0.07451923076923077 0.15384615384615385
3 0.27403846153846156 0.6129807692307693 0.03365384615384615 0.04567307692307692
3 0.6370192307692307 0.6165865384615384 0.019230769230769232 0.05048076923076923
0 0.24639423076923078 0.5901442307692307 0.014423076923076924 0.02403846153846154
0 0.16346153846153846 0.5817307692307693 0.014423076923076924 0.019230769230769232
0 0.13221153846153846 0.5769230769230769 0.014423076923076924 0.02403846153846154
1 0.8100961538461539 0.5588942307692307 0.11778846153846154 0.14903846153846154