0 0.7872596153846154 0.4831730769230769 0.0673076923076923 0.09134615384615384
0 0.3581730769230769 0.5901442307692307 0.028846153846153848 0.038461538461538464
0 0.6706730769230769 0.5901442307692307 0.028846153846153848 0.038461538461538464
3 0.40625 0.5697115384615384 0.057692307692307696 0.019230769230769232
0 0.4567307692307692 0.6201923076923077 0.019230769230769232 0.02403846153846154
0 0.5877403846153846 0.6322115384615384 0.009615384615384616 0.019230769230769232
0 0.6490384615384616 0.6081730769230769 0.026442307692307692 0.028846153846153848
0 0.7259615384615384 0.6983173076923077 0.014423076923076924 0.019230769230769232
0 0.9182692307692307 0.546875 0.028846153846153848 0.038461538461538464
0 0.859375 0.5745192307692307 0.02403846153846154 0.03365384615384615
0 0.8822115384615384 0.5973557692307693 0.014423076923076924 0.02403846153846154
0 0.8173076923076923 0.7223557692307693 0.021634615384615384 0.028846153846153848
1 0.9242788461538461 0.5985576923076923 0.04567307692307692 0.04807692307692308