0 0.4411057692307692 0.8894230769230769 0.08653846153846154 0.057692307692307696
0 0.4266826923076923 0.8269230769230769 0.07932692307692307 0.052884615384615384
0 0.3954326923076923 0.11538461538461539 0.05048076923076923 0.03365384615384615
3 0.375 0.02403846153846154 0.10096153846153846 0.040865384615384616
0 0.3942307692307692 0.6262019230769231 0.07451923076923077 0.05048076923076923
6 0.16826923076923078 0.34134615384615385 0.04567307692307692 0.028846153846153848
1 0.2932692307692308 0.40024038461538464 0.05048076923076923 0.0673076923076923
4 0.27403846153846156 0.020432692307692308 0.08653846153846154 0.038461538461538464
4 0.2704326923076923 0.20432692307692307 0.04326923076923077 0.028846153846153848
3 0.28725961538461536 0.5192307692307693 0.04326923076923077 0.014423076923076924
2 0.23076923076923078 0.5432692307692307 0.03365384615384615 0.026442307692307692
2 0.23798076923076922 0.7091346153846154 0.10817307692307693 0.04807692307692308
3 0.3557692307692308 0.7043269230769231 0.1201923076923077 0.04807692307692308
3 0.32091346153846156 0.20673076923076922 0.04326923076923077 0.03365384615384615
0 0.31971153846153844 0.25721153846153844 0.014423076923076924 0.009615384615384616
3 0.2800480769230769 0.5432692307692307 0.038461538461538464 0.03125