0 0.14903846153846154 0.12139423076923077 0.25961538461538464 0.18028846153846154
0 0.5576923076923077 0.6802884615384616 0.04807692307692308 0.04326923076923077
0 0.5372596153846154 0.8197115384615384 0.0625 0.04326923076923077
0 0.5324519230769231 0.24639423076923078 0.06009615384615385 0.052884615384615384
3 0.6274038461538461 0.23798076923076922 0.0625 0.02403846153846154
3 0.6418269230769231 0.30288461538461536 0.03365384615384615 0.02403846153846154
3 0.6526442307692307 0.53125 0.03365384615384615 0.02403846153846154
4 0.6838942307692307 0.53125 0.03125 0.02403846153846154
2 0.6899038461538461 0.23197115384615385 0.057692307692307696 0.014423076923076924
2 0.6778846153846154 0.3004807692307692 0.03125 0.02403846153846154
1 0.6298076923076923 0.7115384615384616 0.06009615384615385 0.09134615384615384