0 0.3629807692307692 0.5961538461538461 0.13942307692307693 0.16826923076923078
0 0.7716346153846154 0.38461538461538464 0.03365384615384615 0.04326923076923077
0 0.48677884615384615 0.35096153846153844 0.028846153846153848 0.03365384615384615
0 0.5324519230769231 0.35216346153846156 0.03365384615384615 0.038461538461538464
0 0.31009615384615385 0.38822115384615385 0.04567307692307692 0.04807692307692308
0 0.2620192307692308 0.3701923076923077 0.03365384615384615 0.04807692307692308
0 0.6610576923076923 0.3389423076923077 0.021634615384615384 0.03125
3 0.21995192307692307 0.4206730769230769 0.08173076923076923 0.02403846153846154
3 0.29927884615384615 0.3137019230769231 0.04567307692307692 0.06009615384615385
0 0.5108173076923077 0.31850961538461536 0.014423076923076924 0.02403846153846154
0 0.6346153846153846 0.32572115384615385 0.019230769230769232 0.028846153846153848
0 0.8233173076923077 0.35216346153846156 0.021634615384615384 0.02403846153846154
1 0.9435096153846154 0.5108173076923077 0.10817307692307693 0.2956730769230769
2 0.29927884615384615 0.24639423076923078 0.04326923076923077 0.06490384615384616
4 0.7247596153846154 0.2548076923076923 0.036057692307692304 0.057692307692307696
3 0.7223557692307693 0.31850961538461536 0.038461538461538464 0.052884615384615384
6 0.5685096153846154 0.11899038461538461 0.04326923076923077 0.07211538461538461