0 0.6033653846153846 0.6490384615384616 0.07211538461538461 0.057692307692307696
0 0.6646634615384616 0.3605769230769231 0.038461538461538464 0.02403846153846154
0 0.65625 0.2824519230769231 0.038461538461538464 0.028846153846153848
1 0.6959134615384616 0.5228365384615384 0.07451923076923077 0.0889423076923077
3 0.7091346153846154 0.6442307692307693 0.04326923076923077 0.014423076923076924
3 0.7163461538461539 0.6021634615384616 0.02403846153846154 0.019230769230769232
3 0.71875 0.41225961538461536 0.02403846153846154 0.019230769230769232
4 0.7463942307692307 0.41225961538461536 0.02403846153846154 0.019230769230769232
2 0.7463942307692307 0.6033653846153846 0.02403846153846154 0.019230769230769232
0 0.6610576923076923 0.6262019230769231 0.03365384615384615 0.03125
0 0.7487980769230769 0.5444711538461539 0.028846153846153848 0.026442307692307692
0 0.6742788461538461 0.24639423076923078 0.028846153846153848 0.019230769230769232
0 0.5444711538461539 0.010817307692307692 0.05048076923076923 0.016826923076923076
2 0.7524038461538461 0.6490384615384616 0.03365384615384615 0.014423076923076924
3 0.5036057692307693 0.9038461538461539 0.052884615384615384 0.125