0 0.5745192307692307 0.7151442307692307 0.07692307692307693 0.057692307692307696
0 0.5985576923076923 0.9314903846153846 0.03365384615384615 0.028846153846153848
0 0.6598557692307693 0.6153846153846154 0.028846153846153848 0.02403846153846154
3 0.7067307692307693 0.6466346153846154 0.028846153846153848 0.019230769230769232
4 0.7427884615384616 0.6490384615384616 0.028846153846153848 0.021634615384615384
6 0.78125 0.53125 0.016826923076923076 0.014423076923076924
0 0.6394230769230769 0.84375 0.028846153846153848 0.021634615384615384
3 0.6875 0.7391826923076923 0.03365384615384615 0.021634615384615384
4 0.7403846153846154 0.7403846153846154 0.04807692307692308 0.021634615384615384
3 0.7127403846153846 0.3858173076923077 0.028846153846153848 0.021634615384615384
2 0.7463942307692307 0.38461538461538464 0.03365384615384615 0.02403846153846154