0 0.5889423076923077 0.5661057692307693 0.038461538461538464 0.05048076923076923
0 0.8269230769230769 0.5252403846153846 0.038461538461538464 0.052884615384615384
0 0.25841346153846156 0.5817307692307693 0.02403846153846154 0.028846153846153848
3 0.7572115384615384 0.5060096153846154 0.09615384615384616 0.026442307692307692
0 0.7019230769230769 0.5841346153846154 0.028846153846153848 0.028846153846153848
3 0.3870192307692308 0.6478365384615384 0.014423076923076924 0.019230769230769232
2 0.3870192307692308 0.6754807692307693 0.014423076923076924 0.019230769230769232
6 0.4855769230769231 0.7079326923076923 0.014423076923076924 0.019230769230769232
0 0.025240384615384616 0.5060096153846154 0.036057692307692304 0.052884615384615384
3 0.5997596153846154 0.6430288461538461 0.019230769230769232 0.028846153846153848
4 0.5997596153846154 0.6730769230769231 0.016826923076923076 0.02403846153846154