0 0.38221153846153844 0.7319711538461539 0.04807692307692308 0.036057692307692304
3 0.33413461538461536 0.16706730769230768 0.08653846153846154 0.052884615384615384
3 0.3473557692307692 0.2127403846153846 0.09615384615384616 0.028846153846153848
4 0.25240384615384615 0.7884615384615384 0.07211538461538461 0.040865384615384616
3 0.33413461538461536 0.7872596153846154 0.07692307692307693 0.04326923076923077
0 0.34615384615384615 0.3858173076923077 0.028846153846153848 0.028846153846153848
4 0.2536057692307692 0.21153846153846154 0.07451923076923077 0.026442307692307692
0 0.4483173076923077 0.171875 0.07451923076923077 0.057692307692307696
0 0.3233173076923077 0.6081730769230769 0.019230769230769232 0.014423076923076924
0 0.32091346153846156 0.5552884615384616 0.016826923076923076 0.014423076923076924
0 0.38221153846153844 0.9362980769230769 0.03125 0.019230769230769232
2 0.24519230769230768 0.1622596153846154 0.07692307692307693 0.04807692307692308
1 0.3161057692307692 0.4519230769230769 0.07451923076923077 0.09134615384615384
0 0.2644230769230769 0.44350961538461536 0.02403846153846154 0.02403846153846154