0 0.609375 0.07932692307692307 0.03365384615384615 0.026442307692307692
0 0.6310096153846154 0.15985576923076922 0.038461538461538464 0.02403846153846154
0 0.6622596153846154 0.6009615384615384 0.038461538461538464 0.021634615384615384
0 0.6598557692307693 0.5612980769230769 0.03365384615384615 0.028846153846153848
0 0.6610576923076923 0.3317307692307692 0.03125 0.026442307692307692
3 0.4807692307692308 0.8401442307692307 0.0625 0.15144230769230768
0 0.6838942307692307 0.46153846153846156 0.02403846153846154 0.019230769230769232
0 0.6754807692307693 0.3088942307692308 0.02403846153846154 0.016826923076923076
0 0.6754807692307693 0.2692307692307692 0.016826923076923076 0.014423076923076924
0 0.6189903846153846 0.9543269230769231 0.019230769230769232 0.021634615384615384
0 0.6911057692307693 0.6550480769230769 0.016826923076923076 0.014423076923076924