3 0.6670673076923077 0.9326923076923077 0.14903846153846154 0.125
3 0.3088942307692308 0.2956730769230769 0.04326923076923077 0.014423076923076924
3 0.2932692307692308 0.36538461538461536 0.02403846153846154 0.016826923076923076
3 0.2932692307692308 0.38221153846153844 0.028846153846153848 0.009615384615384616
1 0.30288461538461536 0.46634615384615385 0.052884615384615384 0.07692307692307693
3 0.41466346153846156 0.13581730769230768 0.019230769230769232 0.07211538461538461
0 0.3737980769230769 0.140625 0.03365384615384615 0.028846153846153848
0 0.38100961538461536 0.35096153846153844 0.05048076923076923 0.04807692307692308
4 0.2608173076923077 0.2956730769230769 0.03365384615384615 0.014423076923076924
3 0.2932692307692308 0.5985576923076923 0.028846153846153848 0.021634615384615384
3 0.30649038461538464 0.6213942307692307 0.04326923076923077 0.009615384615384616
0 0.3317307692307692 0.4014423076923077 0.028846153846153848 0.021634615384615384
6 0.22596153846153846 0.47115384615384615 0.028846153846153848 0.014423076923076924
2 0.26322115384615385 0.6009615384615384 0.028846153846153848 0.019230769230769232