0 0.515625 0.13942307692307693 0.09134615384615384 0.057692307692307696
0 0.5588942307692307 0.06971153846153846 0.09134615384615384 0.0673076923076923
0 0.33653846153846156 0.3954326923076923 0.03125 0.028846153846153848
1 0.3798076923076923 0.40625 0.07692307692307693 0.11057692307692307
0 0.45913461538461536 0.8701923076923077 0.04326923076923077 0.03125
0 0.4110576923076923 0.18870192307692307 0.028846153846153848 0.021634615384615384
0 0.4098557692307692 0.6514423076923077 0.03365384615384615 0.03125
0 0.3894230769230769 0.6189903846153846 0.02403846153846154 0.02403846153846154
0 0.46153846153846156 0.9098557692307693 0.03365384615384615 0.026442307692307692
0 0.48197115384615385 0.9387019230769231 0.052884615384615384 0.036057692307692304
0 0.3942307692307692 0.7259615384615384 0.019230769230769232 0.01201923076923077
0 0.39903846153846156 0.7379807692307693 0.02403846153846154 0.019230769230769232