0 0.13221153846153846 0.6141826923076923 0.02403846153846154 0.038461538461538464
0 0.03485576923076923 0.5865384615384616 0.03125 0.038461538461538464
0 0.0673076923076923 0.23197115384615385 0.12980769230769232 0.23076923076923078
3 0.14423076923076922 0.6862980769230769 0.02403846153846154 0.03365384615384615
3 0.3954326923076923 0.7079326923076923 0.021634615384615384 0.03365384615384615
4 0.39783653846153844 0.7451923076923077 0.019230769230769232 0.028846153846153848
2 0.14302884615384615 0.7247596153846154 0.02403846153846154 0.02403846153846154
1 0.23798076923076922 0.7007211538461539 0.03365384615384615 0.028846153846153848
1 0.7115384615384616 0.3918269230769231 0.5721153846153846 0.6730769230769231
3 0.49278846153846156 0.7091346153846154 0.019230769230769232 0.04807692307692308
2 0.08413461538461539 0.7067307692307693 0.01201923076923077 0.052884615384615384
0 0.9555288461538461 0.7487980769230769 0.08413461538461539 0.21875
0 0.36538461538461536 0.6983173076923077 0.014423076923076924 0.019230769230769232
4 0.49038461538461536 0.7668269230769231 0.014423076923076924 0.03365384615384615
3 0.09014423076923077 0.6358173076923077 0.014423076923076924 0.0673076923076923