0 0.5961538461538461 0.6370192307692307 0.16826923076923078 0.13942307692307693
0 0.38461538461538464 0.2283653846153846 0.04326923076923077 0.03365384615384615
0 0.35096153846153844 0.5132211538461539 0.03365384615384615 0.028846153846153848
0 0.35216346153846156 0.4675480769230769 0.038461538461538464 0.03365384615384615
0 0.38822115384615385 0.6899038461538461 0.04807692307692308 0.04567307692307692
0 0.3701923076923077 0.7379807692307693 0.04807692307692308 0.03365384615384615
0 0.3389423076923077 0.3389423076923077 0.03125 0.021634615384615384
3 0.4206730769230769 0.7800480769230769 0.02403846153846154 0.08173076923076923
3 0.3137019230769231 0.7007211538461539 0.06009615384615385 0.04567307692307692
0 0.31850961538461536 0.4891826923076923 0.02403846153846154 0.014423076923076924
0 0.32572115384615385 0.36538461538461536 0.028846153846153848 0.019230769230769232
0 0.35216346153846156 0.17668269230769232 0.02403846153846154 0.021634615384615384
1 0.5108173076923077 0.056490384615384616 0.2956730769230769 0.10817307692307693
2 0.24639423076923078 0.7007211538461539 0.06490384615384616 0.04326923076923077
4 0.2548076923076923 0.27524038461538464 0.057692307692307696 0.036057692307692304
3 0.31850961538461536 0.2776442307692308 0.052884615384615384 0.038461538461538464
6 0.11899038461538461 0.43149038461538464 0.07211538461538461 0.04326923076923077