0 0.59375 0.20552884615384615 0.17307692307692307 0.22596153846153846
0 0.6502403846153846 0.3473557692307692 0.13942307692307693 0.15384615384615385
0 0.6971153846153846 0.4831730769230769 0.07451923076923077 0.08653846153846154
0 0.41346153846153844 0.4182692307692308 0.10576923076923077 0.14903846153846154
0 0.4495192307692308 0.5480769230769231 0.055288461538461536 0.07211538461538461
0 0.2439903846153846 0.5360576923076923 0.052884615384615384 0.07451923076923077
3 0.21875 0.640625 0.028846153846153848 0.038461538461538464
2 0.21634615384615385 0.6875 0.028846153846153848 0.038461538461538464
0 0.484375 0.6201923076923077 0.02403846153846154 0.028846153846153848
3 0.5721153846153846 0.65625 0.014423076923076924 0.028846153846153848
0 0.9362980769230769 0.4963942307692308 0.038461538461538464 0.05048076923076923
0 0.22235576923076922 0.5829326923076923 0.03365384615384615 0.038461538461538464
0 0.5132211538461539 0.640625 0.014423076923076924 0.019230769230769232
0 0.16105769230769232 0.6189903846153846 0.01201923076923077 0.016826923076923076
1 0.5492788461538461 0.6586538461538461 0.028846153846153848 0.02403846153846154
4 0.5697115384615384 0.6911057692307693 0.014423076923076924 0.02403846153846154
3 0.49399038461538464 0.39783653846153844 0.14903846153846154 0.10817307692307693