0 0.44471153846153844 0.7620192307692307 0.07211538461538461 0.057692307692307696
0 0.4026442307692308 0.6658653846153846 0.052884615384615384 0.04807692307692308
0 0.3473557692307692 0.3293269230769231 0.02403846153846154 0.021634615384615384
0 0.40625 0.07932692307692307 0.04326923076923077 0.028846153846153848
0 0.3629807692307692 0.16105769230769232 0.03125 0.02403846153846154
0 0.3401442307692308 0.4182692307692308 0.028846153846153848 0.02403846153846154
3 0.6706730769230769 0.8810096153846154 0.15384615384615385 0.22355769230769232
0 0.1778846153846154 0.6490384615384616 0.038461538461538464 0.040865384615384616
0 0.328125 0.4651442307692308 0.019230769230769232 0.019230769230769232
6 0.23918269230769232 0.3894230769230769 0.02403846153846154 0.014423076923076924
3 0.3076923076923077 0.5252403846153846 0.028846153846153848 0.016826923076923076
4 0.2824519230769231 0.21394230769230768 0.04326923076923077 0.014423076923076924
2 0.27403846153846156 0.5252403846153846 0.028846153846153848 0.019230769230769232