0 0.9555288461538461 0.53125 0.052884615384615384 0.0673076923076923
0 0.9158653846153846 0.4735576923076923 0.038461538461538464 0.04326923076923077
2 0.47716346153846156 0.3137019230769231 0.038461538461538464 0.04807692307692308
3 0.10576923076923077 0.40024038461538464 0.03125 0.05048076923076923
3 0.6862980769230769 0.4375 0.09615384615384616 0.23076923076923078
2 0.6838942307692307 0.20673076923076922 0.09615384615384616 0.20673076923076922
1 0.8509615384615384 0.4230769230769231 0.10576923076923077 0.10817307692307693
0 0.17067307692307693 0.4254807692307692 0.028846153846153848 0.03365384615384615
6 0.21033653846153846 0.22115384615384615 0.03365384615384615 0.052884615384615384
3 0.4807692307692308 0.375 0.040865384615384616 0.052884615384615384
4 0.10336538461538461 0.3449519230769231 0.03125 0.052884615384615384