0 0.22596153846153846 0.6550480769230769 0.0673076923076923 0.08653846153846154
3 0.3233173076923077 0.6177884615384616 0.04326923076923077 0.052884615384615384
1 0.18990384615384615 0.5324519230769231 0.25721153846153844 0.19230769230769232
3 0.7752403846153846 0.6057692307692307 0.038461538461538464 0.057692307692307696
5 0.3245192307692308 0.6814903846153846 0.038461538461538464 0.052884615384615384
2 0.7740384615384616 0.6706730769230769 0.036057692307692304 0.057692307692307696
3 0.36538461538461536 0.6225961538461539 0.019230769230769232 0.052884615384615384
2 0.36538461538461536 0.6862980769230769 0.019230769230769232 0.057692307692307696
0 0.8846153846153846 0.5673076923076923 0.019230769230769232 0.028846153846153848
0 0.9206730769230769 0.5576923076923077 0.019230769230769232 0.03125
3 0.7463942307692307 0.6105769230769231 0.01201923076923077 0.05048076923076923