3 0.59375 0.9591346153846154 0.08653846153846154 0.05048076923076923
0 0.6153846153846154 0.8149038461538461 0.03365384615384615 0.026442307692307692
0 0.6033653846153846 0.875 0.028846153846153848 0.021634615384615384
3 0.6526442307692307 0.31850961538461536 0.10817307692307693 0.0673076923076923
2 0.6862980769230769 0.9711538461538461 0.0673076923076923 0.04326923076923077
2 0.7716346153846154 0.3161057692307692 0.11057692307692307 0.06971153846153846
3 0.5673076923076923 0.14903846153846154 0.028846153846153848 0.0673076923076923
0 0.6237980769230769 0.2283653846153846 0.03125 0.026442307692307692
0 0.6610576923076923 0.44711538461538464 0.02403846153846154 0.019230769230769232
0 0.6730769230769231 0.4831730769230769 0.016826923076923076 0.016826923076923076
0 0.6658653846153846 0.6911057692307693 0.019230769230769232 0.01201923076923077
3 0.5805288461538461 0.8509615384615384 0.014423076923076924 0.052884615384615384